% Model:              
% Version:            COMSOL 5.4.0.295
% Date:               Aug 30 2019, 15:59
% Dimension:          2
% Nodes:              90
% Expressions:        1
% Description:        Magnetic flux density norm
% Length unit:        m
% x                       y                        mfnc.normB (T)
0.006689737308374858      0.12638547171163608      2.0552870103051905E-4
0                         0.13000000000000003      2.0582194740175405E-4
0                         0.12                     1.346092634908351E-4
0.007776040570725319      0.13444962380190079      2.4072840977222196E-4
0                         0.14000000000000004      2.0178118257539214E-4
0.007342734957217457      0.1437969640109098       2.0411450805218653E-4
0                         0.15000000000000005      1.2385039120639527E-4
0.006923839772814182      0.16310827616875695      9.953561777641595E-5
1.3877787807814457E-17    0.16999999999999998      1.2504727552313982E-4
0                         0.1600000000000001       2.8811224649435693E-6
0.009030793213796651      0.1539546380337916       1.4369819082092717E-4
0.010037036066185336      0.11957950454407353      1.8697196690481486E-4
0.010365371062646022      0.1696837030558139       1.8507678382459754E-4
0.015801754357624858      0.12764165418663911      3.214990696337867E-4
0.020539504292507154      0.11822913669404035      4.1034232095776726E-4
0.015233891771565353      0.16182684400212616      2.1701887619328438E-4
0.021243920774420052      0.1686674118795037       3.3737097148106386E-4
0.027371711889667395      0.12498329476339329      6.812174669903973E-4
0.03088275827132388       0.11595798912345359      0.001012266921904579
0.025195031239015352      0.15962992296888723      4.187110007988018E-4
0.03203483900082796       0.16695439224587957      5.845548069550918E-4
0.03848154198463107       0.12201135998683947      0.0015868302845380546
0.0409854987965479        0.11278381483350423      0.0024350646478382
0.03541058079918057       0.15734248088342426      7.490194036821156E-4
0.042693447662129076      0.1645517229527574       9.906719250472502E-4
0.048881682292558286      0.11817458894148898      0.0035644693338700473
0.05076907614750668       0.10873132440621086      0.0056570247070704465
0.04553209260425689       0.15468012253868849      0.0013064751409691995
0.05317568611815405       0.16146933580672068      0.0016820395728160428
0.05878508786710853       0.113362412824991        0.007911173120341805
0.06015727264655191       0.10383208823734799      0.012840151564003569
0.05526129823005343       0.15146849144743593      0.002250589885186354
0.06343827385783603       0.1577199588192255       0.0028861893816367157
0.06856130248147688       0.10804420144127154      0.017395123963746748
0.06907700152274522       0.0981242470576292       0.028474999654508105
0.06460144133909843       0.14745166672003682      0.003885094381655142
0.07343881966086198       0.15331907828714392      0.005002245518718012
0.07903641749970665       0.10145244717460364      0.041166448949239424
0.07745822228862838       0.09165273481945552      0.06160428901827095
0.07426520672244359       0.1429410721941366       0.00693226202850316
0.08313599550216531       0.14828488207455245      0.00876958882516113
0.10329028327509512       0.11211959360257553      0.08065141748560996
0.10486007328420893       0.10486007328420893      0.11798894045082826
0.11093851669277878       0.11093851669277878      0.11936905002666397
0.09610355482640681       0.10660182644595968      0.07407520383784068
0.09819663935860246       0.09819663935860246      0.11667583232498258
0.08921006695846884       0.10039711916600527      0.0709115837148704
0.0915247265504941        0.0915247265504941       0.11900995139952654
0.08471355871601233       0.09390441501961264      0.07772234642195439
0.08485281374238571       0.08485281374238571      0.12436373476459214
0.1095160013028231        0.11667187718910513      0.08671885891651847
0.11597536419371822       0.11597536419371822      0.1182136913517972
0.08366949616131315       0.13794480478683005      0.012440568015756201
0.09248977519311391       0.14263814877068204      0.015534838093431374
0.09273955226952907       0.13265625548871415      0.02226353720186539
0.10145900005882634       0.1364040736454123       0.027854208815630374
0.12020815280171307       0.12020815280171307      0.11466841990374352
0.1139405185007509        0.1202552176257982       0.08908834378724118
0.11549807998703401       0.12474050472604588      0.0774757729662963
0.1089300456578157        0.12369390736365989      0.06245233194766944
0.10932712570182122       0.13018286978622862      0.04843746387940773
0.10143273072151181       0.12738549965762144      0.039405406546027776
0.014819157761721236      0.14633939426771145      2.671017221853672E-4
0.015339191913424395      0.13836213341386944      3.130441431140869E-4
0.019211226452152255      0.15275743059700045      3.0790923600064056E-4
0.022236887649383537      0.1442865850808458       4.185636802590393E-4
0.02474550448760526       0.1345923395202356       5.352740203328623E-4
0.028768074412277033      0.1504970550566642       5.609796788203368E-4
0.03197473148797615       0.14109933559251842      7.640728447055118E-4
0.0357687493440454        0.1311719279358715       0.0011041705221092062
0.03858293325527457       0.14786498481389934      0.0010074186101647412
0.04174623977927113       0.1381831211475942       0.0014231401610601752
0.04706387712455977       0.12901199021010365      0.00236622505910563
0.04807370976178538       0.14538575401541656      0.0017565099866275753
0.05016938498066582       0.13790813037604624      0.0023030862376372113
0.057207302491507184      0.1231471317778375       0.005140814338476675
0.05715334807436619       0.132847500697879        0.003872629385802731
0.0568236872583229        0.14211943503902286      0.002999567335404326
0.06713452810859916       0.1182433528886603       0.010764206364356882
0.0771775072441498        0.1132506604643971       0.022478935908675255
0.06638855868862491       0.12802799284628846      0.007388336131969706
0.06568294116396817       0.13765506697732258      0.005321600046994499
0.0866675486127186        0.10907973669513911      0.04293768324157468
0.07608102124178984       0.12327217629463802      0.014413427022821253
0.0853357358639975        0.11872424620184323      0.027029792095138328
0.09440772004961988       0.11496536770282491      0.048013992059361826
0.07507221105151891       0.13300272844139327      0.009788862058824585
0.08434875530174343       0.12817968354985182      0.017994216777818237
0.09333186273396338       0.12359785250420847      0.032221683941591577
0.10173321021688193       0.11968124117296668      0.05461551245441212
