% Model:              
% Version:            COMSOL 5.3.1.275
% Date:               Feb 17 2019, 16:28
% Dimension:          2
% Nodes:              245
% Expressions:        1
% Description:        Magnetic flux density norm
% Length unit:        m
% x                       y                        mfnc.normB (T)
0.14159                   0                        1.4355174300116536
0.14146580151369847       0.005929173811489362     1.3136919633803135
0.13755033505285413       0.004225074101427109     1.3455401170513865
0.13539165286655042       0                        1.3550206390166728
0.14109342394113839       0.011847945837408601     1.2841510532953533
0.13674113009524785       0.008861587980495364     1.32649622742464
0.10277716688439459       0.09738881900514697      0.7015267692807363
0.10130523956979741       0.09891904030926464      0.6487231726200381
0.101067565739965         0.09724838373121933      0.6605936207246168
0.10011924914820326       0.10011924914820323      0.6037580670108085
0.10013298316446474       0.09849561387256767      0.6199745149377003
0.10462458651445657       0.09540138362035934      0.7673409987012677
0.10212043288656528       0.09522719605849633      0.713797637981922
0.14047352055911508       0.017745932540383688     1.289676458488734
0.13624432297294214       0.014176578669236925     1.3203142165440773
0.13960717888880808       0.02361278684756053      1.3330392441547891
0.1353687490642026        0.019435556483174292     1.3349945983028657
0.12845120077469183       0                        1.3620873408834644
0.13157144532030038       0.005602604008118995     1.3528339254568507
0.09896590240280394       0.09896590240280391      0.5792753166289027
0.13849591878789955       0.029438216302886542     1.479637715540514
0.13419562596424398       0.024799048356233488     1.3665402103201254
0.10669674343580207       0.09307810182956353      0.8458696730430798
0.10361457693336333       0.09243604506330572      0.79076993077371
0.13714168978420982       0.035212001123644636     1.344502003224492
0.1329602780162845        0.029849088889584964     1.3814170974990223
0.1212382511506985        0                        1.3770319472431718
0.12449184398417464       0.005530623776420297     1.3693124774780878
0.09753649782409661       0.09753649782409658      0.5648087267835836
0.09914628609106578       0.09725034160337888      0.6110916318885867
0.09609245918417074       0.09609245918417071      0.5659484455812178
0.09800859628902608       0.0956924191513319       0.6130702346725703
0.10907541091504006       0.09027891688381698      0.9513695224943977
0.10532944117816581       0.08968679346626195      0.8781251503151446
0.13554686765556936       0.04092401212935433      1.3178370379474995
0.1313525757545717        0.03574063141561365      1.3598965412323143
0.1337142502619203        0.046564228511729186     1.3317474908432716
0.1295366504770844        0.04138594413990896      1.3524493347285234
0.11454195850304483       0                        1.3909386892811026
0.11796797837020578       0.00529913213142402      1.3848873094356866
0.09480418876102457       0.09480418876102455      0.5754339189121608
0.09667539628717352       0.09426966190703069      0.6166092964286328
0.1118152812219276        0.08686236806155599      1.1137676349430448
0.10751410101914856       0.08624984222743098      1.0072781599463756
0.11454871623354881       0.08322451387209127      1.5745174883345718
0.10982826008408847       0.08239280501915891      1.158537293226181
0.13164705263690715       0.052122755414649606     1.3970872541273576
0.12783711592866953       0.04711219035489714      1.3683588320256923
0.12934890134761584       0.05758984129310253      1.6022034348459133
0.1259778813724805        0.052439759613608014     1.4046552818020899
0.126736951229983         0.06313060504168232      1.3483268652843678
0.12358786010721298       0.057525873669298705     1.3886930097979482
0.12388779379636246       0.06855321034255028      1.2812019680777438
0.12086447161382376       0.06223484735758796      1.3265371754229391
0.10896450018907916       0                        1.3970795866502217
0.11194816001910524       0.004700910949485201     1.398238516064571
0.09339748213669495       0.09339748213669492      0.5898778417102238
0.09537599060231504       0.09263566784597915      0.6307088523871477
0.12080675291107289       0.07384752230835476      1.2694846359086993
0.11794529334758587       0.06765089794510769      1.2717937701290791
0.11755082798332614       0.07892737763561168      1.3327406565220403
0.1147687084241853        0.07269757108126043      1.2436755375829753
0.11221884518740166       0.07798467545133801      1.2444642186599697
0.10427844977741867       0.004370561979695916     1.4242996877741145
0.10437                   0                        1.35513271071834
0.10717333823899511       0.003304991070658763     1.4042266612059908
0.10400395971987159       0.008733456508583494     1.4431647627103352
0.10747056540030196       0.0069549373745731195    1.4170172444219402
0.09170550361920965       0.09170550361920961      0.6087058082085063
0.09400496043878519       0.09080812740988183      0.650085552969216
0.08445914940190986       0.08445914940190984      0.6783066751655514
0.08247883101652778       0.08247883101652775      0.6958491998015196
0.08531443186829823       0.0817925097334391       0.7281752767568749
0.0869605623520665        0.08696056235206648      0.6562302242144734
0.08753131693958613       0.08371587029298175      0.714337474721944
0.08955168492585575       0.08955168492585572      0.6315682875775764
0.0921748272180344        0.08859674658427884      0.6722121978866099
0.09004758038280848       0.08611690360080011      0.6958216352222735
0.08077079463039405       0.08077079463039402      0.711749488110105
0.08325889972011631       0.080170617135725        0.7393785263381584
0.10354701137619071       0.013081029587116655     1.443854188832958
0.10706586211581376       0.011271629480218509     1.4241111857417381
0.10290840638904511       0.017405654094779965     1.4263172482897521
0.10670377537386383       0.015673662334253678     1.419182441369262
0.07927897615674998       0.07927897615674993      0.7266006275842063
0.08133039343451867       0.07875669388722378      0.749242628319807
0.07797606378662286       0.07797606378662283      0.7405346875860331
0.07994196886189252       0.07761885329991738      0.759238380751765
0.10109102452700033       0.025955763523375867     1.4489983033205924
0.10208926508858729       0.02169974317064954      1.3720718818856683
0.10520097754510067       0.024999032282569986     1.416705722533137
0.10618677327684525       0.020393271998526287     1.4069055112581734
0.07683839336554119       0.07683839336554116      0.7535408314601012
0.07847296053642672       0.07647208890510607      0.7697731450619806
0.09991543595742482       0.030166248647084618     1.469104532070986
0.1040243054184708        0.029444218621481628     1.434805523564009
0.07570466853369424       0.07570466853369422      0.767372898073127
0.07719821882639848       0.0753037910251442       0.7828690873311404
0.07465094859678169       0.07465094859678166      0.7810544224971782
0.07584049365126239       0.07447683445925767      0.7903061973178941
0.09856456176168248       0.03432381192011566      1.4766601360399092
0.10265685826689504       0.03377596140913125      1.4424383511030268
0.09704077183214918       0.03842115956371903      1.4838879903196112
0.10112312441601527       0.03803019470201558      1.4414843920056375
0.07380073475243998       0.07380073475243995      0.7926914030360983
0.07498032886807207       0.07381095981803157      0.7980994997135428
0.07464158293135673       0.07295019532188646      0.8123805932944443
0.09534673941415828       0.04245110343782126      1.4939837377859098
0.09941956072745904       0.042199369532707635     1.4277397770973526
0.09342139699041832       0.046535357357160696     1.3680149707168832
0.09748562153361263       0.04627576518088373      1.3761863753695567
0.07567616945203251       0.07187638191413959      0.8372855067389301
0.07591271006224298       0.07313655605220115      0.815186170551191
0.0913212023343905        0.050532513337467166     1.3029045940811923
0.09537312211371904       0.05030500326562553      1.3122387921142675
0.08905007981728          0.05443510066616987      1.2413224187436491
0.09295552293281927       0.054280893581360644     1.2487770547867136
0.08665004531831165       0.058179605931413185     1.1825781997494333
0.09042465435867189       0.05781287472824828      1.1886923711766195
0.07696562301473248       0.07049389884205635      0.869429068471201
0.0773847944913106        0.07222250049454194      0.8397651459862606
0.07856405724361902       0.06870797486042901      0.9111131586826664
0.07921702418583172       0.07100704101250623      0.8725112105367553
0.08047161850161587       0.06646364055429398      0.9639767097407979
0.081794039991895         0.06909256075098351      0.9240515492105617
0.08249374393235455       0.06393652408461938      1.0258241337436877
0.08363998146237694       0.06666118113285258      0.9827941831767708
0.08443710370291327       0.06134714678176541      1.1231836136743671
0.08577185849604815       0.06470503210060835      1.038266852754593
0.08827792762477439       0.06034151682964792      1.1417835065792556
0.09998888345216836       0.09530183498495692      0.6641432332776772
0.13259189369084248       0.011303920520696318     1.3412249660743993
0.09861205489548153       0.09370371940435751      0.6640766681357237
0.10099174881696357       0.09284786450948893      0.7280470555669853
0.13119722048710658       0.015864528653263297     1.347835047049396
0.13088260217997083       0.020820328328326806     1.3578795007348796
0.12728781229102815       0.011013824555476861     1.3603371056494036
0.0990031980539597        0.09151846847577068      0.7129209381847438
0.0972104975938203        0.0926086333357695       0.6598676447296687
0.12785902884829847       0.025638313285867777     1.3722589344901148
0.10154419662941434       0.08967940006986172      0.7962645257821926
0.09877661193253683       0.08923103047139085      0.7519320205393064
0.12818434947867302       0.03161344612628323      1.3719412577101848
0.12479552487104964       0.0184630513768335       1.3702123734616218
0.1207892742178005        0.011504896699212291     1.3786541810363582
0.11479838234641108       0.010058361363426327     1.394670871186009
0.09650655283763517       0.09047403318536021      0.6908197947669786
0.09717222542276505       0.0879589220890579       0.7488858083911601
0.09486940621882184       0.08803933108776821      0.7142739420581564
0.12073844430183933       0.02326330170395771      1.381182914456421
0.12339551745783964       0.02973627645542982      1.3768768101637707
0.10350652544413354       0.08611207642807478      0.903611794266418
0.09965688671890982       0.08652432853690371      0.8174676651736402
0.09310079951317429       0.08535406216116202      0.7412192915187878
0.09630004782749592       0.08539201189372508      0.7827148391118781
0.1253323550884357        0.03551262722614874      1.369214104458543
0.12059469320416283       0.033331867827978735     1.378228716802575
0.12376742111829137       0.04215675557396372      1.3662748694562172
0.11694709681765664       0.016837663023278316     1.3891441038414183
0.11498544333638973       0.023586108931486462     1.3933299009086084
0.11035362253060735       0.009348074258796836     1.4086655831324086
0.11074178572354704       0.013657689865716062     1.4073713459765023
0.11733377677263056       0.02922349728693272      1.3869951376936627
0.11250204799998302       0.027629183467804658     1.3987650206812516
0.09096629134813386       0.08252249528845593      0.7668154781813384
0.10552969655452739       0.08216609075941218      1.0202472686726252
0.10763162130529903       0.07788362557299802      1.1215510475905373
0.10146483056463529       0.08236600350857813      0.923605995989431
0.0981584100375122        0.08286416765202523      0.8554748722314525
0.09479087073155226       0.0815419851612671       0.8286621136502001
0.12237943970533328       0.04800369887552335      1.370788691150236
0.12137621606334305       0.05290404197889134      1.3733655444241113
0.11751665124518448       0.056578215960828036     1.3327219662590213
0.11580589008490447       0.06230628082118993      1.2864690655037578
0.1199231294850736        0.03790013096048596      1.3740541352490723
0.11687551236339791       0.03436292090465122      1.3834514111634417
0.11868181071187962       0.04333518290590281      1.367974670285694
0.10967057979597616       0.02404592020600778      1.4043551256087297
0.11087257572071312       0.019032386059878097     1.4029992110602556
0.1122447787448014        0.03265482171722045      1.3967775628946588
0.10827566137054329       0.02863557232865789      1.4123450715724768
0.08822849174088758       0.08050169132190342      0.7744794252705627
0.08593551653220088       0.07910310360435686      0.778232154917113
0.11154806843544149       0.06628177020982194      1.229618629422305
0.10944013638586665       0.07291939079378738      1.1758456246530251
0.09151310491587136       0.07851766826109739      0.840611369809649
0.1032184033371974        0.07799787428780276      1.0210066692360613
0.10524260517737191       0.07418965333610032      1.0984661066496615
0.09857941434496778       0.07849650915965212      0.9327091917075921
0.09489609633952874       0.07760746404357877      0.8947539837128037
0.11666182137172502       0.049725939621466646     1.3522187571823434
0.11289137619393583       0.05331695994338399      1.3219246914545977
0.11114474262315681       0.05878667429463461      1.2764667060439672
0.11428698442427408       0.03870143132427053      1.3808733993672926
0.11378561853237157       0.04434536864043407      1.364850960648257
0.10952910228060693       0.03673334795169082      1.3979324642624336
0.08366234098591084       0.07784963350960697      0.7815646505891888
0.10700663808371974       0.033134102789255174     1.4163643440113525
0.08811028884123497       0.07735850075108953      0.8266792179391232
0.08566814042286973       0.07694491189220642      0.8127752493678457
0.10694432689009567       0.0626657564397192       1.2155947542290673
0.10523096978550052       0.06847904911120563      1.147759427588716
0.09022401815902859       0.07487861502506211      0.8885942218465924
0.09317304133178353       0.0753409078971313       0.9113527818503033
0.100862252076383         0.07288536339007584      1.0442980770570125
0.09642287135584704       0.07414061811412964      0.9682391403758696
0.11031024244055745       0.04810423838514047      1.3449051515960484
0.10863187511880212       0.05351503629414193      1.3031150009562997
0.10460125211931971       0.056872916011111795     1.2555819584749357
0.10898466095912145       0.041871664511803124     1.3802603577143149
0.10530912242100089       0.03756069470734902      1.4141010726995715
0.10591455715570827       0.045747670121754784     1.3617092019730226
0.0816980262942941        0.07669922662765097      0.7870271146974067
0.07999654245190675       0.07612848028598808      0.7854598326746587
0.08408306951146537       0.07542324791047872      0.8266033352867971
0.08683159170882664       0.07435839318340065      0.8670678284990324
0.08908435475390347       0.07208208809811405      0.9258756449515799
0.10219660148705995       0.06290837257182198      1.1755258981973697
0.1003120149490695        0.0674824815413769       1.1039962017394236
0.09262636815727274       0.07161727222626507      0.9662582689950346
0.09662735482322583       0.06942443230662239      1.0401532928167567
0.10474350006907443       0.05072716913467615      1.3174668395790763
0.10102834022159483       0.0539513086235715       1.2739909909297948
0.09945254501503026       0.05830740074286899      1.2139763978612332
0.10375453431137709       0.04192138575920216      1.3985166434407823
0.1017778132758429        0.046129865168399085     1.367435147231044
0.07899278240303596       0.07474574245806379      0.8035096542813486
0.08139154840449991       0.07434799746992485      0.826131211995589
0.08428811345211812       0.07298575990851258      0.8710600182166467
0.08636315682116615       0.07083562869834117      0.9254445581832537
0.0895632282872161        0.06902493549643929      0.9832701369064321
0.09662177570239802       0.06373923479049967      1.1228322422347046
0.09291743864033274       0.06668322674160998      1.0497725407191203
0.09958156239530178       0.05006389260589478      1.3199532524565558
0.09717892188699989       0.05413835673453596      1.2607741732096358
0.0946820111224676        0.05840867160111696      1.1914047409597066
0.07745381448163799       0.07381115873356187      0.8111920967111007
0.07939388745557752       0.07298152791216247      0.8376451360619868
0.08164437801078314       0.07186669784419303      0.8723092748004438
0.08375271662104847       0.07078011786118635      0.9067971629632663
0.08445150484449326       0.06899110395839506      0.9446945392687993
0.08656990549698519       0.06762737255810103      0.9860097597575845
0.08931348622965615       0.0654857391515416       1.0456932276945348
0.09146867225530934       0.0622020906456663       1.1168412489716935
0.08799395916027056       0.06301696325902434      1.0858352249102274
