% Model:              
% Version:            COMSOL 5.4.0.295
% Date:               Jun 28 2019, 21:43
% Dimension:          2
% Nodes:              299
% Expressions:        4
% Description:        Magnetic flux density, x component, Magnetic flux density, y component, Magnetic field, x component, Magnetic field, y component
% Length unit:        m
% x                       y                        mfnc.Bx (T)              mfnc.By (T)              mfnc.Hx (A/m)            mfnc.Hy (A/m)
0.006782444136629691      0.1329164793154694       0.002201305699858602     0.001516301910208515     1751.743416944303        1206.634721146842
0                         0.13603851317746612      0.00252761842359983      7.963088155117722E-6     2011.4148318302857       6.336824210817535
3.879400209700218E-18     0.1267108267952721       3.5787858047783925E-4    2.0451373057178913E-5    284.79072554879394       16.274685575332157
0.010314760017785599      0.1262902979366069       6.69034347804114E-4      0.003308099768785644     532.4006177564354        2632.502152216957
0.11244147722569761       0.11244147722569761      0.9897933953560617       0.06087027060508263      787652.5575531394        48439.022270700974
0.11454009361922167       0.11454009361922167      1.0121078133557935       0.017927135208815427     805409.8071875196        14265.960919798663
0.11147916151607458       0.11535237644426195      0.960099436069163        0.01813632065696167      764022.8555507422        14432.425410275502
0.10878700884844647       0.11332864011046222      0.92422710170647         0.06545150021036714      735476.558880403         52084.648956300785
0.10974806377168025       0.10974806377168025      0.9610545115514837       0.12103785417144719      764782.8804709283        96318.86396310902
0.10531968532110397       0.11087162310182092      0.8769896145711412       0.1280335797840929       697886.1609962661        101885.88552194474
0.10629126679892989       0.10629126679892989      0.9231436615213959       0.20406332784419234      734614.3845754084        162388.43665092607
0.10081904205450999       0.10790015968419163      0.8120200778879644       0.20935079793755332      646185.046428677         166596.07165997088
0.10185455126730689       0.10185455126730689      0.8711362509925529       0.31833993128217264      693228.2022600339        253326.86823546034
0.0895029949122601        0.09866004432838796      0.6296895893820711       0.46241910898297095      501091.05381831236       367981.4348739485
0.08200708931415612       0.09659436282393227      0.45769316844658864      0.5345625889373808       364220.6508883305        425391.39210692537
0.08959808487669098       0.08959808487669098      0.6888816897725747       0.684717351183429        548194.630664014         544880.7553081599
0.0961597719509733        0.0961597719509733       0.7953123144639349       0.47786617288319716      632889.4307439557        380273.8177538353
0.008074658687563425      0.14069657549873693      0.003701889811357274     6.956028452311837E-4     2945.8703112951703       553.5431562366476
0                         0.14536619955966015      0.0033484203838554196    -6.438664310803785E-6    2664.5882782012586       -5.1237262598689695
0.0076280217060848525     0.14884732463547193      0.0037028094883339757    -3.811941321579561E-4    2946.6021669796196       -303.34465205281964
0                         0.15469388594185418      0.002835111766928479     -8.603194564101626E-6    2256.1102596233245       -6.8462047062904885
0.016740423938806454      0.13445142818489614      0.004721501771443472     0.0036188694502345057    3757.2517287118435       2879.8048070453565
0.021488394167577585      0.12487546814022467      0.0021035887170169384    0.009440828605194166     1673.9827127279195       7512.772697000076
0.02977439299944601       0.1317663659827275       0.012189625871513315     0.010200629135762498     9700.196059460985        8117.40274801905
0.032492283979879105      0.12247401809735946      0.006841128409202521     0.0233649026588244       5443.997013254878        18593.198765064357
0.11625629392899087       0.11625629392899087      1.0304328558760076       -0.013450931406774272    819992.4126848258        -10703.911112890733
0.11364583531140869       0.11701480873242955      0.9893212856237165       -0.01695804181877912     787276.8645652165        -13494.78090308886
0.11779098218988727       0.11779098218988727      1.046736632934772        -0.03756403068493521     832966.546234679         -29892.505829815364
0.11541548148688979       0.11854520331079041      1.0134205092836808       -0.044391802960679405    806454.417416019         -35325.87436976781
0.09429687398660767       0.10505062510603531      0.7003200461165451       0.3017909407722318       557296.9854289613        240157.60002127054
0.08403361143706724       0.10680905631650471      0.4841838623248592       0.3042914988080138       385301.2752716352        242147.48088068492
0.07310570109309394       0.1034948795585011       0.2619744135067297       0.36624112440328815      208472.6143659811        291445.42656158545
0.04136258183665217       0.12934457219171427      0.03086009693786545      0.021076945506379455     24557.68485978175        16772.500313094006
0.04323944626060759       0.11910492816931409      0.020246217494231986     0.05337965008459761      16111.427965603138       42478.17585739709
0.00868191183237414       0.15823862340334272      0.002635570737339812     -0.0013442915093778063   2097.320553579912        -1069.7531933697142
0                         0.1640215723240482       0.0014349687714519327    5.670687479541602E-6     1141.9118657953966       4.512589715491836
0.006643372201880873      0.16690262869964992      9.409189122673602E-4     -0.0012319884227568645   748.7594796799989        -980.3852365687133
1.819684597729291E-17     0.17334925870624224      -2.2023938705610104E-4   1.2802709474778118E-5    -175.26093556753835      10.188072489401902
0.11866573336224161       0.12636617118360863      1.1106200791883667       -0.10996360444219684     883803.3774997039        -87506.25603588764
0.11806788235302047       0.12467342720948354      1.0781011349277958       -0.11401814773238456     857925.6238837056        -90732.7590689549
0.11998250610902066       0.1251166005044994       1.0918036546548782       -0.09228116802698492     868829.7426206023        -73435.02022894208
0.1173359475805581        0.12760188438803022      1.1591206348493477       -0.13473235704215278     922398.8933804476        -107216.60308840375
0.11680145387931608       0.12591089780787695      1.0870050284838528       -0.15380528885537478     865011.1172447583        -122394.3599750485
0.11722750729727216       0.11991858947644395      1.0386563707212269       -0.06402368131204715     826536.477870857         -50948.42677876252
0.11949295472980519       0.11949295472980519      1.063854438454982        -0.058389081093137375    846588.4630518146        -46464.55439283171
0.11951807430708757       0.12348438647841548      1.0759643113841195       -0.09091155014389231     856225.1937362496        -72345.11294773586
0.12128612142192498       0.12385330938020896      1.0848363448538916       -0.08193496982880953     863285.3336462043        -65201.77730170172
0.11907734110506978       0.12148830391894         1.0626730650353315       -0.07779146426898607     845648.3559549408        -61904.48034382844
0.12118712126925907       0.12118712126925907      1.0778395869418929       -0.07142014644945689     857717.4906096448        -56834.34671889071
0.0536449967156317        0.11479480804688558      0.055078795763679446     0.11456290531498446      43830.31302669264        91166.26337924274
0.05326899674962848       0.12493468941953381      0.07618696088488201      0.047373409890030645     60627.65711988926        37698.5617755843
0.06362669437739527       0.10957772305421837      0.1298302917506446       0.2190306131440876       103315.66347589002       174299.02385165103
0.0637559102087183        0.12059585794229097      0.1591991925387876       0.08910754001582163      126686.69214393212       70909.5273013844
0.07441751369884633       0.11471974489733724      0.3006062839155708       0.1691873542384463       239214.88004824403       134635.01867844127
0.009838591087305995      0.1730698345160718       -3.244680366296827E-4    -0.001755793109553685    -258.2034595246808       -1397.2157621607937
0.11599329458996643       0.128823604607886        1.210884373348706        -0.40106860843031883     963591.1676558933        -319160.2577533652
0.11554151580320589       0.12721015079740156      1.0930876998009535       -0.23280564495247344     869851.5532813579        -185260.8458694145
0.12075428037289765       0.12263214533252319      1.078273141284973        -0.08003683978985679     858062.5021936456        -63691.29341004901
0.12257643634484504       0.12257643634484504      1.08475477512334         -0.07635754747306536     863220.4225170845        -60763.40561356208
0.11446646889273666       0.1301821531287289       0.9184343684803076       -0.40927375989631587     730866.8482456208        -325689.70982652094
0.11402876869330218       0.1282568247884112       0.9932857871027627       -0.3108593028333738      790431.7146016434        -247373.97326015928
0.01474464954714282       0.1655334969751655       0.0013193683062220681    -0.0029816968160830443   1049.9199384701178       -2372.758935404913
0.02052142644106754       0.17213028946361397      -7.289672849062762E-4    -0.004330283477477545    -580.0937337255591       -3445.930102148566
0.11228451083763111       0.12937845564435416      0.9024785962685442       -0.30622680477631875     718169.6481538689        -243687.5484369398
0.11254610785000074       0.13184589148630937      0.8398939444091361       -0.3595582392517686      668366.3646283178        -286127.35553168657
0.02443167936139859       0.1636840377123595       0.002093718762730801     -0.00615169451973048     1666.128452664271        -4895.362956032145
0.031125755413194657      0.17053197015211452      -0.001758288443182694    -0.00857462312126506     -1399.201485569395       -6823.468274496953
0.11023054702123856       0.13378786192103598      0.7781114022201209       -0.331118939397447       619201.3796974911        -263496.0797822471
0.10993268534585623       0.13060620868759554      0.828122140875759        -0.28486052536737555     658998.6610210998        -226684.8035198603
0.03401405252339959       0.1615570103897896       0.0034003024488742264    -0.011656399500998872    2705.8747137290493       -9275.867996189363
0.04161095820476248       0.16828099610854816      -0.004149363058423706    -0.016157052100775914    -3301.9582071551886      -12857.373538158892
0.043897986896929975      0.15895045112868217      0.005591687067936756     -0.022349904279419703    4449.723185425807        -17785.488718501754
0.05193691105092201       0.16538598116071476      -0.009626390534830437    -0.030350539151607306    -7660.438188756491       -24152.19165741201
0.053711761768060855      0.15605287265966894      0.008693361091043066     -0.043279662981259626    6917.956948611281        -34440.86149409393
0.06206164084539883       0.1618589454728419       -0.022208549291720777    -0.058458224638052274    -17673.001993386864      -46519.577077612215
0.10741544803547855       0.13605839561504854      0.7253469085656588       -0.3146318111651718      577212.7297732482        -250376.04000446442
0.1069691651956945        0.13210049915784414      0.7630455295468704       -0.2667725650645038      607212.3391577867        -212290.86205660028
0.06309340916415705       0.15263844303126745      0.0147626538829217       -0.08444786652649057     11747.746693108755       -67201.4769562779
0.07163274947687158       0.15785662702714584      -0.051696389132901054    -0.11811807048853633     -41138.679352516716      -93995.3739336374
0.07193990870502025       0.14885532838003865      0.0356873677510877       -0.16944940065656755     28399.104917619512       -134843.5485922589
0.07991407958815933       0.15383011856454187      -0.1229157652102143      -0.26338607736556624     -97813.25808564213       -209595.98077157116
0.10377433595012682       0.13885551012514366      0.6758911802168587       -0.3109061849508529      537857.1116186405        -247411.28086385643
0.1032195871812628        0.13400239331368216      0.697838734667112        -0.25812819504186685     555322.4205163224        -205411.8909615099
0.0984188072970416        0.13651795290911714      0.6256620429030842       -0.26904908289238477     497886.03416499664       -214102.45738332058
0.09896325440767156       0.1423244173395631       0.6319907188281818       -0.3317595715248527      502922.2344485266        -264005.8786311476
0.09278271373026534       0.13973465110548736      0.5424141710199654       -0.323132722734376       431639.4826046009        -257140.85048959404
0.09303070956412791       0.14627116110839666      0.6124942435235577       -0.39451618161305085     487407.43236052664       -313946.0021672848
0.07920882242061066       0.1457892926370176       0.122659586981117        -0.30196334297540584     97609.39792827528        -240294.79333544595
0.08667462935312112       0.1501248617668065       0.12011853723829698      -0.9528156589944158      95587.29479221435        -758226.609921615
0.0864380438540044        0.14293865420120327      0.3652411828648487       -0.397670399834956       290649.69836835767       -316456.04927531845
0.1179403144805919        0.12314253252483759      1.060228366473627        -0.10022401190265381     843702.9266526162        -79755.73455404156
0.11618099945631155       0.12400773579145952      1.0435741845299817       -0.12934734095926897     830449.9497552017        -102931.3434473022
0.11668584552911263       0.12178000171613157      1.0359784473030875       -0.09032542236396533     824405.454124765         -71878.68728044156
0.11312723467127778       0.11934994127900993      0.9753607967269639       -0.0543692163855028      776167.4604857281        -43265.64769892822
0.11490118046721277       0.12051449531582417      1.0050424530858553       -0.07506094075017405     799787.372129091         -59731.598767590396
0.11452243951055072       0.12264544684048312      1.0025399492045235       -0.11419098185330763     797795.942814988         -90870.29609235415
0.11433316683549657       0.1242812175484933       1.0058666744104972       -0.1510621982452363      800443.2666191834        -120211.47782528595
0.1150287170670965        0.12560097578171192      1.0363211531268004       -0.18094545959568528     824678.1707541164        -143991.8216234407
0.1109346411156347        0.11805865759479418      0.9403569335956568       -0.02604269636106162     748312.2712624297        -20724.119286521356
0.11268671249670059       0.12161424805422927      0.9648948507220666       -0.09568064995026317     767838.9252816668        -76140.24198914848
0.11114239352238597       0.12032538734328677      0.9371173011798317       -0.06798292541406213     745734.2536985332        -54099.093127478125
0.1126852001328029        0.12368279881917998      0.9641096624895465       -0.1403233103009763      767214.092339351         -111665.74232709128
0.11325225916984336       0.12546966938906345      0.9795305185045545       -0.18770736819471012     779485.6196468355        -149372.77751479266
0.11406315933568033       0.12672621928127223      1.0090256165843152       -0.23109079744514022     802957.0729287065        -183896.21358221004
0.1085299304567455        0.11672388378248777      0.9031439625619115       0.007409797607869552     718699.1298266494        5896.529583014703
0.10515610454288866       0.11505799587188056      0.8510361085471438       0.05388236125553946      677233.0171248437        42878.22069641164
0.1010402102002849        0.11328119852960866      0.78568280514399         0.10806337060660981      625226.5107048621        85994.09799606689
0.09685176534856697       0.11138614722390418      0.7175832783885259       0.1650638633568573       571034.6291781077        131353.64889544505
0.015304007534170109      0.14464288322687852      0.005364581648260899     7.617606465214678E-5     4268.998434703948        60.618986173384805
0.014401034541529708      0.15140443730266478      0.0044703654597178935    -0.0014721626412496837   3557.40380170688         -1171.5098069505389
0.024546855290292         0.14113684614911493      0.009698799085859857     0.001209574320594524     7718.059082848759        962.5486607981971
0.03240924726227251       0.14057372907188434      0.016410420253637904     7.30316998831626E-4      13058.997507909135       581.1678019404561
0.03741602678823208       0.13658253488424132      0.024286497761674235     0.004717905548466755     19326.580845803528       3754.3899453958184
0.10877176011734671       0.11989201536472623      0.8938665028623308       -0.05142076205087078     711316.3619740285        -40919.34228974115
0.11019161921097007       0.1227120744236743       0.9107597141256246       -0.11284721758043317     724759.5523602732        -89800.96246046286
0.1111742259738756        0.12535901004413563      0.921879976600537        -0.17798748939326783     733608.7760670814        -141637.94372727434
0.11250724231637527       0.12715938204000998      0.9479887525973151       -0.23993227648701967     754385.4798569126        -190932.0390510026
0.10561369611263763       0.11898845156611396      0.8393723716682769       -0.019801215645571746    667951.3102288691        -15757.306746106595
0.1015540820867093        0.1179616003138541       0.7705500848585602       0.01997612741329777      613184.2745255963        15896.497108299285
0.09654058184793045       0.11650966498200062      0.6867341050383714       0.0718930028701403       546485.6370332285        57210.63390251324
0.09085638093556926       0.11258464497097855      0.5993394201841495       0.17029327273701433      476939.15656068927       135515.08065696064
0.08445410583628091       0.1166371693272796       0.46765757451002643      0.11811857162664474      372150.07328818535       93995.77272667305
0.043067219007516824      0.13715728771370156      0.03494496913932115      0.0015148667677330108    27808.32287358349        1205.4926710517539
0.049889244325148546      0.13421091367480975      0.058000137888859604     0.003584065991945998     46155.04322511766        2852.109094928813
0.021900217574406168      0.14958400356997548      0.006874734348599682     -0.0024918235528518296   5470.739770116404        -1982.930178745887
0.018640665103341437      0.1573734226156796       0.0038535123140542235    -0.0034795176327490304   3066.5276652360894       -2768.912154137092
0.030980987239788548      0.14741226351790435      0.012253864149973806     -0.004693847954388286    9751.315257224487        -3735.2455203133845
0.03921889746776103       0.14377596862941372      0.022686574040872123     -0.00703658269632742     18053.402002125364       -5599.534592977028
0.10671033812900052       0.12256104106107552      0.8413567821761087       -0.09269240460530052     669530.4539360938        -73762.2719000377
0.10831339604165122       0.1254205697476567       0.8556724106707737       -0.16016446990487218     680922.4691280596        -127454.83546526758
0.11024278284075999       0.12776189770066385      0.8771324223348125       -0.2302538608135596      697999.803803767         -183230.20057235635
0.10291464044025292       0.12222365086363055      0.7724056458937903       -0.06481706607283744     614660.8830804244        -51579.782311030314
0.0981065347411788        0.12175674388444131      0.6887409688633638       -0.030432032790172203    548082.6485225275        -24217.04223445275
0.09153760191503894       0.12104418097270524      0.5759115311250731       0.013421149938114453     458295.8348108865        10680.211773142002
0.06152142375823341       0.12824391723543602      0.13322842238544547      0.019162334910857892     106019.80991489282       15248.901611227135
0.05727749939569982       0.1325410424022529       0.09489921817873526      -4.342222524930054E-4    75518.39834350985        -345.54308942379447
0.06717460730840824       0.12794078046890311      0.18560521056941184      0.007641029411750544     147699.93362866997       6080.538005953282
0.08521637412756981       0.12498159245499989      0.44975552759307136      -0.027570687097328905    357904.07699670317       -21940.055679899175
0.07264608266445449       0.12396777887527755      0.2620616575937515       0.03701533338503365      208542.0410045064        29455.866392112817
0.07948831031788114       0.12213291363994155      0.3674243613618359       0.04282963059795757      292387.0166155949        34082.73710232419
0.04744934461979029       0.14187244918832875      0.03885146332307741      -0.014461763333269262    30917.01217110622        -11508.30560157464
0.056909825714241295      0.13941544134878803      0.07231482011926557      -0.03187119684878426     57546.30540391181        -25362.29260369427
0.027818613690309385      0.15541813816580957      0.006500099918335774     -0.006717191791697944    5172.615162971819        -5345.371386725164
0.036944080339522005      0.1528980911891489       0.011643393431500946     -0.012568471704003192    9265.518094935405        -10001.671994013623
0.04607211374204586       0.15014790570315473      0.021201592316731934     -0.02361070099636016     16871.69109313518        -18788.79886717729
0.10493930932729494       0.12575416739897652      0.7874759727890902       -0.14197469900973153     626653.4681774128        -112979.87570691395
0.10733296177624171       0.12855288394626044      0.8080597124781589       -0.213708821748513       643033.4877715735        -170064.07681810294
0.10066860838944681       0.1261848178967295       0.7094777382469433       -0.12190370351718567     564584.4452782944        -97007.88497984484
0.09544582333725661       0.12658433747008457      0.6182144334856172       -0.10110290545443441     491959.4148999586        -80455.13582012891
0.09047072752013932       0.1271310851919611       0.5299838625297049       -0.08810189816444544     421747.7574026903        -70109.26294325136
0.0873882085197739        0.13034230553025788      0.46088080804163606      -0.1294592011486038      366757.29388006666       -103020.35895764132
0.06459231915472886       0.13478141129459015      0.13377957043241678      -0.04140844168768263     106458.39959514748       -32951.79090163597
0.07143773207850598       0.1313882228381468       0.21379233081433582      -0.04837182637514599     170130.5312211964        -38493.07636993701
0.07963751751616253       0.1309799292755935       0.3272592261529457       -0.09587792534122151     260424.61757334895       -76297.22875725548
0.05521061136021099       0.14733760142368588      0.03822381250066965      -0.04534476884826763     30417.543516496782       -36084.22052780592
0.064027231470661         0.1438985151788953       0.07341302398921873      -0.08451123470637283     58420.22827604026        -67251.9037515929
0.10369591118717643       0.12958204087850653      0.7373254500278971       -0.1986365799320382      586744.9501969804        -158069.96787526133
0.0990485690234711        0.13089442936414233      0.6567294994851527       -0.18989558020650968     522608.73058664193       -151114.1013058475
0.09284289843426474       0.13249476751052794      0.5491623016489242       -0.19077572428051165     437009.47433574393       -151814.4977058997
0.08640416054078223       0.136035155301303        0.4128466919123093       -0.2306273655200627      328532.9587849043        -183527.42617389662
0.07313813374877583       0.1392712142763696       0.1676956412813854       -0.14458256723183543     133447.95122448893       -115055.1512993145
0.0811198403801167        0.13920001478209615      0.27411179376473493      -0.25134063421637803     218131.23468721868       -200010.52167694262
0.15040761893777208       0.006894105414366462     2.0201092468874453       0.08153727484312079      1607551.8611389145       64885.301687625586
0.14578743687236967       0                        2.081415547634954        -3.856474670915673E-4    1656337.8651721366       -306.8885033924598
0.15532574191091847       0                        1.9680189182660817       2.1443353445066936E-4    1566099.694702058        170.64078486245126
0.1601917023252528        0.007222021680961969     1.9112005269305983       0.0730487420281659       1520885.055504199        58130.34190213644
0.1648886334598824        0                        1.8705391069275519       0.0028244601318690825    1488527.7255710962       2247.6339577647545
0.14099458360053924       0.007893576119879975     2.1379886194291657       0.10892191979010883      1701357.2852818435       86677.30972827379
0.13624913183382087       0                        2.2145096445935093       3.687517780539293E-4     1762250.7823086672       293.4433412560417
0.1332244259732806        0.006715985569048334     2.2552722885192584       0.10929118908012318      1794688.6636800554       86971.16489246288
0.1267108267952721        0                        2.3766639308698334       0.0017289020136681877    1891289.063330743        1375.8165079841183
0.1262902979424375        0.010314759946397741     2.3608218182629876       0.19136033201167538      1878682.3106787538       152279.71375682196
0.1678988951159414        0.005270871867029136     1.8382745495797785       0.03917269113102766      1462852.406628246        31172.6371385755
0.1733492587062422        0                        1.849565838418998        -0.05384598110868033     1471837.7287914464       -42849.27029539645
0.17319720195412128       0.0072591135317617485    1.7706859469491085       0.029614103427956454     1409067.1056015205       23566.15472896956
0.13488433605698175       0.015938420859966593     2.196142356080171        0.24238842669162666      1747634.558518203        192886.58128119938
0.12487546847331937       0.021488392231864724     2.3080392072229574       0.39446155441171377      1836679.2433971649       313902.53122168436
0.17274129845696667       0.014505492111776895     1.7497793484565125       0.1283302145673022       1392430.1631348496       102121.93998214851
0.1668527715828434        0.010962449590734223     1.8321259416892393       0.09948978668857515      1457959.4999336803       79171.45669322491
0.13399880818108723       0.02850727149376303      2.1217202746108934       0.4082413889009728       1688411.3478130861       324868.1750914532
0.12247401849947867       0.032492282464160804     2.208365862857818        0.5826383556693021       1757361.7161461022       463648.87169851625
0.17198234802442738       0.021726423129645425     1.751595511807184        0.22721252424508584      1393875.4200084582       180809.9818299626
0.16585451065399312       0.01762893781624903      1.8314680642338361       0.17900198190113273      1457435.9776887996       142445.25121405628
0.11069374446114806       0.10527248407997616      1.0076692718347522       0.19069666616760803      801877.7280715579        151751.58525859908
0.09659436260634081       0.08200708957045233      0.9554387440322806       0.8061543628881834       760313.9946712479        641517.2587437601
0.09998299105701784       0.08935957377117298      0.9419762272419941       0.5940300078509185       749600.8642030893        472714.06047195545
0.17092168211345873       0.028909238618639217     1.7812198021320238       0.32735606319212335      1417449.6812123966       260501.6780406464
0.1648252061049839        0.024239378074806993     1.8416347099233745       0.2544406982439526       1465526.3372695695       202477.47424639194
0.1312533841273645        0.040394612295366034     2.0236772280832924       0.5393876682701212       1610391.170359804        429231.06824000634
0.11910492871123979       0.0432394447678498       2.0545948804517384       0.7425045352126305       1634994.6563759798       590866.335236202
0.12570735902336666       0.05141306604619358      1.8912044943756807       0.652395533762622        1504972.7183874904       519159.8702469841
0.11479480944486548       0.053644993724097575     1.8374855979861051       0.8539854565131987       1462224.578898279        679580.033663322
0.12206753937441653       0.06282432246616601      1.6947786616529794       0.6715261519095035       1348662.0072436924       534383.5324593824
0.10957772313593112       0.06362669423666982      1.5676395027851753       0.9047659486358207       1247487.8792719084       719989.8653330937
0.10354433668209478       0.09606138829010831      0.9510763533553286       0.4186256515716296       756842.5144715734        333131.7087634516
0.10763072783416822       0.1010106746698663       0.9867461802254113       0.2899158485860168       785227.6607996022        230707.70191573026
0.11324677584969257       0.10873168694127536      1.0252444993314478       0.11516866235226521      815863.6497318763        91648.30951322238
0.11529805938755126       0.11152463356368057      1.0390442393845434       0.058865614297695566     826845.1339460434        46843.76746809599
0.11689740502261677       0.11363199077742601      1.050148306178337        0.019843225769083924     835681.4695393174        15790.737340190914
0.10776061135852294       0.08310083972126385      1.1798489349881294       0.6269986131173587       938893.9505253454        498949.64294695255
0.10349488092142477       0.07310569916361896      1.2644612148688064       0.8879101661376856       1006226.2634717686       706576.4598117933
0.1157943195713066        0.07394394424635874      1.4486182907599745       0.6575015104884316       1152773.8081389123       523223.0774231078
0.1695611614924946        0.03604133747962         1.9110548248074906       0.3436944629662067       1520769.109438641        273503.3634719308
0.1635439200914532        0.03101089070380161      1.863409007918724        0.3095600537270104       1482853.7730611481       246340.063672232
0.11844880678583285       0.11545820454477775      1.061803253846694        -0.011078779779099964    844956.1822037991        -8816.21282635148
0.120020768026231         0.11719647511060338      1.0730930290327878       -0.03645192463468183     853940.2998401147        -29007.51995411422
0.16790317297700544       0.04311020758773333      1.8082012323388703       0.3148658298928571       1438920.8211579397       250562.26619090032
0.16247056114029612       0.03753485903551223      1.8678905955353395       0.33568278222429754      1486420.1071715672       267127.87050918577
0.165950625242221         0.05010344774284087      1.7811741398715644       0.3931405619875931       1417413.3443400722       312851.31885125564
0.16037642811801495       0.044496982441682424     1.8488283737396964       0.37235914379254914      1471250.8730461139       296313.9917002502
0.12135719940360977       0.11913683450424663      1.0802836584426585       -0.05734383847395339     859662.4209127292        -45632.77674496445
0.12259046523081917       0.12065727981705822      1.0855739668728046       -0.06896308252996283     863872.3145984213        -54879.07737748958
0.16370694372035338       0.057008789425357184     1.7964557726954329       0.47126175254285796      1429574.0813522425       375018.1870367271
0.15841321003078854       0.05121330259954845      1.8407343029072196       0.4201931386954105       1464809.8161324908       334379.0753833647
0.16117606459121056       0.06381411831948781      1.879607581990187        0.5512020153847926       1495744.1887337163       438632.62695352343
0.15647962914966634       0.057881442052561835     1.8577049092124962       0.45380984140893027      1478314.595536247        361130.39741990174
0.12397938304696017       0.12115724523650573      1.0901431625210976       -0.0736213868627116      867508.3649653206        -58586.03818240637
0.15836242787679966       0.07050749556585538      2.1901631149541703       0.3440207308130398       1742876.4296124957       273762.999174908
0.15422734003363828       0.0641486052009453       1.9050069416783215       0.4285428209851445       1515956.356962394        341023.54143165477
0.15516460587899372       0.0772910769521307       1.8038727982179956       0.1174452392478346       1435476.3627270153       93459.95184451574
0.15089390576830386       0.07047626127956742      1.8655026452502694       0.31502183706873815      1484519.8367129343       250686.41275689672
0.12364031901333747       0.11916009824488753      1.0950085975729729       -0.06392484232194968     871380.1551593131        -50869.77320954142
0.12570727524993203       0.11936350549159276      1.103242801128464        -0.07431732347168486     877932.7261507194        -59139.84693938991
0.12489932516744531       0.11672762096663093      1.1151739537563834       -0.05608633992684341     887427.2357383057        -44632.0911964473
0.12786269591484908       0.11705168297547242      1.128030722565474        -0.08076511140016883     897658.3272790881        -64270.83354352228
0.1516763699226727        0.08392999643205164      1.6760890087939806       0.16797425737081947      1333789.2540577862       133669.6668637808
0.1477741609749384        0.07620248107438372      1.7647439428719924       0.26385957583011016      1404338.608997795        209972.77887746412
0.14790423803829822       0.0904118458185323       1.6209018020506205       0.20580807559731096      1289872.6703145856       163776.8627977126
0.1439179948528468        0.09663113500078341      1.6434987132891485       0.22411041298708875      1307854.720925688        178341.40012630634
0.1414258353624487        0.08877813937694519      1.606657527714207        0.23067976055398032      1278537.4369575994       183569.1208171039
0.1444505677406036        0.0830693735202899       1.6616128018579106       0.2485693135775228       1322269.4546023023       197805.17478411063
0.12671689196113162       0.1133329252282107       1.156894479845986        -0.04766674437404277     920627.3755160788        -37931.9899411335
0.13049508459580528       0.11410958938817231      1.1708268667332487       -0.09663346231456878     931714.4167269614        -76898.46597724005
0.1336281600613311        0.11042409308039144      1.2441345685813447       -0.128854899320864       990050.8323061183        -102539.47084262005
0.128978484230965         0.10950840866800146      1.2240878329595748       -0.04258562309010489     974098.146970813         -33888.56209719274
0.1370010713189396        0.10621050772624387      1.3666799288554905       -0.189256397555331       1087569.3315091555       -150605.45591347912
0.13162389109454134       0.10498433673070218      1.3355431890396805       -0.03075015213676573     1062791.5012418937       -24470.19356697037
0.14024249625564927       0.10189213776336177      1.790775549970249        -0.08758909534274857     1425053.9037293626       -69701.18742372871
0.13769346034293545       0.09535631499908699      1.5741492733922542       0.1553926748654054       1252668.190124463        123657.56162550494
0.13455699809750657       0.10024928305797894      1.4778070164967623       0.02944847815234007      1176001.4580567293       23434.354322393036
0.15464907095873082       0.013620377242645202     1.9612733222675132       0.15141317440656524      1560731.7199656928       120490.77578020057
0.1453220798509046        0.01499479561797249      2.063918753663351        0.18859350557903456      1642414.358927931        150077.94323966146
0.16131918431068087       0.013806347651958758     1.8879067197559931       0.1422208607573242       1502348.4327278596       113175.76500156154
0.15909877803937772       0.01953872729196096      1.903704085455413        0.20735780340105045      1514919.5769223247       165010.09699977303
0.15154383894902473       0.02091033180149147      1.9783473044000004       0.23591250188718318      1574318.7632389332       187733.20406260644
0.14254103605732255       0.022952775382179123     2.0651290329169103       0.2904608330941752       1643377.4685565587       231141.38680763982
0.15740163430131587       0.026280037255997393     1.9116534730495511       0.2744846766787337       1521245.498573127        218427.96548200582
0.15025043448649697       0.02807527801819364      1.9684729465242796       0.30759079177147813      1566460.9989100366       244772.97479990314
0.14292650362529014       0.030507196523198502     2.0196212230734396       0.36289372127238817      1607163.5041271865       288781.6477875653
0.13929470403243996       0.035910312574600214     2.012990836952364        0.43059126679740467      1601887.2104983018       342653.6428150403
0.10699456718642823       0.0914871953162314       1.0635238976645645       0.4754455088440729       846325.4270483725        378347.5145168782
0.15604539675008583       0.03318546190094629      1.9104065164340405       0.32848997739842617      1520253.2020272284       261404.01829552255
0.1479610979586123        0.037787235244875386     1.9432954501795585       0.3883977649841314       1546425.383920334        309077.1209153439
0.1565870836251155        0.03989274304704879      1.8860322727932008       0.3644173404493057       1500856.7952293996       289994.10540454544
0.1403378197927329        0.0423588342437992       1.9550530245318996       0.4614921166517826       1555781.7643050617       367243.75781536393
0.1457680323233633        0.047030046871963604     1.9042917271941586       0.4431284942637362       1515387.2073597668       352630.451434711
0.11022071811508966       0.09592971713510239      1.0789632855399203       0.3598097258043332       858611.7015417521        286327.4821714955
0.11319854514813937       0.10065157368936518      1.0881545879987449       0.2492820249605423       865925.9076406254        198372.33248213772
0.11513707303847986       0.10495857731985127      1.0837447417470087       0.1613252507863778       862416.66349443          128378.55554095849
0.11344012653296964       0.0901383056470316       1.195542885017121        0.4295363902941971       951382.7991441013        341814.1987658554
0.1528367401803389        0.045606810945244255     1.8835326154150323       0.4064161493856859       1498867.6310905411       323415.69563553034
0.13741188052188444       0.050671964232190815     1.8940324887883961       0.5096754572106775       1507223.1648365906       405586.8419385056
0.13201854203332844       0.05924099662933004      1.7975844527516303       0.5505800675709042       1430472.2564028075       438137.6966088957
0.13056514728001073       0.06663420977432379      1.7014285107828713       0.5254564516654507       1353953.7890428805       418144.9583104203
0.12590642137201527       0.07189383732455903      1.5973099781040034       0.5363404043060006       1271098.8933262962       426806.1326260283
0.14572579436052774       0.05416955323687643      1.8684941497373893       0.4537373715614855       1486900.4003449678       361072.727747672
0.1511288937741368        0.05218234298960412      1.86935394890114         0.4350895493671034       1487584.6067798536       346233.2623469986
0.11659618850243743       0.10849631176362554      1.078750701337111        0.0950285970869464       858442.5324082504        75621.35480737803
0.1180664161056415        0.11130624105483733      1.0798235316669513       0.044586763624767184     859296.2636587154        35481.019136758056
0.11897528965759063       0.11335871503333687      1.0788353197556222       0.012146230291696385     858509.8696061637        9665.662954279967
0.11831922679897021       0.10594285989417906      1.1250418112966258       0.11932985869083679      895279.8272645867        94959.68434552022
0.1165160053067377        0.09622916519801147      1.1859284843397981       0.2933554674330259       943731.9021807914        233444.86362499793
0.11823146404250393       0.10192407442616017      1.159983173640471        0.18284342730220074      923085.2799415266        145502.17633504432
0.1181788211994846        0.08407939451589551      1.3444554840542968       0.4754206780178338       1069883.680271241        378327.7547731931
0.12055688242873341       0.0915707652585112       1.3002834022692114       0.33020334179240685      1034732.654457462        262767.47035862086
0.12357421934103249       0.0789769843436333       1.4810627676663295       0.48333397636169         1178592.3025172986       384624.9575111213
0.1412250124021711        0.06060667100001372      1.8236877364329167       0.4622144722582834       1451244.589546841        367818.5901425876
0.1362938761068954        0.06583537092685936      1.75203868207891         0.4700021418822423       1394228.0837053412       374015.820721686
0.13479014221574598       0.07302659613719743      1.6692482275686795       0.42560196278800316      1328345.5333247017       338683.280836618
0.13005808352239534       0.07807697911928532      1.5694752853096237       0.42300070029043         1248948.7485879466       336613.26191277633
0.14929135952728026       0.05900783803764735      1.862075196887113        0.4377674981963428       1481792.3599669915       348364.3063146016
0.14774260771501174       0.06481581671859174      1.8491321034407675       0.4058196011530105       1471492.5734625605       322940.9776354153
0.12075210200533218       0.11451476990589843      1.092839528690711        -0.011657245172524013    869654.0649867193        -9276.540960206656
0.12226424363843766       0.11668671707358388      1.0959551810896644       -0.04071477469068284     872133.4223879669        -32399.788244474836
0.11997904602770917       0.10867058939094475      1.125864805940503        0.06592212746069423      895934.7455931427        52459.162222517305
0.12071171836852984       0.11188236888374484      1.1096247864923436       0.018827720754253305     883011.3487377274        14982.62412596641
0.12172159081822415       0.10495145494026263      1.184774282951737        0.10227791037507934      942813.4178996241        81390.17502651863
0.12274582018812141       0.09897008670595894      1.2622391538193993       0.18635792741929302      1004458.0034724431       148298.92666570572
0.12639769056182637       0.09411464206444839      1.371342003661359        0.2328177153840445       1091279.2927612464       185270.45121366344
0.12793345103996073       0.08689076651206791      1.458940557389548        0.3315212485452329       1160988.006928958        263816.22722985316
0.14288184729477763       0.06969360097994708      1.773425859832576        0.3835966864475137       1411247.458996746        305256.54400896834
0.14148124881061513       0.07691590123510425      1.6942647127352366       0.3253829621765701       1348253.019689915        258931.5341414217
0.13634437112351222       0.08213627360030323      1.6011815658731319       0.3211971640717474       1274179.804981651        255600.58184558566
0.12332910890733013       0.11371697282676585      1.12428544091145         -0.020874009866469197    894677.9268365414        -16611.00926198783
0.1241274178997599        0.10945487560014333      1.1714559468036985       0.017274076594624755     932215.0227410251        13746.27338691272
0.1266163805494765        0.10413324546764555      1.267326750163763        0.059531695619094244     1008506.584005752        47373.818142104894
0.12896225230902925       0.09938048238395177      1.3653883708203953       0.11308956550506381      1086541.5422812784       89993.81681122801
0.1317900468432871        0.09376110946175213      1.4671608676505477       0.19676516521337292      1167529.5219878936       156580.74336000872
0.13503901575103475       0.08935364638960289      1.54037715760045         0.24744211435482483      1225793.1942897756       196908.178143402
