% Model:              
% Version:            COMSOL 5.4.0.295
% Date:               Apr 17 2019, 12:13
% Dimension:          2
% Nodes:              142
% Expressions:        1
% Description:        Magnetic flux density norm
% Length unit:        m
% x                       y                        mfnc.normB (T)
0.09640239014281014       0.09640239014281014      0.8397349775352257
0.09864592982406939       0.09569175820073202      0.8679632122630164
0.09801549245517231       0.09801549245517231      0.8300950876490844
0.09980759279076289       0.0972317231892329       0.8551682499566867
0.09935197569363849       0.09935197569363849      0.8216244934366723
0.1010298551167505        0.09873254830929983      0.84348743673682
0.10055110182413787       0.10055110182413787      0.8138925483435423
0.10230502127121711       0.10004383746276868      0.8352829132660732
0.10189868118937162       0.10189868118937162      0.8057928782364782
0.10339615688888634       0.10158420213040073      0.8233087004062222
0.10319894757499035       0.10319894757499035      0.7997537890326596
0.1043172619406431        0.1027086394214897       0.8168909307573802
0.10429825022501577       0.10429825022501577      0.7969585557759427
0.09436705114231943       0.09436705114231943      0.8511124106023934
0.09714439045585883       0.09341267534273465      0.8889481672822735
0.10549567156111034       0.10308692100295898      0.8232593556991518
0.09304250185011168       0.08763850120754543      0.9452299319379271
0.09179154613571983       0.09179154613571983      0.8656093796477484
0.08853493265432177       0.08853493265432177      0.8873067422568308
0.09523217652295862       0.09047257691682034      0.9176304482399886
0.08485281374238571       0.08485281374238571      0.9211466423436898
0.09045606500412715       0.08372567211440277      0.9950361440330641
0.08905412943009647       0.08043234443585252      1.0525691306004428
0.10519728345321264       0.10137487617408253      0.8420077171416581
0.10697143745333419       0.10155472204268684      0.854789709894555
0.09477441613088243       0.08062532016018858      1.0944087842319086
0.09370222583146452       0.07496594476313378      1.2119047401783598
0.10631566731476767       0.09921620916106667      0.8803093483270268
0.10881341324474056       0.0995785674632312       0.8947541988782076
0.09980643175199386       0.0756144438325817       1.2352262096213737
0.09821425709406686       0.06894896448432376      1.3772672599664022
0.10790515536255506       0.09663919334274823      0.9304916883623973
0.1110400767710705        0.09708939875534683      0.9465187809375708
0.10466581658214455       0.06932781411427229      1.3899120936610536
0.10234370402188125       0.0626559354497366       1.5308057510328432
0.1099310340753154        0.09359106559384629      0.9970051571665689
0.11368584745541677       0.09397754033993276      1.0183460341541375
0.11207244418126612       0.08997790175347843      1.0880019837334018
0.11656403805952403       0.0903829355091868       1.1228483104835312
0.10916453774152697       0.06239797652206901      1.5337404252018132
0.10607178651330926       0.05611395642685464      1.665347324796026
0.11276173314842954       0.05521239496707045      1.6567670863894584
0.1093834498762313        0.04934836261897646      1.7749472289882906
0.11449621867053662       0.08598202061693906      1.2062515641977274
0.11933000667030474       0.08669832471313978      1.4089784870416764
0.11603080375331912       0.04790919286537271      1.7478773987550316
0.11226335543685964       0.042390317597976526     1.8523631123770496
0.12384015939662639       0.003932727726296863     1.8767069869853958
0.11984503489415725       0.00609652451961212      1.9378395008380853
0.12                      0                        1.937728040501173
0.1250934870084658        0.009711272498386773     1.8539917419087957
0.11926644814655063       0.013248182762407338     1.9386849956124133
0.11867698623907813       0.04048582624511218      1.8060237721885597
0.11469988494478486       0.03526948246931206      1.9002383693681761
0.121328421553783         0.033045414074846555     1.8334034273427935
0.1166813096510027        0.02802627299743632      1.926147545900549
0.12450607855263682       0.017597793135624006     1.851552431613394
0.11820387519983393       0.020684387536064087     1.9370105130901234
0.12280686920974354       0.025322822986034176     1.8535548340440426
0.1172948264183864        0.08168277324012069      1.3098903497376944
0.12245742727269299       0.08222182499648797      1.3461184168269262
0.12035193084574936       0.07692995937952922      1.3547333613359251
0.1258492552749717        0.07692993530957228      1.3508039408791408
0.12550000000000008       0                        1.8523547544503958
0.12327076661251928       0.07185540091068288      1.4111275781792136
0.12905889953360733       0.0714146375134273       1.4070739707849251
0.12601783968937447       0.06632192541681671      1.4986793368172548
0.13202698147060168       0.0657656913881499       1.5119778698202604
0.12835760380506248       0.004498861116409419     1.8099531771310093
0.13100000000000006       0                        1.7739367459761004
0.12895962929629415       0.06086845600151619      1.6143427635115628
0.13474795500228362       0.05999365485368052      1.867164516527006
0.13135026496641833       0.05548004798331104      1.688989783906025
0.13714203166850628       0.0542983715210171       1.6725906421945222
0.13335034103385837       0.04968692587595778      1.6645188291910804
0.13929551461002362       0.04850783039395474      1.6043383664419846
0.13368431054108362       0.004624688236282183     1.736658938747442
0.1365                    0                        1.7020657981571015
0.13553910794911678       0.044022816318947666     1.6485031298840747
0.14120462588598404       0.04263219004929559      1.588636580368287
0.1372250283866689        0.03835406449519631      1.6550839402833242
0.1428660162664803        0.03668175835678777      1.6107727654778106
0.13907890351444208       0.004206441157659146     1.6684379510144483
0.14200000000000002       0                        1.6383211906990862
0.14254091629174512       0.008435476570037124     1.6163394747921682
0.14738233187615107       0.005890522111668841     1.5557215047222508
0.14700051981587103       0.012128362373530663     1.5445879201012662
0.14159066864040104       0.014555715057276068     1.624512681842061
0.14635480217395494       0.018344532717474396     1.5581675443927494
0.14095615257648322       0.020760311923549157     1.642775056569377
0.14544634230309372       0.02452777019321725      1.6016957756992187
0.1400170767296196        0.026637947713597804     1.6765711787736757
0.14427677110823633       0.0306669743956195       1.733792951346538
0.13852931060338378       0.03249553865901852      1.680316751138478
0.14370043033646762       0.0037064879678730227    1.6148682696419843
0.1475                    0                        1.6237588946199049
0.10142378343369281       0.09712225863598065      0.8698759947235877
0.0996050864732278        0.0931266759135505       0.914478477531414
0.1009236448993874        0.09521899913613882      0.8938460721853169
0.10273965568705386       0.09809439305004032      0.8665967623677275
0.10261549830847308       0.09631845562520266      0.8916582631592277
0.10421467255882694       0.09940210046664015      0.8602998079994327
0.10163993891365976       0.09294907669686613      0.9348936461098181
0.10077369110727938       0.09114044114336073      0.9562323815457834
0.09850292363911202       0.09034710496147064      0.9488338714846689
0.09386334787432372       0.08434189512461991      1.013394245361888
0.10344115665584895       0.094044191682195        0.933263735441383
0.1047920418159367        0.09674779547701107      0.9033775173736285
0.1010649410391054        0.08853101657091308      1.002181935585096
0.10372753112963885       0.09088356811602383      0.9869101731320681
0.09718040851217365       0.08537808701634289      1.0224661202464889
0.10146765803716655       0.08549169597925858      1.0588712219949379
0.10626667817727882       0.0935644512998508       0.9656486636215164
0.10493783101268572       0.08588631383992727      1.084359409916203
0.10797792385575905       0.08995847334252433      1.04344898812207
0.10178120739199          0.08176443049952113      1.1293797992559493
0.10724706072477123       0.08263454244213556      1.1650693506397656
0.10977960297104468       0.0859753751184415       1.1355188246143546
0.1072692091486209        0.07660811652711688      1.268262844023536
0.11193316856164436       0.08130544524659866      1.2393527024291464
0.11470747676764188       0.07639485702779318      1.3295500023636224
0.11289387123003965       0.06935133655488991      1.4197263898800363
0.11853183272828388       0.07249496479251835      1.395043407290141
0.11606248440582337       0.06127892470594585      1.555972967520329
0.1198536542301522        0.06695173000658457      1.4755528187439566
0.12063411077833654       0.05410558189721638      1.6577560290584425
0.12293964998106827       0.06106618999022583      1.5730356359810533
0.12269076752627238       0.04582784566408845      1.7292838786497065
0.1266750846680184        0.05658322637691317      1.649517350071747
0.12726386196970682       0.05085788890173529      1.6813121864351854
0.13079186089663558       0.008699283457208742     1.7733710768786117
0.13048678096964858       0.01432383819009868      1.77354929143349
0.12645685662560074       0.038255481514170186     1.7500655010762713
0.1275262456496482        0.030079159099931602     1.7792269604417055
0.13037193115714654       0.022226677837139056     1.767595809974963
0.12951126503937832       0.04495460013678082      1.6937586991599103
0.13264787835547703       0.04000122320620765      1.688009260819624
0.13632904758462885       0.010336599956556836     1.6975760055551912
0.1358282806183778        0.01737140225567667      1.7027942824880922
0.13257355439555107       0.034304407652025644     1.714807162051365
0.13421741673374643       0.02832807934088412      1.7211449868208621
0.13649974499345216       0.023124503604052757     1.6991756995994542
