% Model:              
% Version:            COMSOL 5.4.0.295
% Date:               May 23 2019, 14:58
% Dimension:          2
% Nodes:              145
% Expressions:        1
% Description:        Magnetic flux density norm
% Length unit:        m
% x                       y                        mfnc.normB (T)
0.0064125596159343        0.15233068468590805      0.0026067894073674145
0                         0.15700000000000006      0.002074078845307973
0                         0.14800000000000005      0.0024510971300469955
0.006916951632356415      0.14374969951584035      0.0026685576821366863
0                         0.13900000000000007      0.0018410280034038375
0.006212353833351136      0.13591812768267006      0.0018767993800765308
3.980102095125915E-18     0.13                     2.713955783974173E-4
0.009138726281979495      0.12967838556190875      0.0021758363226429974
0.00644354450403239       0.16091442549683369      0.0019519776641316368
0                         0.1660000000000001       0.0010480710047713546
0.005993927331228465      0.16832644624998616      0.001117050535416529
4.163336342344337E-17     0.17500000000000002      1.8385889364023355E-4
0.015006091252419765      0.13716255333560112      0.004011856630567432
0.019214347274590426      0.1285721931788186       0.006082146640412118
0.00974399297751923       0.17472851685072488      0.0013784179357017462
0.026078177606540763      0.1359849184472294       0.00929621192480045
0.029610078959915388      0.1265829499734762       0.014865923023248725
0.014232577331021404      0.16531177740976924      0.0025738294777358393
0.02050336949444579       0.17379474054002386      0.003452671194985156
0.03733176063687924       0.13342017464269854      0.022331538811956878
0.03981146674584786       0.12375397818068014      0.034347475771354836
0.04755365450571311       0.12913427360583526      0.04988718237142486
0.04974884620746168       0.12010433922646727      0.07644847371492637
0.025010496617144818      0.16404701249544615      0.005466271458549159
0.031184660078720006      0.1721990620641549       0.007039348121723621
0.07759277405180118       0.11447101073202195      0.36506553860382196
0.06857017468481724       0.11044514993286779      0.29051267423645794
0.0773276744148332        0.10450086492270554      0.4722424291101956
0.0680911852109173        0.12032171176764932      0.21173387607689556
0.05935631906539922       0.11565823527534269      0.1574370743284925
0.05813876236158603       0.12523385776996274      0.10860919044438666
0.0417471805019686        0.16994755932385744      0.013772379884750862
0.03516291652637771       0.16196936086093452      0.010800099303182974
0.0852344104787539        0.09815852112954472      0.6752610394682009
0.08700049392784522       0.10774362072535457      0.5609805992822616
0.11557603105095286       0.1314046462135535       0.8516621902211453
0.11492217912725748       0.12933699707688215      0.8843918672244016
0.11709785611280019       0.13005034445854396      1.0804762466808322
0.11655196479265252       0.12817328216707166      0.9528039562226417
0.11845329469446561       0.12881699024595353      1.015294382197587
0.11795043735077952       0.12698716273206398      0.9519920972457007
0.11979574353752047       0.12756950979874704      0.9734888753920705
0.0451666160062702        0.15978381539884332      0.020943817044542512
0.05215070814469266       0.1670488061615739       0.027071516375026663
0.11366777218697571       0.1330587748555118       0.782885038581406
0.11308330500647296       0.13056189025567214      0.8153114041355704
0.11924864637405244       0.12593506123922465      0.9453607992652091
0.1211250554273211        0.12630803991721337      0.955229555591599
0.11852136143248762       0.11852136143248762      0.9085189563198067
0.11596937218161682       0.11950075988469117      0.879702767004518
0.11675143214430357       0.11675143214430357      0.8941584120229297
0.11807847063221122       0.12104000405152548      0.9039537283768632
0.12048267075609005       0.12048267075609005      0.9248653807413793
0.12008965251435992       0.12265273392996175      0.9261600872470913
0.12231112997124104       0.12231112997124104      0.9379968041707465
0.11458502889894107       0.11458502889894107      0.8779100175481459
0.11058203857985177       0.11583993917081371      0.82181108285734
0.11181247646190198       0.11181247646190198      0.8600936373677189
0.11356280946433278       0.11786300328426509      0.8528635871191949
0.09190001381374487       0.10010388541050456      0.7280191534195588
0.09192388155425119       0.09192388155425119      0.8702857148651995
0.09813490550236934       0.09813490550236934      0.8341258879999395
0.1037722948693034        0.1037722948693034       0.8304669046683565
0.09597833608812378       0.10570756881210602      0.7076032733997383
0.10827741203300195       0.10827741203300195      0.842732695268977
0.10670425283687086       0.11315311689920356      0.7855371125252533
0.10182145221865282       0.10982509726884529      0.745248097133021
0.05486557974746894       0.1570777626253935       0.04113004303646328
0.06235419831959762       0.16351438454130043      0.054917278668247194
0.11121153934666994       0.13511844254632324      0.7331868730140424
0.11059816473384441       0.13204266021936398      0.755731403806958
0.12062681535854984       0.12470699800434648      0.9402839159751865
0.12244108458983889       0.12503271893574056      0.9469379293001499
0.12185155992012549       0.12381443272506563      0.9401581238841576
0.12374368670764582       0.12374368670764582      0.9446176336062233
0.06367036135325972       0.15396763341374345      0.07805378363585867
0.07207864581643136       0.15946682669843731      0.11756081935153696
0.0724284906105434        0.1507194006324083       0.15873455666376748
0.08058006594072496       0.1553443046042835       0.2800643705101297
0.10824639156482019       0.1375053406715375       0.6982826310810011
0.1075117382489846        0.1337435305373335       0.7086028758501962
0.07984242243959999       0.14759005233612132      0.3184709253100935
0.08750000000000001       0.15155444566227672      1.1674596564840551
0.08709887712578886       0.1444244081415135       0.540638462882553
0.09384343765621296       0.14771055889429313      0.7484429128612243
0.10458459858907836       0.14031059025590797      0.676642332516464
0.10372058578076586       0.1357964869248452       0.668361386676477
0.09906741071930616       0.13846467969191067      0.6353449988238172
0.09976188676396941       0.14377957417273465      0.67901854095827
0.09338866273449399       0.14156651584529134      0.6173728093496557
0.012022202746010166      0.15651764463533843      0.0029723891395538626
0.014070142570717207      0.14858686100706436      0.0037586188249810657
0.020106909919678027      0.1565886382670882       0.004671994489435138
0.022861402085899114      0.14596608580780174      0.006567153045384663
0.028982746885319016      0.1543189923550547       0.008475735374172434
0.1155256421145154        0.12424380907285804      0.8811456303209936
0.11359642133152975       0.12584315753333283      0.8494889484583447
0.11329479990741101       0.12324841118485005      0.8418825721970163
0.11144398903073524       0.12459729392685692      0.8092936058680534
0.11068632190171196       0.12246602785271807      0.8009992074844061
0.11492656624421584       0.12766510812011117      0.8867515662184235
0.11596145522639642       0.1261830903688751       0.9022573662585928
0.0329243442807199        0.14315455143477251      0.013264579378082605
0.03888579906884358       0.15151972352825063      0.016850209199060474
0.10882686155748629       0.12468081961100759      0.7656098804546273
0.10724647481129679       0.12165458906864259      0.7510998296646857
0.11088024241759505       0.12677998454502803      0.7940672306168098
0.11305304506298182       0.1282845240413694       0.834126032631232
0.11757030780970318       0.12515037880499327      0.9190668143248771
0.11770714436699929       0.12312127454831723      0.9061642641309674
0.11568480215280982       0.12196561056561965      0.8767858182251697
0.11324664400945472       0.12076673046848851      0.8424944336758116
0.11028952859412498       0.11943163817684316      0.8033663307379392
0.10654035660477638       0.11782071770662124      0.7567205415828991
0.10238922244646267       0.12043536485604386      0.684858347812249
0.10101531241749569       0.11571809108129039      0.6899835789092147
0.04537681029266055       0.14145744058778778      0.03188944408237838
0.056369033528010225      0.13465290503507338      0.07594848612666562
0.08684709585651976       0.11886559521228751      0.46334014280982194
0.09470505108811203       0.11287785666970107      0.620129958213129
0.0771988415027209        0.12458812009781013      0.296922573017162
0.09599848539053335       0.12039807534890526      0.5913528632748403
0.09165921057365764       0.12427684437768002      0.5116262423078387
0.10474983560174225       0.12509043522828125      0.702335929215749
0.10006346393789531       0.12425352226054191      0.636799489516856
0.04825581926100518       0.15119776932303092      0.030466175980862736
0.10795430558183644       0.12749658704451855      0.7423170222612067
0.11054309375485125       0.12927948882961127      0.7760858704215706
0.11902852142547596       0.12443187486862065      0.9278920778129397
0.05697103816079881       0.14610291913444243      0.061296632346889625
0.06771353565201468       0.13153168170940865      0.16245481777128923
0.0640111418660763        0.14008497216793475      0.11045775960229506
0.06604082318226398       0.1465189533900293       0.1095261469290643
0.10519286555896815       0.1286326902767885       0.6982186994876926
0.07896311625127246       0.13399701992938642      0.29565871139929056
0.08714452768436501       0.12866299681327184      0.43303379313484225
0.09490580024606855       0.12774774424657429      0.5547382012379543
0.10133836036130446       0.12837181558842917      0.6459489431518742
0.10757153985911194       0.1304938342917319       0.7241326112374978
0.07296127880729375       0.14161840157071995      0.19398822888006073
0.08172940641324379       0.14088672759931037      0.356687284692042
0.10403530906421782       0.13164402121030258      0.6758524408986384
0.08703110744799664       0.13669419178579784      0.4451467131289329
0.09351365482770307       0.1344579025792363       0.5448867487617971
0.09908288775893462       0.13286248030808673      0.6158382120524907
