% Model:              
% Version:            COMSOL 5.4.0.295
% Date:               Apr 12 2019, 16:09
% Dimension:          2
% Nodes:              142
% Expressions:        1
% Description:        Magnetic flux density norm
% Length unit:        m
% x                       y                        mfnc.normB (T)
0.1697362888082013        0.004745025796572744     1.096318490674259
0.16699999999999998       0                        1.1150908136762443
0.173                     0                        1.078248358348642
0.16429634979696356       0.005156118019051831     1.1325762048592523
0.16099999999999998       0                        1.1565029901378165
0.15924627663777857       0.004561565250279253     1.168870371680175
0.155                     0                        1.2014448248559761
0.15485071161624914       0.0068012581145869225    1.201504077276453
0.17549976322536137       0.004680618622148552     1.0618519157707216
0.179                     0                        1.049180402563226
0.185                     0                        1.0705864307778477
0.1805440222215383        0.004344825873408791     1.0351461129955035
0.1602489502774314        0.010685817658600627     1.1596778142128013
0.15429373800617546       0.014779797430333053     1.2026658863086628
0.18486748196016464       0.007001008049428838     0.9944177789740288
0.15947335383410272       0.019734894327670078     1.1611337125508958
0.15327107334300988       0.023086317945521163     1.2048429189213892
0.17844677560198013       0.010340537161353382     1.0327056901497305
0.18439717706243686       0.01492250285321696      0.9760300874663358
0.1582584026805083        0.028097083327430373     1.1635678705341839
0.15180028685763136       0.0313316598657146       1.2053241426055123
0.17783992575400498       0.017828499619406732     1.0290116835448007
0.18358761990882694       0.022816349756524114     0.9813984735510877
0.15692539053507698       0.036487599127382184     1.1600706509323604
0.1498865356337454        0.03948450880679621      1.20036940493563
0.1541712606893961        0.04457178713301363      1.1567673456512153
0.14753556509668703       0.047521121952256294     1.1874999339036196
0.17695871416604686       0.025835409082203085     1.0412220125887863
0.18244029263734401       0.030668218441902574     1.012346541924914
0.11710048961102687       0.11710048961102687      0.5557111137414206
0.12066259638134234       0.11602377979225542      0.5861809781806517
0.1198029025717425        0.1198029025717425       0.5539201176713107
0.1524466498000558        0.053442844835218155     1.1342770566141687
0.14475396006911478       0.05541922991443603      1.1633136184396413
0.17564151147349275       0.0337207799037871       1.0692138172558472
0.18095730613575406       0.03846366280128547      1.1192046562847844
0.12273215163799786       0.11879614967370894      0.5814138558217293
0.12191795942021305       0.12191795942021305      0.5558253410645041
0.12439190999795556       0.12092014816574274      0.581418520834161
0.12373574676369933       0.12373574676369933      0.5606546127941655
0.1260230326706213        0.12305360881947666      0.5847742383162107
0.1254500430906005        0.1254500430906005       0.5690485223669245
0.1278934000879767        0.12492608041776636      0.5959769085313917
0.127402860623675         0.127402860623675        0.584866275977448
0.12947004070106982       0.12702333530619822      0.609299480070659
0.1293033943524142        0.1293033943524142       0.608220003696978
0.13077604323048495       0.12865776081588132      0.6250299171912231
0.1308147545195113        0.1308147545195113       0.6319856068607083
0.11829302213355869       0.11236710390130147      0.6004948678819586
0.11364064996464597       0.11364064996464597      0.5636232426146554
0.10960155108391487       0.10960155108391487      0.5807966494135235
0.11535062297855381       0.10940467414321006      0.6114493025324003
0.11430520241126288       0.10468677424450623      0.6539370962641448
0.14856498376560237       0.06147612035057214      1.108887292687556
0.14154975616811535       0.06315589068920718      1.1206441787097399
0.14541803077203222       0.06959316726670536      1.05546509142684
0.13793206517494178       0.07070887777765679      1.0569771322734234
0.14103877329552936       0.07706145958355821      0.9871277161052633
0.13391130275086288       0.07805615283606246      0.9789986552747555
0.17441170459151167       0.04115873185310552      1.0689538761492667
0.17918788480880582       0.04600762912546265      1.0200624220218897
0.1323594521990962        0.12925159733463695      0.6436248201809752
0.11955534854153303       0.0986484598719744       0.7351400599358748
0.12173383513398306       0.10707246564653113      0.6617507572628545
0.12470907542304951       0.09204697989140187      0.8158644888703769
0.12850713209400533       0.09942075062280689      0.749954526780156
0.1327978544533995        0.091863448275694        0.8289504502981728
0.12949939198658875       0.08517574464073578      0.8972453661418746
0.17253080213548663       0.04797599938077732      1.050503144551901
0.17710410704343768       0.05347088243470971      1.0021348474548422
0.13833112889196972       0.08512232023607333      0.9028106527151872
0.13193257438033318       0.12689572256664583      0.6344705446366624
0.13427519987694378       0.12726024790957607      0.6558546628384788
0.16982266550116068       0.0551027756832986       1.0498205363779733
0.17470962849392796       0.060840329646655124     1.0145641580910212
0.16728160479694665       0.06257814092378407      1.064632521205787
0.17200864988931297       0.06810304224669946      1.067336339409928
0.13333475671519943       0.12408879201665617      0.6450829213414617
0.13667846315050056       0.12467556982351119      0.6688106502189601
0.16509354660578962       0.06985332869856803      1.0933264141861851
0.16900590966388118       0.07524627896902303      1.2527698800577458
0.16225873522605766       0.07610581485055098      1.053700117464323
0.16559316320041567       0.08248578241903548      0.985169997672942
0.13525111477249366       0.1207786282199293       0.6593306605272957
0.13939349911383409       0.12163244799313012      0.6803601423224729
0.1585935216202364        0.08293068526597733      0.9592348499766127
0.16187048416079564       0.08957090128802749      0.8914968350632376
0.15444979313957835       0.08966798806905557      0.8793705926006297
0.15784482864996452       0.09648839343912458      0.8226229886619311
0.1506494040633353        0.09612511782928182      0.8109304079672451
0.1535906714945641        0.10312567880915441      0.7536718567270647
0.1425207957495401        0.11795262938535044      0.6887812051897609
0.137667805984854         0.11688887737499062      0.6748778169220552
0.14018797598561136       0.11257817966944073      0.6884548188756052
0.1461071608817899        0.11347994333388939      0.6866977961918265
0.14966814395936529       0.10874027167410752      0.6411555346073892
0.14685238645737253       0.10248281470012732      0.7424407113815293
0.1433679083519952        0.10780953154435687      0.7035191537099549
0.17248129997643002       0.008696708556647966     1.075772891334982
0.1674854174804674        0.01021485983700856      1.108334241897241
0.17246894309485414       0.014434201384274594     1.070866707714866
0.16597674922360045       0.016907498151561513     1.1158757998955777
0.17139262141621928       0.021522378465600487     1.0771326621302995
0.16479120923852783       0.024852837236214734     1.1218030830973411
0.17015185206109995       0.029326277460600333     1.0891067460428538
0.1632891008625231        0.033089106163925436     1.126726319178803
0.16883795520978973       0.03693715391187116      1.0957511162853946
0.16241634946879244       0.04169473474007211      1.117610771556898
0.16882899396976692       0.04334480450182047      1.0826355627042845
0.15927435924612007       0.04909029587871965      1.115668616756343
0.12669281141961553       0.12102807340270925      0.5991127722882537
0.12395634042264123       0.1155127364273193       0.6100012480180622
0.12209067684889226       0.11256328356020132      0.6196700864205619
0.16564849545680846       0.049163254800322964     1.083462481237986
0.16162898372035134       0.05657277016394977      1.086954418318552
0.15529264233956525       0.06104470690479238      1.0940504747308253
0.1260922646272187        0.11842461064448438      0.6070644590397639
0.12704812311366814       0.11532957108622177      0.6293554929157195
0.12857013307356174       0.12232052441546168      0.6095653879384988
0.1284296670744891        0.1199664369812266       0.6166295656381502
0.13044429036833177       0.12430611025118604      0.6212234953834962
0.12580759017293594       0.11184033203359922      0.6437187407382637
0.16037564593133685       0.06499236231045862      1.0782756464422962
0.15337854414215887       0.06870158239921652      1.0602912581408275
0.1595363643565625        0.07117716407571661      1.0654203145459458
0.1487486016504855        0.0762191049948891       0.9982491888467123
0.14534940585531325       0.08214642752273707      0.9382845051736972
0.12939484872416365       0.11741915877446217      0.6331649878032072
0.12999558557486007       0.11345169734347055      0.6546219975777968
0.13142689774259358       0.12061647332908865      0.6356867847577633
0.13007193732728758       0.1073397688536005       0.6913172314496834
0.13434642621014278       0.10275405190582665      0.7341259837819578
0.13622115951449523       0.09721356782382018      0.782779326186002
0.139519235173614         0.09220132809148252      0.8332239743991424
0.15568894822797244       0.07642090508192721      1.0123832068993217
0.15161790760990687       0.08339108811519019      0.9357528568828988
0.14620193820895536       0.08935168093826575      0.8687083486741252
0.13300300433754492       0.11677059464496067      0.6554354668934322
0.13464800977356017       0.112010758667979        0.6792571984674997
0.13672792338872947       0.10738777887507042      0.7069367681776738
0.14016874944195085       0.10240920692554017      0.742377312564109
0.14349669272896975       0.09680749670403963      0.7939985748672936
