% Model:              
% Version:            COMSOL 5.4.0.295
% Date:               Apr 4 2019, 09:48
% Dimension:          2
% Nodes:              412
% Expressions:        6
% Description:        Magnetic flux density, x component, Magnetic flux density, y component, Magnetic field, x component, Magnetic field, y component, Remanent flux density, x component, Remanent flux density, y component
% Length unit:        m
% x                       y                        mfnc.Bx (T)              mfnc.By (T)              mfnc.Hx (A/m)            mfnc.Hy (A/m)            mfnc.Brx (T)             mfnc.Bry (T)
0.14219360751672513       0.16126369083392425      0.5513259508810843       -0.10271460455378871     -512732.8517034664       -538383.3451267047       1.2278610101507013       0.6076654834295757
0.1438630803671545        0.15977613747763975      0.31985493360773853      -0.25542259808951284     -688160.2639966209       -654117.7833212556       1.2278610101507013       0.6076654834295757
0.1437843011638772        0.1621397186335401       0.4771625597084538       0.005062334117864431     -568939.853139571        -456701.2854081063       1.2278610101507013       0.6076654834295757
0.14229180296348892       0.16387910921410265      0.5961077386444013       0.017494901752330722     -478793.5998795423       -447278.88257787         1.2278610101507013       0.6076654834295757
0.1401559414607037        0.16303776272159698      0.6518204552876862       -0.0415624448311788      -436570.0082278428       -492037.30464766425      1.2278610101507013       0.6076654834295757
0.14556035790804242       0.16166115515568835      0.3982512218643827       0.1110184174617248       -628745.2316342304       -376399.21676604805      1.2278610101507013       0.6076654834295757
0.1404795374205261        0.1661699620594801       0.6853670452586793       0.04180391522209224      -411145.69576231623      -428855.5508854889       1.2278610101507013       0.6076654834295757
0.1375990658279023        0.1652013834182043       0.7313940562784943       -0.014649589660029974    -376262.7132882749       -471640.5716324042       1.2278610101507013       0.6076654834295757
0.14501265706397484       0.1641185004863455       0.5294756829922908       0.10823550071438943      -529292.7476195787       -378508.3356067702       1.2278610101507013       0.6076654834295757
0.14771020838009488       0.16404880599496127      0.49690825509123515      0.2108690463588311       -553974.9720683497       -300724.3541002913       1.2278610101507013       0.6076654834295757
0.13448512613686056       0.1677460904103361       0.8078566679545895       -0.008562225951135871    -318313.1770503386       -467027.07627683884      1.2278610101507013       0.6076654834295757
0.13798242234163813       0.16922870792025435      0.77603098287542         0.058450643629912556     -342433.2489438423       -416239.3170168561       1.2278610101507013       0.6076654834295757
0.14687564754965954       0.16673023300797996      0.5878122014415739       0.20334625046393726      -485080.6272673169       -306425.7357790712       1.2278610101507013       0.6076654834295757
0.1498585479377249        0.16643477879376778      0.5604740215494181       0.2819838643728176       -505799.7056719459       -246827.807366927        1.2278610101507013       0.6076654834295757
0.13086450243499342       0.17058570280783072      0.8876461283484991       -0.019628935469874025    -257842.28643926373      -475414.3216276451       1.2278610101507013       0.6076654834295757
0.13503481631450184       0.17248483272427742      0.8634619742199439       0.06148427914135057      -276170.9896490533       -413940.18326835876      1.2278610101507013       0.6076654834295757
0.13130941625649564       0.17596531897968623      0.9612484043461578       0.050554165063772714     -202060.54335430494      -422223.9055731436       1.2278610101507013       0.6076654834295757
0.12628941794755286       0.17399995090363748      0.9871078739917502       -0.05255038152140312     -182462.1508789199       -500364.8495935214       1.2278610101507013       0.6076654834295757
0.14915879687888123       0.16900804110496276      0.6264530655193454       0.2776074169895996       -455795.46287055797      -250144.63229178762      1.2278610101507013       0.6076654834295757
0.15170777342351816       0.16848855176103086      0.6028908063666855       0.331162301125469        -473652.8438922632       -209556.42021113363      1.2278610101507013       0.6076654834295757
0.1266752948329518        0.18009080114725642      1.0897214274913924       0.030489850113299705     -104693.32103276416      -437430.2622594312       1.2278610101507013       0.6076654834295757
0.12046839858537518       0.17807965897955644      1.1293615666580026       -0.12711972372419997     -74650.82535078016       -556879.5134729795       1.2278610101507013       0.6076654834295757
0.12108359124388779       0.18479754884642974      1.2858917810313604       0.01078431124009177      43980.40017661971        -452364.70948781475      1.2278610101507013       0.6076654834295757
0.11406151945723374       0.1822497456215154       1.3132575503330621       -0.3003608423984153      64720.38806175423        -688175.6105385558       1.2278610101507013       0.6076654834295757
0.11496196460540178       0.18774566947818794      1.5386154909168468       -0.035566194473942755    235514.81762803523       -487492.8623411373       1.2278610101507013       0.6076654834295757
0.10750000000000001       0.18619546181365432      2.450687741394611        -0.3515007994840073      926756.7562970133        -726933.5960608384       1.2278610101507013       0.6076654834295757
0.11194733272335358       0.19389846804866634      1.7086297387112594       0.3203617760722213       364365.331592469         -217741.9294978585       1.2278610101507013       0.6076654834295757
0.15371416317097808       0.1707168733241848       0.6405248038405895       0.37811859816220084      -445130.7642433121       -173969.1498173851       1.2278610101507013       0.6076654834295757
0.15083713625199788       0.17150433064357096      0.6682721969282963       0.32722923756847394      -424101.5510632053       -212537.2130996592       1.2278610101507013       0.6076654834295757
0.12171511108879195       0.1941215753910888       1.3764574046137972       0.26971113237485034      112618.33668778524       -256129.07385606304      1.2278610101507013       0.6076654834295757
0.1175365816167529        0.20357933110818205      1.4248706777697153       0.492068106355174        149309.8211355114        -87609.01890404173       1.2278610101507013       0.6076654834295757
0.15268733430495413       0.1740610005616547       0.7041075774807122       0.3747138556246199       -396942.6084322711       -176549.5384117244       1.2278610101507013       0.6076654834295757
0.15607667671814274       0.1733407104361194       0.6776619893441315       0.4274709667723526       -416985.20878898166      -136565.94306691395      1.2278610101507013       0.6076654834295757
0.1285138810134152        0.20388634525949756      1.2623460478419652       0.45459952064414155      26135.54386321414        -116005.73617343778      1.2278610101507013       0.6076654834295757
0.1238480514009054        0.21451111744476997      1.2840085182966947       0.5749166510084937       42553.11173203478        -24819.707430015853      1.2278610101507013       0.6076654834295757
0.15480846422277003       0.1776597317462957       0.7498352242853619       0.4271472635703693       -362286.508313603        -136811.27147020109      1.2278610101507013       0.6076654834295757
0.15911377185190417       0.1767137463004017       0.71719178332877         0.4849070126919878       -387026.3415886985       -93036.27344899473       1.2278610101507013       0.6076654834295757
0.134954374538995         0.21443038391719627      1.205582952663333        0.5559960515345262       -16884.109388571702      -39159.26425165323       1.2278610101507013       0.6076654834295757
0.1300083756990153        0.22518111212019734      1.2208099353606856       0.6110120726759393       -5343.873366388839       2536.315338366324        1.2278610101507013       0.6076654834295757
0.1630169037728039        0.18104861345878226      0.7589454372321307       0.5522662746168905       -355382.05391789804      -41985.990123423544      1.2278610101507013       0.6076654834295757
0.15717940625200275       0.1818646962540314       0.7955343276201042       0.4820330331980172       -327652.04073935753      -95214.40698618605       1.2278610101507013       0.6076654834295757
0.1419233361843863        0.22534702043469898      1.1866092013537937       0.6106874539744169       -31263.9489595693        2290.2930956647174       1.2278610101507013       0.6076654834295757
0.1370433146384681        0.23736598379147436      1.1989197050469194       0.6235669346175845       -21934.056032369397      12051.402661457601       1.2278610101507013       0.6076654834295757
0.14987465313233178       0.2377501409122816       1.2002240111956903       0.6345568424059421       -20945.547599597663      20380.441464511074       1.2278610101507013       0.6076654834295757
0.14406205532736363       0.24952279926979237      1.2077210743374056       0.6179905393517856       -15263.66827733096       7825.160417714044        1.2278610101507013       0.6076654834295757
0.1527238887371359        0.2496881526242168       1.2197239430325184       0.6253939927578623       -6166.925972044417       13436.094729750455       1.2278610101507013       0.6076654834295757
0.15000000000000002       0.25980762113533157      1.2233001437580127       0.606678807339587        -3456.5925294194585      -747.7827473918819       1.2278610101507013       0.6076654834295757
0.16103994241124023       0.1880521358188585       0.8507448729313891       0.5603893198734083       -285809.0350389287       -35829.691049452114      1.2278610101507013       0.6076654834295757
0.16803318713690724       0.18661976054088492      0.8034414275335905       0.6325886387632681       -321659.40246910584      18888.777946687012       1.2278610101507013       0.6076654834295757
0.15898291174706047       0.2544099718415658       1.2351746910717365       0.6225246646582436       5542.897479902924        11261.486394479996       1.2278610101507013       0.6076654834295757
0.16579100625338003       0.19552528403212424      0.9090790600143706       0.6463228830623554       -241598.68158414823      29297.69637445582        1.2278610101507013       0.6076654834295757
0.17448147408386128       0.19378130872338178      0.8538629417699329       0.732031229962906        -283445.91090295225      94254.39672425367        1.2278610101507013       0.6076654834295757
0.16774570960808718       0.24871947432414523      1.2509431311452284       0.644417437263542        17493.49358725814        27853.59581409936        1.2278610101507013       0.6076654834295757
0.1594126411886501        0.24381149185626946      1.222843673154184        0.644201590104252        -3802.5427816836414      27690.00942194063        1.2278610101507013       0.6076654834295757
0.17175489526408105       0.2048343463993366       0.9842497982964252       0.7421100434761048       -184628.23123435696      101892.93477723926       1.2278610101507013       0.6076654834295757
0.1827264766555402        0.20293831176428725      0.9222395351622844       0.8666706017031016       -231624.61171163144      196294.97552063162       1.2278610101507013       0.6076654834295757
0.17636559893686754       0.2426832823077021       1.2780907494914437       0.6794611354616488       38068.149077602815       54412.53768290523        1.2278610101507013       0.6076654834295757
0.16723573263239175       0.23760993519534104      1.2274635688302407       0.6785988748575323       -301.2130987631943       53759.04702872192        1.2278610101507013       0.6076654834295757
0.17974736109036965       0.21581467922246475      1.1046249458720658       0.8472782351337472       -93398.23236731136       181597.87553128507       1.2278610101507013       0.6076654834295757
0.19218686299925508       0.21344513523273623      1.0266934247733632       1.0637055334967478       -152461.02667935353      345623.94388602796       1.2278610101507013       0.6076654834295757
0.17437338319379844       0.2325949583440162       1.235730012202565        0.7272045381423512       5963.764636925643        90596.3402384321         1.2278610101507013       0.6076654834295757
0.18472784382634896       0.23638025238007498      1.327822679632139        0.7401370615519882       75759.0181794719         100397.64989221974       1.2278610101507013       0.6076654834295757
0.1824177235021753        0.22683311317111843      1.250243782166187        0.8228624394319654       16963.470506492937       163093.61564814017       1.2278610101507013       0.6076654834295757
0.19283074277385465       0.22981798154470728      1.43302140359435         0.867621402709155        155487.09877730857       197015.5692349656        1.2278610101507013       0.6076654834295757
0.1891599477767999        0.2218883998394713       1.230329610166621        0.9746751965276715       1870.9042621444155       278149.57143952517       1.2278610101507013       0.6076654834295757
0.2007391819076575        0.22294344764321827      1.6842032936182396       1.2937105925520824       345853.0007414364        519940.334766027         1.2278610101507013       0.6076654834295757
0.14381222841992383       0.16729843601280808      0.6436611432871713       0.13143195280077188      -442753.7931664664       -360928.1926937127       1.2278610101507013       0.6076654834295757
0.1463686178479737        0.16954524770690257      0.6618212838893905       0.21930075868447277      -428990.5734327187       -294334.12221764977      1.2278610101507013       0.6076654834295757
0.14411908657284045       0.17052612402837647      0.7084787135130606       0.18373169970865563      -393629.8088776268       -321291.22487064236      1.2278610101507013       0.6076654834295757
0.14140139964700835       0.1700653155313888       0.7375507236906533       0.12602166326148642      -371596.6939948564       -365028.5466162634       1.2278610101507013       0.6076654834295757
0.14607445489607415       0.1724908941394915       0.724642397924315        0.24322825654981714      -381379.6647222528       -276199.9338315053       1.2278610101507013       0.6076654834295757
0.14826070038074393       0.17135023111786968      0.6827145068228081       0.2754356637495284       -413156.00339950743      -251790.56211718373      1.2278610101507013       0.6076654834295757
0.14293873205322222       0.1732307267512913       0.7727738741087146       0.19480809287177933      -344901.74875531433      -312896.6404728309       1.2278610101507013       0.6076654834295757
0.13902197633007474       0.17387216716652212      0.8322410965063131       0.13893015936111366      -299832.6897242531       -355245.44679655804      1.2278610101507013       0.6076654834295757
0.13654545438694865       0.177511009061035        0.9177969563445908       0.14762134047342992      -234991.55637311368      -348658.5685330721       1.2278610101507013       0.6076654834295757
0.14562975131505923       0.17520343591643966      0.7774311868167278       0.2620705424301602       -341372.06142671907      -261919.72936956616      1.2278610101507013       0.6076654834295757
0.1488495578144457        0.17420300701022806      0.7314973251398751       0.30887476120490825      -376184.4478132452       -226447.71615263456      1.2278610101507013       0.6076654834295757
0.14248600842051676       0.17815438446176485      0.856858658972009        0.24303293324786662      -281175.51470859116      -276347.96558867896      1.2278610101507013       0.6076654834295757
0.13244369941772166       0.1811214646829643       1.023650880573569        0.1351658297313363       -154766.9121506526       -358098.3595013502       1.2278610101507013       0.6076654834295757
0.1383285487663848        0.18234032644340617      0.9638537214445075       0.23249164221863347      -200086.0238565707       -284337.00641664426      1.2278610101507013       0.6076654834295757
0.14747956222523545       0.17802965152908432      0.8058543666776874       0.31803959291963         -319830.68250642525      -219501.86724785672      1.2278610101507013       0.6076654834295757
0.15097796532705507       0.17678150516348565      0.7592572931104578       0.36322359066170096      -355145.7043723361       -185257.78825117278      1.2278610101507013       0.6076654834295757
0.1430461172313496        0.18337450375616335      0.9243294008802317       0.3061345203873216       -230040.74285729983      -228524.4917306397       1.2278610101507013       0.6076654834295757
0.14633387602220332       0.18156779154662112      0.8678083105104655       0.33301048005134604      -272876.9853396428       -208155.72110745934      1.2278610101507013       0.6076654834295757
0.12840819896422687       0.18659703161026084      1.163569710317717        0.16265361722759666      -48725.13412486952       -337265.8963837815       1.2278610101507013       0.6076654834295757
0.13474218622300238       0.1858490080748893       1.0541719086701018       0.23153616206940467      -131635.61458012956      -285061.14636319637      1.2278610101507013       0.6076654834295757
0.14070782682921268       0.18803158865201583      1.0059772063303871       0.3279066600288606       -168161.44842873976      -212023.80770379244      1.2278610101507013       0.6076654834295757
0.15121096055461497       0.1815256729540182       0.8277189614039725       0.40001766181567827      -303259.92855695233      -157372.27253388515      1.2278610101507013       0.6076654834295757
0.14737432611843052       0.18677842767700878      0.9256662715751045       0.3922012829434164       -229027.5543841395       -163296.1550795972       1.2278610101507013       0.6076654834295757
0.13378931097900554       0.1936017915189362       1.145623961656632        0.33089347185175644      -62325.87034818602       -209760.16072427243      1.2278610101507013       0.6076654834295757
0.14332682708197633       0.19433052335760242      1.0412197487228316       0.41916488343931996      -141451.8063864388       -142860.96316303467      1.2278610101507013       0.6076654834295757
0.1508384628872616        0.192701884995057        0.9628250521260195       0.47809962220815905      -200865.63246059144      -98195.46318736652       1.2278610101507013       0.6076654834295757
0.1545139503055941        0.18801387805210482      0.8868498697692292       0.48571559580525464      -258445.75543388337      -92423.46392815166       1.2278610101507013       0.6076654834295757
0.13926478686127378       0.203143552812031        1.1414579312390825       0.4766923519421133       -65483.224319729634      -99262.0061354972        1.2278610101507013       0.6076654834295757
0.1505760662414989        0.20215021289821616      1.048092550168685        0.540220420356556        -136243.04294359736      -51115.3103581703        1.2278610101507013       0.6076654834295757
0.15770379180423316       0.19523943667413754      0.9453060019659513       0.5626492036197955       -214142.9821332092       -34116.968815878136      1.2278610101507013       0.6076654834295757
0.14562034173309615       0.21353434586813808      1.1424662800072098       0.5766333779447333       -64719.01626826263       -23518.63324981794       1.2278610101507013       0.6076654834295757
0.1556405671521762        0.2121238780230723       1.0931689641498397       0.623693200959431        -102080.4996009432       12147.097482652856       1.2278610101507013       0.6076654834295757
0.16173251199620375       0.204624525052632        1.0138583238903671       0.6444893013543075       -162188.5016822677       27908.06022017622        1.2278610101507013       0.6076654834295757
0.15404438450391642       0.2238242621153506       1.159466598887062        0.6414268036010929       -51834.80301175331       25587.052336214667       1.2278610101507013       0.6076654834295757
0.15991295134640182       0.23469127629416858      1.2016042885399103       0.6616127316180276       -19899.46206545319       40885.57721617816        1.2278610101507013       0.6076654834295757
0.1660505415051315        0.21632196960112948      1.1031822521828045       0.706921912524214        -94491.62204356564       75224.53011458051        1.2278610101507013       0.6076654834295757
0.1660130322334119        0.22766138609408734      1.1803701017077946       0.6994161470995918       -35992.442050539226      69536.0555002144         1.2278610101507013       0.6076654834295757
0.17369593809090966       0.22433791785755208      1.1779501125323102       0.7584354255148585       -37826.50509581171       114265.62644072164       1.2278610101507013       0.6076654834295757
0.14929385760081476       0.15713473719924323      0.308808581389739        0.37679366659259755      -184158.15056660562      -664787.8989484324       0.5517995364156061       1.253960633995949
0.14717762777466806       0.15672825489560352      0.24114307029948856      0.35052061891164876      -235440.5342182857       -684699.7342270613       0.5517995364156061       1.253960633995949
0.14881078238213738       0.15517844904114786      0.2668816971731656       0.41617623474264426      -215933.72614522092      -634940.6113639878       0.5517995364156061       1.253960633995949
0.1477141866725448        0.1586433045001471       0.30162851386198425      0.2970870637539172       -189599.78503696644      -725195.9934190918       0.5517995364156061       1.253960633995949
0.14552833348177205       0.15826087373074296      0.19196906314147952      0.25010831259380845      -272708.56426987326      -760800.2813591653       0.5517995364156061       1.253960633995949
0.14621309388678966       0.15978542583524724      0.30414599015074023      0.19140662900907088      -187691.83839186095      -805289.1533131051       0.5517995364156061       1.253960633995949
0.1438630803671545        0.15977613747763975      0.07743137792707919      -4.4181077713068007E-4   -359514.4631849937       -950687.3795818756       0.5517995364156061       1.253960633995949
0.15094424030540554       0.15570159871411648      0.3193518035122261       0.43456027661996416      -176167.64620036914      -621007.7011793026       0.5517995364156061       1.253960633995949
0.15042761821037356       0.15361162612105272      0.28316810781367857      0.46747646363312184      -203590.570151592        -596061.1589370109       0.5517995364156061       1.253960633995949
0.15202795795510773       0.15202795795510773      0.29478789785223986      0.5107688134595549       -194784.1557595587       -563250.7233515804       0.5517995364156061       1.253960633995949
0.15267035765564355       0.1542140968455719       0.3286558294309338       0.4833298117418588       -169116.30469742898      -584046.2126700488       0.5517995364156061       1.253960633995949
0.14556035790804242       0.16166115515568835      0.429085920767063        0.11935673678625891      -93002.2786435457        -859894.3747250043       0.5517995364156061       1.253960633995949
0.15376965435742518       0.1502660753423672       0.30467419591733214      0.5522882635909477       -187291.52144556213      -531783.9341950633       0.5517995364156061       1.253960633995949
0.15449231366695956       0.15258582825074313      0.33626874903834936      0.5276530249758314       -163346.61999799378      -550454.5056228923       0.5517995364156061       1.253960633995949
0.14841800777637798       0.16121746022472117      0.41017081390822824      0.26644764076833394      -107337.67271828359      -748417.0201888016       0.5517995364156061       1.253960633995949
0.14771020838009488       0.16404880599496127      0.5173147412237948       0.22937471419081445      -26135.36007756375       -776513.8750444925       0.5517995364156061       1.253960633995949
0.15591520852040652       0.14803866978610053      0.3146439518160578       0.5977442353098155       -179735.63605174414      -497333.73137552425      0.5517995364156061       1.253960633995949
0.15687822703124632       0.1507251908637553       0.3476257408589151       0.5738935770944334       -154739.37529848298      -515409.6844753975       0.5517995364156061       1.253960633995949
0.1498585479377249        0.16643477879376778      0.5796281512513111       0.30182411283621496      21090.769573823316       -721605.8754328223       0.5517995364156061       1.253960633995949
0.15088225694618382       0.1634575816996006       0.4995631888715156       0.3298724178433558       -39588.918670039006      -700348.6069221766       0.5517995364156061       1.253960633995949
0.15954788989326651       0.14879425255863296      0.3602284294537463       0.6168014468449129       -145188.04107888663      -482890.6389119117       0.5517995364156061       1.253960633995949
0.15859210710086358       0.14516729509537674      0.32583787055781893      0.6480290005915404       -171251.98128831421      -459223.87920027535      0.5517995364156061       1.253960633995949
0.162950166741183         0.1458714370425554       0.3723381875963871       0.6672888013448864       -136010.2893262742       -444627.24828189425      0.5517995364156061       1.253960633995949
0.16185104605357029       0.14152469357453143      0.3400789288615281       0.7019791360157775       -160458.95831738468      -418336.113803873        0.5517995364156061       1.253960633995949
0.15170777342351816       0.16848855176103086      0.6213271287712758       0.35191397029490035      52693.61906991961        -683643.7401313069       0.5517995364156061       1.253960633995949
0.1531225560807591        0.16568952622384941      0.5583969348558461       0.3795753665640671       5000.040825290275        -662679.7022786327       0.5517995364156061       1.253960633995949
0.16695896397610066       0.14226313263197576      0.387679706261534        0.716964779757492        -124383.24870677562      -406978.78391383495      0.5517995364156061       1.253960633995949
0.1657277881137935        0.13696459486637244      0.3610121964103432       0.7578672942967936       -144594.03924377         -375979.5583242257       0.5517995364156061       1.253960633995949
0.15371416317097808       0.1707168733241848       0.6589467547772525       0.3990439518986804       81204.80686096537        -647924.8375595369       0.5517995364156061       1.253960633995949
0.15503269565885758       0.16784309039879616      0.6025390223033534       0.41805810153267037      38454.47613798311        -633514.3808788777       0.5517995364156061       1.253960633995949
0.17152820254222742       0.13788301815267193      0.40937455400627876      0.7613869813661939       -107941.14271533662      -373312.05548978905      0.5517995364156061       1.253960633995949
0.1699148403062013        0.13173438064422704      0.394200175371975        0.8105253795432447       -119441.51113437225      -336071.0127969538       0.5517995364156061       1.253960633995949
0.1739386537906137        0.1263738292428817       0.45191674156555045      0.8410953152505167       -75699.24062009552       -312902.64909307857      0.5517995364156061       1.253960633995949
0.17465271226687648       0.13306115074722702      0.4293306644651903       0.791954591889428        -92816.79212284306       -350145.4539979769       0.5517995364156061       1.253960633995949
0.17989100414854298       0.13069846491950524      0.4544001983939869       0.7903723284427565       -73817.07666675754       -351344.6208970788       0.5517995364156061       1.253960633995949
0.15607667671814274       0.1733407104361194       0.6960254115958174       0.44849500809041903      109306.0045556444        -610446.837397488        0.5517995364156061       1.253960633995949
0.15751063925073974       0.17004176969407284      0.6388797765455005       0.4638424848445253       65996.4317252473         -598815.2812574692       0.5517995364156061       1.253960633995949
0.17942612195045557       0.13908377835029204      0.45075975160092         0.7648666528081901       -76576.10096285098       -370674.8797263158       0.5517995364156061       1.253960633995949
0.18714821162981998       0.13597113478921166      0.46756682762880636      0.7770531634158505       -63838.34273066333       -361438.9587632159       0.5517995364156061       1.253960633995949
0.1604490757947899        0.17238429627231222      0.6702094150704984       0.5127385126707914       89740.55951827434        -561757.9263712353       0.5517995364156061       1.253960633995949
0.15911377185190417       0.1767137463004017       0.7356276623879344       0.5058869025223506       139319.7853705509        -566950.629339154        0.5517995364156061       1.253960633995949
0.1862792360441147        0.14682331557049602      0.4821862107973394       0.7617815285450487       -52758.59465339434       -373013.0358050381       0.5517995364156061       1.253960633995949
0.19629838257619076       0.1426191231202691       0.4750098025965583       0.7817589552218388       -58197.45579053494       -357872.530062814        0.5517995364156061       1.253960633995949
0.16464498632945376       0.1753715657612714       0.7015864069403754       0.5755429877019401       113520.57549658464       -514159.6280402884       0.5517995364156061       1.253960633995949
0.1630169037728039        0.18104861345878226      0.7774147480852048       0.5731974018893516       170989.41035209954       -515937.3022141916       0.5517995364156061       1.253960633995949
0.20748880012500434       0.1507494373756197       0.46382166397823205      0.8152132901305316       -66676.72991007754       -332518.13592676545      0.5517995364156061       1.253960633995949
0.19460221645322495       0.15672680261868788      0.5133441241395804       0.7954172894681275       -29144.614058886822      -347521.14239758474      0.5517995364156061       1.253960633995949
0.16803318713690724       0.18661976054088492      0.8222811825638755       0.6532924902255327       204992.81428633328       -455234.7820899763       0.5517995364156061       1.253960633995949
0.17070166113242238       0.17950182654014668      0.73352509937318         0.6576427260342502       137726.2934802633        -451937.8224110583       0.5517995364156061       1.253960633995949
0.2067287183867056        0.164311263094608        0.5028653381483142       0.8654993306975851       -37086.2835260874        -294407.31723740284      0.5517995364156061       1.253960633995949
0.22003189741562074       0.15986253099016132      0.42619527478921787      0.8765394467119446       -95193.04338689214       -286040.22658981575      0.5517995364156061       1.253960633995949
0.17448147408386128       0.19378130872338178      0.8738854238748236       0.7516844024132733       244102.6718536874        -380665.45263786864      0.5517995364156061       1.253960633995949
0.1776983303957282        0.18524515303473385      0.7695530128236054       0.7512594297976656       165031.153075131         -380987.53117335745      0.5517995364156061       1.253960633995949
0.21925554965364935       0.1727658824771799       0.4575029077485087       0.9525920525948741       -71465.59318699744       -228401.42582177758      0.5517995364156061       1.253960633995949
0.23233717576859483       0.16880283903254076      0.36695114044591864      0.9442478105576982       -140093.02829135113      -234725.36566259537      0.5517995364156061       1.253960633995949
0.23128104406442077       0.17753004335522568      0.3772515333209451       1.0097664423315078       -132286.55952064163      -185070.06037012168      0.5517995364156061       1.253960633995949
0.2427050983124842        0.17633557568774194      0.23725975913867683      1.0073991054329507       -238383.62072689098      -186864.21927187973      0.5517995364156061       1.253960633995949
0.18571465410492044       0.19207089494066204      0.8027095667207331       0.8650495447052791       190159.86473522973       -294748.2013517314       0.5517995364156061       1.253960633995949
0.1827264766555402        0.20293831176428725      0.9463441274861615       0.8824372103154138       299017.72351928265       -281570.42549134156      0.5517995364156061       1.253960633995949
0.23640140300654325       0.18470077600415724      0.34066476345747837      1.0890397423440492       -160014.96559462408      -124990.35774058457      0.5517995364156061       1.253960633995949
0.19572599657956338       0.20160007611329192      0.8388800456891836       1.0484123581356262       217572.77198204078       -155781.0673675566       0.5517995364156061       1.253960633995949
0.19218686299925508       0.21344513523273623      1.0722878982129833       1.0600705312706806       394468.0742945496        -146945.56316819918      0.5517995364156061       1.253960633995949
0.22984002181672147       0.19280447186538208      0.4197030732486747       1.1445808441724674       -100113.35751416003      -82896.82964171281       0.5517995364156061       1.253960633995949
0.22507183304647208       0.18394448370244013      0.44071281986332256      1.0539624200994482       -84190.47643401996       -151574.78262465858      0.5517995364156061       1.253960633995949
0.22296725704768217       0.20071273573102608      0.4999252664724496       1.2089430527660836       -39314.50705112711       -34117.95513701904       0.5517995364156061       1.253960633995949
0.21822406616642925       0.19125945904186725      0.5245242636909577       1.0998919445113613       -20671.402277653982      -116765.68336744026      0.5517995364156061       1.253960633995949
0.21579018324658525       0.2084096850302429       0.5980703602259063       1.2986715709725463       35067.7634778259         33885.55538140793        0.5517995364156061       1.253960633995949
0.21278024817968938       0.198135725687278        0.609102549960259        1.1511280325088702       43428.84695092071        -77934.84208413125       0.5517995364156061       1.253960633995949
0.2008693275004374        0.21113914642632692      0.9155976057487937       1.2340164948244212       275715.5286745947        -15115.277785054064      0.5517995364156061       1.253960633995949
0.2007391819076575        0.22294344764321827      1.1853520415561039       1.779681752173774        480157.2042922077        398433.87926571094       0.5517995364156061       1.253960633995949
0.2084017640076336        0.2157978330718511       0.7531401648653503       1.4512893728310559       152592.17268097843       149551.63904617567       0.5517995364156061       1.253960633995949
0.20635431060651963       0.20527038103866882      0.7396814404963239       1.2109577483111265       142392.06548554098       -32591.05630454863       0.5517995364156061       1.253960633995949
0.1496426730586342        0.15884048859616173      0.3556458576818203       0.3467795143563371       -148661.08369591236      -687535.0450965922       0.5517995364156061       1.253960633995949
0.1513683239494743        0.15784994663623264      0.36432973344708713      0.40307720988253265      -142079.74201382606      -644868.1092505135       0.5517995364156061       1.253960633995949
0.15312856416968262       0.15637423019809715      0.36582268686229696      0.45713760329337755      -140948.26146222325      -603896.781456092        0.5517995364156061       1.253960633995949
0.1518289256849867        0.16042941817426554      0.4280842855356844       0.37729332907473634      -93761.39863520711       -664409.2144060042       0.5517995364156061       1.253960633995949
0.15330263490850704       0.15840206247112915      0.40276992584789745      0.4328004674568744       -112946.66280433806      -622341.4265469416       0.5517995364156061       1.253960633995949
0.15500145162633217       0.15498333983431412      0.3712120046650707       0.502382534843365        -136863.80161363         -569606.5219035447       0.5517995364156061       1.253960633995949
0.15536212099672575       0.15739868098606774      0.40992816749165434      0.4791606892831399       -107521.56974981348      -587205.910039861        0.5517995364156061       1.253960633995949
0.15435529581715934       0.1629255007860384       0.5030820771913366       0.41445176926764443      -36922.02119247778       -636247.5504332142       0.5517995364156061       1.253960633995949
0.15488290097443713       0.16020320121883963      0.45316589917436273      0.4434311981924354       -74752.52820036541       -614284.6010934012       0.5517995364156061       1.253960633995949
0.15662301570854786       0.15334422281496607      0.37092727804305825      0.5413517330278379       -137079.5904199307       -540072.5194302753       0.5517995364156061       1.253960633995949
0.15768714750919197       0.15567677086730727      0.4096949729568322       0.5293091041989528       -107698.30338276083      -549199.3951728373       0.5517995364156061       1.253960633995949
0.1565426697568889        0.1649060139326554       0.5492992588759064       0.44925147787210973      -1894.9120454516571      -609873.5235638893       0.5517995364156061       1.253960633995949
0.15811444186995613       0.1587002181091216       0.4548641370645295       0.5086604116689951       -73465.46651100356       -564848.6403372538       0.5517995364156061       1.253960633995949
0.15788378675547599       0.16203693032582         0.5048627584856272       0.4837846121041644       -35572.47723982247       -583701.5282615682       0.5517995364156061       1.253960633995949
0.15976660293191777       0.1529748226174541       0.3990909801248833       0.5782375081294735       -115734.8646956927       -512117.5030626502       0.5517995364156061       1.253960633995949
0.16022487081207876       0.15642780498474532      0.44087747980017716      0.5536817632053077       -84065.68384887902       -530727.8277578155       0.5517995364156061       1.253960633995949
0.15791195939263208       0.16733744696244154      0.5937386041166388       0.4693303748219577       31784.809206119076       -594656.1154619793       0.5517995364156061       1.253960633995949
0.1601896388553391        0.16476759194436064      0.5563684777168291       0.5096650262422149       3462.7123466016687       -564087.2623599677       0.5517995364156061       1.253960633995949
0.16235201763052867       0.16025232916576868      0.5015892729096856       0.5565900147956704       -38053.388718637376      -528523.720060858        0.5517995364156061       1.253960633995949
0.16368443178083303       0.150577666046306        0.41073478609075914      0.6332061462193779       -106910.24909630213      -470457.83417199436      0.5517995364156061       1.253960633995949
0.16373009930838558       0.1553406594340136       0.453600748644053        0.5999069045701174       -74422.96418797452       -495694.68612290546      0.5517995364156061       1.253960633995949
0.16662163274539085       0.1577407175997959       0.4927532288372065       0.6160113756628987       -44750.05582107969       -483489.41859768314      0.5517995364156061       1.253960633995949
0.16776835900483758       0.14753634731131923      0.41913709685992356      0.6826394024395133       -100542.30008531739      -432993.32426455274      0.5517995364156061       1.253960633995949
0.16064273109563754       0.16854079576008568      0.613538765060836        0.511929140362504        46790.968674138516       -562371.3340077382       0.5517995364156061       1.253960633995949
0.1643233179957366        0.1653882911405635       0.5733765455762824       0.5657298145649485       16352.798405051139       -521596.8423839495       0.5517995364156061       1.253960633995949
0.16795972812460286       0.16194967639544855      0.5410981501573613       0.6156003616691368       -8110.373909215916       -483800.9181633362       0.5517995364156061       1.253960633995949
0.16838129375454347       0.1533245917553985       0.4624026765292163       0.65266415668189         -67752.15308482146       -455710.98394417233      0.5517995364156061       1.253960633995949
0.17023807632203108       0.15776234892681265      0.5067842874059427       0.6495348694944967       -34116.18759238316       -458082.6102500189       0.5517995364156061       1.253960633995949
0.17262685103160746       0.14412102647463465      0.4321301343755764       0.7263810934583529       -90695.12795962887       -399842.34167004476      0.5517995364156061       1.253960633995949
0.1721100914825615        0.14959061178849603      0.4554656626685074       0.6959970347600486       -73009.58187638725       -422869.8327797088       0.5517995364156061       1.253960633995949
0.1648815214583883        0.17023676257885623      0.6358421218165236       0.5707586788313788       63694.25188942271        -517785.56330708956      0.5517995364156061       1.253960633995949
0.1699142708099232        0.16658259099886127      0.5928561354081174       0.629886994820196        31116.00321999963        -472973.35489604296      0.5517995364156061       1.253960633995949
0.1744359081657861        0.16170955847861496      0.5499666179957441       0.6773717173329368       -1389.1334609772425      -436985.6010424728       0.5517995364156061       1.253960633995949
0.17451636563776446       0.15472379118104607      0.4969498756494805       0.692016071801524        -41569.49827544037       -425886.92769930355      0.5517995364156061       1.253960633995949
0.1781877637371018        0.14843028958442672      0.4724557951462216       0.7302463456752079       -60133.08869727121       -396912.9416861906       0.5517995364156061       1.253960633995949
0.1706376280950222        0.17270034270998974      0.65912345073281         0.6410782020992426       81338.72131216204        -464491.75509782246      0.5517995364156061       1.253960633995949
0.1747025317364408        0.16835104144082924      0.6101191444307361       0.6778710629323486       44199.30426090311        -436607.15665934153      0.5517995364156061       1.253960633995949
0.18074510788521772       0.16636069602922057      0.5878116705410394       0.728553183667882        27292.90074929071        -398196.1564620063       0.5517995364156061       1.253960633995949
0.18234715826575237       0.15695900614621908      0.5232603661653464       0.737215076847937        -21629.28579557136       -391631.4749565791       0.5517995364156061       1.253960633995949
0.187663509937057         0.16393858956104124      0.5610294271529319       0.7739648166000713       6995.155881159648        -363779.55715232715      0.5517995364156061       1.253960633995949
0.17851304788740371       0.17463952818438092      0.663305086025406        0.7241927736429978       84507.90191703917        -401500.8269828054       0.5517995364156061       1.253960633995949
0.18590952189824916       0.17045309216815965      0.6093214657199371       0.7753315658596589       43594.758976032484       -362743.7242921816       0.5517995364156061       1.253960633995949
0.19476500126505916       0.16886262930715526      0.5716549004793835       0.8291099305114452       15047.996845901687       -321986.1406458472       0.5517995364156061       1.253960633995949
0.18924435805650006       0.1798074522421695       0.6706333648492125       0.8356840554459686       90061.86286544135        -317003.73836092773      0.5517995364156061       1.253960633995949
0.2043277890634621        0.17789334617783403      0.575371974954784        0.9275022148570846       17865.095782095497       -247416.52914245747      0.5517995364156061       1.253960633995949
0.19788025112558366       0.18962034163511576      0.6992175370731181       0.9652386019783933       111725.25478746342       -218816.85035776417      0.5517995364156061       1.253960633995949
0.21546276092279745       0.18398564944408066      0.5224858411071149       1.0244131555881786       -22216.28337445747       -173969.59934703234      0.5517995364156061       1.253960633995949
0.2079910642341057        0.1897320586546026       0.6146298580575834       1.0376726807289636       47617.88697797316        -163920.46139842656      0.5517995364156061       1.253960633995949
0.20436458273463448       0.19673594176986905      0.6967840433974054       1.0829008447675332       109880.9569423561        -129642.90961885775      0.5517995364156061       1.253960633995949
0.19849236791337416       0.09456991567348656      0.7786031892641055       0.7872174196673178       77700.4378504544         -306443.6740544472       0.6760798768767925       1.1915603216296948
0.1964122733931592        0.08744837826129705      0.9971039040007326       0.8409762037114992       243297.90841924644       -265700.9301723464       0.6760798768767925       1.1915603216296948
0.20436259078138294       0.09098808761984148      0.7705384637087468       0.648822504240906        71588.33815133588        -411330.50685872446      0.6760798768767925       1.1915603216296948
0.19316201607078487       0.09441099272579331      0.7663721936729685       0.903827543819825        68430.80257776563        -218067.11370477514      0.6760798768767925       1.1915603216296948
0.19635894583396574       0.10100320450354054      0.6798251029644327       0.8278759761446017       2838.434499260242        -275629.33956711047      0.6760798768767925       1.1915603216296946
0.18967932321939265       0.10122625323024223      0.6526634145447202       0.8998443879696013       -17746.88442797368       -221085.8705746252       0.6760798768767925       1.1915603216296948
0.19257002706214543       0.10739220291599992      0.6116028762224112       0.8500896120851081       -48865.87318992452       -258794.05402437042      0.6760798768767925       1.1915603216296946
0.18595764013263855       0.10791087098295528      0.5817118433868773       0.8911032368894292       -71519.70952276913       -227710.62011139886      0.6760798768767925       1.1915603216296948
0.17783597868926          0.1208278307495133       0.5072275991718027       0.8513768664047922       -127969.87928130741      -257818.4688434461       0.6760798768767925       1.1915603216296948
0.18094703545017854       0.1254539850691703       0.5137657716616374       0.8392783546433868       -123014.72465966623      -266987.6971809848       0.6760798768767925       1.1915603216296948
0.1739386537906137        0.1263738292428817       0.5248812042904323       0.8381184911284555       -114590.55300501082      -267866.7353320003       0.6760798768767925       1.1915603216296948
0.2053785364187728        0.10131655711133011      0.6575369286339069       0.7317527392691069       -14053.342249297255      -348479.28382772073      0.6760798768767924       1.1915603216296946
0.21427084925610862       0.09539952851424074      0.6474818728220794       0.623710880446088        -21673.874799379304      -430362.1214111499       0.6760798768767925       1.1915603216296948
0.18977981682857054       0.1141595595362154       0.5649953208755458       0.8474921308802931       -84188.83899412797       -260762.63484977352      0.6760798768767925       1.1915603216296946
0.18200642033529638       0.11444939037291267      0.5344928983300369       0.8746608236199608       -107306.0357769633       -240172.0074837591       0.6760798768767925       1.1915603216296948
0.1857691184127652        0.12080678909191106      0.5335891296425169       0.8427854209536606       -107990.98460567987      -264329.7593760746       0.6760798768767925       1.1915603216296946
0.26445886911407246       0.12576979067467792      0.06306518360890227      0.6692796404880195       -464591.99343593686      -395826.4385004747       0.6760798768767925       1.1915603216296948
0.26355479516764807       0.11734215495925246      0.15909545127057137      0.5042122020223985       -391812.50874644914      -520927.8612400976       0.6760798768767925       1.1915603216296948
0.27406363729278027       0.12202099292274005      -0.40142475357058505     0.6140166957539686       -816619.9435243147       -437709.1567111338       0.6760798768767925       1.1915603216296948
0.21605598999779813       0.10699503682569311      0.5674594172905413       0.6849592768536534       -82321.3479241206        -383943.1450077409       0.6760798768767925       1.1915603216296946
0.22590655033329238       0.1005800764074784       0.5421697637017219       0.5972899791417962       -101487.88781813152      -450386.012094584        0.6760798768767925       1.1915603216296948
0.17989100414854298       0.13069846491950524      0.5046582323538814       0.8294545373710588       -129917.15275601437      -274432.9785091874       0.6760798768767925       1.1915603216296948
0.22791539176486955       0.11271373840055961      0.47661676973575734      0.663290582732106        -151169.23555220987      -400365.4296734103       0.6760798768767925       1.1915603216296946
0.2382451188901193        0.10607356106462368      0.4381233839277274       0.5771844740441462       -180342.62901740693      -465623.5859976807       0.6760798768767925       1.1915603216296948
0.25278929880698986       0.12349573660274202      0.2418183499567388       0.6666727814612392       -329118.4219236225       -397802.1265959785       0.6760798768767924       1.1915603216296946
0.25114092921436376       0.1118151457412753       0.31572631858597644      0.554999217579041        -273105.00029874675      -482437.3632842661       0.6760798768767925       1.1915603216296948
0.24022940426173378       0.11817370700637016      0.37488655948363925      0.6566514466109615       -228268.59661603082      -405397.1026807441       0.6760798768767925       1.1915603216296946
0.2696387814065717        0.13151018044843124      -0.010602567658004861    0.8522540685984206       -520423.3589625678       -257153.65424722244      0.6760798768767925       1.1915603216296948
0.18752990463753968       0.12873375810591342      0.5236181926338045       0.8252062000920297       -115547.7651399394       -277652.7112609924       0.6760798768767925       1.1915603216296946
0.18714821162981998       0.13597113478921166      0.5193338468963778       0.8146966276362296       -118794.78800673054      -285617.7131949115       0.6760798768767925       1.1915603216296948
0.25945735897249667       0.1327776258285216       0.15661553500123493      0.7863679078059486       -393691.9893784439       -307087.50268279057      0.6760798768767925       1.1915603216296946
0.26490561459621          0.1408013329319157       0.14783459281174116      0.9108501652751709       -400346.8958282634       -212744.80457105368      0.6760798768767925       1.1915603216296948
0.19596461890042471       0.13264037082863064      0.5253811277529645       0.8145339614501417       -114211.67067058406      -285740.994754863        0.6760798768767925       1.1915603216296946
0.19629838257619076       0.1426191231202691       0.5267992132724207       0.8193250718209218       -113136.93105082936      -282109.90476244147      0.6760798768767925       1.1915603216296948
0.2546699485456609        0.14108176083842855      0.2382231848406299       0.8555593121477303       -331843.1281115285       -254648.67401391175      0.6760798768767925       1.1915603216296946
0.25982465882488387       0.14997048598485152      0.2420274371414989       0.9422462937228513       -328959.95878556656      -188950.28535011844      0.6760798768767925       1.1915603216296948
0.20705563708062882       0.13751714595721506      0.5073793454333272       0.8151395585187937       -127854.87372122477      -285282.0244358251       0.6760798768767925       1.1915603216296946
0.20748880012500434       0.1507494373756197       0.5158410035177855       0.8528479776048931       -121441.9465264865       -256703.54208471332      0.6760798768767925       1.1915603216296948
0.254404435492872         0.15899177086111402      0.306992249008973        0.9624862420087575       -279724.3829010736       -173610.8195518979       0.6760798768767925       1.1915603216296948
0.2501524029160831        0.1483092243303401       0.2940047678242555       0.8934130263095706       -289567.3439908868       -225960.0753317947       0.6760798768767925       1.1915603216296946
0.2198567136701071        0.1456735524674332       0.46247295221422874      0.8455593344600288       -161888.5616128815       -262227.46391775133      0.6760798768767925       1.1915603216296946
0.22003189741562074       0.15986253099016132      0.47755832761541095      0.9146683588705166       -150455.64702480994      -209851.06940733443      0.6760798768767925       1.1915603216296948
0.23317893310060114       0.1548771588675543       0.4010365244042227       0.9027017747236064       -208450.043383695        -218920.31235450532      0.6760798768767924       1.1915603216296946
0.23233717576859483       0.16880283903254076      0.4161466428689446       0.9851160961472791       -196998.3765057683       -156460.09027763936      0.6760798768767925       1.1915603216296948
0.24871320785348205       0.1677550006385221       0.348938747639546        0.9735154364335492       -247933.9419370111       -165252.0061660543       0.6760798768767925       1.1915603216296948
0.24486076098557302       0.15711576488762713      0.34367232664913755      0.9288375881448867       -251925.26066570834      -199112.4842701039       0.6760798768767925       1.1915603216296946
0.2427050983124842        0.17633557568774194      0.3440565315821489       0.9707943165498905       -251634.07916928435      -167314.2903576254       0.6760798768767925       1.1915603216296948
0.24042504907273243       0.1648919139802384       0.3707599269004422       0.9611584516759109       -231396.09173003034      -174617.1261940988       0.6760798768767925       1.1915603216296948
0.19890499874818324       0.10710265836813185      0.6216138934065841       0.8004537903898825       -41278.716664976775      -296412.0843920995       0.6760798768767925       1.1915603216296948
0.1965885238007552        0.11263514551296952      0.584837629107453        0.8154048971977401       -69150.7369109802        -285080.92937702616      0.6760798768767925       1.1915603216296948
0.20536018639388262       0.11334331789784638      0.5727198974397164       0.7674449240547769       -78334.53164422537       -321428.86650206003      0.6760798768767924       1.1915603216296946
0.19651555453574593       0.12121621071774132      0.5469591805969806       0.8130314307357981       -97858.08127809218       -286879.733756459        0.6760798768767924       1.1915603216296946
0.25055584332666403       0.13374436887443156      0.2590901062154053       0.7790963042542767       -316028.4915215027       -312598.5105373296       0.6760798768767925       1.1915603216296948
0.21763837120207996       0.1195077004698616       0.5056912020148153       0.7358096518511764       -129134.28500553069      -345404.6281556822       0.6760798768767925       1.1915603216296946
0.20725022874474056       0.12606504852624062      0.5214162544686077       0.7879208114790391       -117216.57153695724      -305910.58698889584      0.6760798768767925       1.1915603216296946
0.2298951203872424        0.12541494661590194      0.42605599151252543      0.7334282481144222       -189488.27260364042      -347209.4480423582       0.6760798768767925       1.1915603216296946
0.24139056650681792       0.1295291136131184       0.3398654972326556       0.7433755015965499       -254810.38313780722      -339670.61679536453      0.6760798768767925       1.1915603216296946
0.2447271800872743        0.13957828737395855      0.31430186206458927      0.8212210537794656       -274184.5683777861       -280672.97666379716      0.6760798768767925       1.1915603216296946
0.21942312018898846       0.1326588009420768       0.4685664193667787       0.7883974735718184       -157270.4405752795       -305549.33399722754      0.6760798768767925       1.1915603216296946
0.2330666989461126        0.13988341254248668      0.392285792567899        0.8180192011551358       -215082.053990469        -283099.5989124345       0.6760798768767924       1.1915603216296946
0.24167423584546782       0.1479100981723926       0.3454179791327688       0.8733423837215899       -250602.26437194383      -241171.22761230814      0.6760798768767925       1.1915603216296948
0.21358437296840643       0.05082015838583246      1.080892211500325        0.4376828079141605       -109368.87751171584      -132877.79513833742      1.2252010455916358       0.6130109280275209
0.21030173415776823       0.044701013525818255     1.2082138797029307       0.4592108241297788       -12874.244858616497      -116562.1275398701       1.2252010455916358       0.6130109280275209
0.2187747763548286        0.046502014242110416     1.0552412655873582       0.35215127880263836      -128809.23387853258      -197700.48870170457      1.2252010455916358       0.6130109280275209
0.20861355892316064       0.05201329669818059      1.086252893739226        0.49764756507950975      -105306.12000378252      -87431.664118478         1.2252010455916358       0.6130109280275209
0.21289379052366392       0.05772568455353381      1.0324470477404082       0.48283583530326596      -146084.53123213083      -98657.18797386189       1.2252010455916358       0.6130109280275208
0.20667246806660772       0.05925783444623142      1.043100645665036        0.5180398584112139       -138010.3751777589       -71976.7389531418        1.2252010455916358       0.6130109280275209
0.2847514161499473        0.06819358677868628      0.5464216360481183       0.3475544731595802       -514433.8014183279       -201184.31889468274      1.2252010455916358       0.6130109280275209
0.2821581766348898        0.059974571872594945     0.5909171716370402       0.2559928854328884       -480711.4945873837       -270577.0773901362       1.2252010455916358       0.6130109280275209
0.2934442802201417        0.062373507245327794     0.3034735584966901       0.36475618469582394      -698559.4559753893       -188147.4740345205       1.2252010455916358       0.6130109280275209
0.29108371715148706       0.07259662257483496      0.5283803771677272       0.4363500479487932       -528106.9229917316       -133887.86816901932      1.2252010455916358       0.6130109280275209
0.22149209016553145       0.05607046130659697      0.990184312453785        0.42829783446239533      -178114.64184856083      -139990.48521278804      1.2252010455916358       0.6130109280275208
0.2293501822442128        0.04874988615622282      0.9584277196316607       0.34396191717783137      -202182.35005521667      -203907.04767006225      1.2252010455916358       0.6130109280275209
0.2112110094604865        0.06467823084594429      1.0102860029379848       0.5189205360475732       -162879.95896730514      -71309.29038601292       1.2252010455916358       0.6130109280275208
0.20448707906258112       0.06640809059484887      1.0295630939131284       0.5392465282522162       -148270.22412384683      -55904.61356403058       1.2252010455916358       0.6130109280275209
0.23310338009017378       0.05954674136243915      0.8981639527462214       0.40893936758840255      -247855.09476548003      -154661.893277915        1.2252010455916358       0.6130109280275208
0.24180674530638413       0.05139761037094376      0.8647423296996907       0.32914393029949         -273184.69721314387      -215137.31366224727      1.2252010455916358       0.6130109280275209
0.24490658899779338       0.06268870174621904      0.812834001506385        0.39182171970304386      -312525.01635410084      -167635.02792106438      1.2252010455916358       0.6130109280275208
0.2550211250444592        0.054206413492670996     0.7757536753108178       0.3115730919113693       -340627.47923735995      -228453.91263242942      1.2252010455916358       0.6130109280275209
0.27219480205492774       0.06824795881264761      0.6378647739291878       0.35240225930147767      -445130.81377258507      -197510.27543022862      1.2252010455916358       0.6130109280275208
0.2688373226185425        0.057143136944371856     0.6868540054961226       0.2898185868124707       -408002.8215718651       -244941.23178008443      1.2252010455916358       0.6130109280275209
0.25810563068866554       0.06566977469854844      0.7258680779451036       0.3706580013444267       -378434.80976043356      -183674.60121143874      1.2252010455916358       0.6130109280275208
0.2814412996891634        0.07646822762292656      0.5878062169315208       0.39886782828731643      -483069.22705937614      -162294.9183460681       1.2252010455916358       0.6130109280275208
0.28837903155094813       0.08268938360960952      0.5936787271306757       0.43157042317461297      -478618.5650281709       -137510.25344966343      1.2252010455916358       0.6130109280275209
0.2088001308824001        0.07121689957947011      1.0083749229154946       0.5538182158465451       -164328.3295969409       -44861.013041038765      1.2252010455916358       0.6130109280275208
0.20205204686402012       0.07348449059536168      1.0410205734979627       0.561135851993789        -139586.8216890806       -39315.11797160158       1.2252010455916358       0.6130109280275209
0.2853166687048415        0.09270597909073411      0.6054901052710203       0.4117369558576474       -469666.9497150119       -152541.65517417112      1.2252010455916358       0.6130109280275209
0.2777274817576232        0.08556510595685193      0.6031401043601233       0.4192089363074046       -471447.97000662953      -146878.78553957658      1.2252010455916358       0.6130109280275208
0.20648989749970248       0.0783003280497326       1.0238538885373967       0.5994740642860036       -152597.12058420162      -10259.327516304349      1.2252010455916358       0.6130109280275208
0.1993576257321954        0.08050799377963583      1.0913778694938854       0.5894938279238348       -101421.99988673395      -17823.15585089801       1.2252010455916358       0.6130109280275209
0.2035101005020031        0.08402483501527672      1.057550340717087        0.6649371871187393       -127059.2304458331       39353.90862208512        1.2252010455916358       0.6130109280275209
0.1964122733931592        0.08744837826129705      1.3214330694728178       0.6693897002598537       72932.39183060685        42728.38231537072        1.2252010455916358       0.6130109280275209
0.2818936949637894        0.10264475018071757      0.5740773444227031       0.37671502378718297      -493474.07431107503      -179084.10091532825      1.2252010455916358       0.6130109280275209
0.2749304038148093        0.0949421732873363       0.5828445430593103       0.42862203324519005      -486829.58383448183      -139744.7812183778       1.2252010455916358       0.6130109280275208
0.20436259078138294       0.09098808761984148      1.0062605046403836       0.7703450891360418       -165930.80636002534      119240.52122684642       1.2252010455916358       0.6130109280275209
0.2720563011681083        0.10436545474496456      0.5193856097150332       0.4358430211443542       -534923.8834777237       -134272.13398905052      1.2252010455916358       0.6130109280275208
0.2781514535824174        0.1123911423110745       0.4670681003074489       0.31363864193397806      -574574.3131561703       -226888.4721738496       1.2252010455916358       0.6130109280275209
0.21250007482703748       0.08469175964308143      0.9601736121312593       0.6499979686904602       -200859.17185798727      28031.76358022724        1.2252010455916358       0.6130109280275208
0.21427084925610862       0.09539952851424074      0.8894848458724575       0.7339460691168638       -254432.8221968248       91654.40713278436        1.2252010455916358       0.6130109280275209
0.2246998608423689        0.0890744785284448       0.8464394358976136       0.6347714878414649       -287056.1068392704       16491.907899219135       1.2252010455916358       0.6130109280275208
0.22590655033329238       0.1005800764074784       0.7849841491532551       0.7066530528356592       -333631.88143210125      70969.55735639714        1.2252010455916358       0.6130109280275209
0.2382451188901193        0.10607356106462368      0.6803930138068027       0.6872699374239168       -412899.48235582205      56279.468640685314       1.2252010455916358       0.6130109280275209
0.2374189948019512        0.0933518050347032       0.7441246185108863       0.6074597509767113       -364598.5303566142       -4207.12984578391        1.2252010455916358       0.6130109280275208
0.26212822225105387       0.10683679890815277      0.5140929025321694       0.5408292958021491       -538935.1240038701       -54705.06461480565       1.2252010455916358       0.6130109280275208
0.26355479516764807       0.11734215495925246      0.3902050689774839       0.6393412093435399       -632827.3197142234       19955.2115449743         1.2252010455916358       0.6130109280275209
0.25114092921436376       0.1118151457412753       0.5568628523254143       0.6669116643516825       -506520.6053115506       40850.32677277708        1.2252010455916358       0.6130109280275209
0.25173048360338          0.09870263304707316      0.6308598900708157       0.5707412328723459       -450439.6799242259       -32035.385366350638      1.2252010455916358       0.6130109280275208
0.27406363729278027       0.12202099292274005      0.07169638665045952      0.209233119660602        -874218.8969048525       -306015.4005352723       1.2252010455916358       0.6130109280275209
0.2696661966272655        0.11181770147789072      0.42120872035975265      0.47939757428051993      -609330.2512790523       -101262.97958057722      1.2252010455916358       0.6130109280275209
0.2172091210446561        0.0629396375694953       0.9869196532274351       0.4891081718830247       -180588.86400753306      -93903.50525288706       1.2252010455916358       0.6130109280275209
0.27260052444247185       0.07947379023439605      0.6224266518961459       0.40885571081802646      -456831.0682183687       -154725.29512805055      1.2252010455916358       0.6130109280275209
0.22554478434929906       0.06620272367577903      0.9245626682520377       0.47835059575213634      -227848.01827011176      -102056.46438106925      1.2252010455916358       0.6130109280275208
0.2164417644362401        0.07001147826325693      0.9683054193944721       0.5318968075400003       -194696.2322284114       -61474.82490543084       1.2252010455916358       0.6130109280275208
0.23446511420909089       0.07139285196332615      0.849286808457007        0.4806359923649308       -284898.1381837861       -100324.40643891825      1.2252010455916358       0.6130109280275208
0.24703446756037978       0.07401380600257901      0.7633297461086727       0.4527102967858361       -350043.33516662265      -121488.75163269165      1.2252010455916358       0.6130109280275208
0.2606394778558905        0.07771863119280212      0.6780194314653165       0.4279452701156528       -414698.3745581227       -140257.68692013112      1.2252010455916358       0.6130109280275208
0.2678766901369892        0.08704987390197959      0.6204361901882718       0.44340479985921816      -458339.6006938129       -128541.20798410918      1.2252010455916358       0.6130109280275208
0.21284853477555835       0.07617286747375983      0.9768353502934257       0.5791156577508983       -188231.56238650298      -25688.570533144106      1.2252010455916358       0.6130109280275209
0.2225252395105798        0.07815771265798155      0.9036257203543606       0.5668258623450362       -243715.72660902978      -35002.76904948246       1.2252010455916358       0.6130109280275208
0.23569191996007124       0.08191720644328367      0.802755834336986        0.5425349495732893       -320163.0645556071       -53412.38257251845       1.2252010455916358       0.6130109280275208
0.2485207191896616        0.0849503608276298       0.7142095105796588       0.5093435706659691       -387270.6127393879       -78567.4874350711        1.2252010455916358       0.6130109280275208
0.25868607148368433       0.08910427848802395      0.6458725982315303       0.4870842506887264       -439061.8384338746       -95437.39602670143       1.2252010455916358       0.6130109280275209
0.2646076209787571        0.09696031138435798      0.5830867498604743       0.48510883737346         -486646.0199789784       -96934.52361610241       1.2252010455916358       0.6130109280275208
0.21851181133424072       0.004282343309043922     1.174421719285998        0.06958453704533576      -136524.7829594017       -102697.11908499232      1.3545619264608408       0.20509019328747993
0.21491495285989048       0.006046737734600284     1.183498258918281        0.12335724657978843      -129645.84891822375      -61943.82134283598       1.3545619264608408       0.20509019328747993
0.215                     0                        1.3034365587789072       0.0788625916849118       -38746.928495096974      -95665.46071277699       1.3545619264608408       0.20509019328747993
0.22153211244559606       0                        1.1475373894154905       -0.004726655346511473    -156899.89720037472      -159016.13620982724      1.3545619264608408       0.20509019328747993
0.2939637464633294        0.005695521308060831     0.627159000162243        0.08334440471987216      -551284.6254282452       -92268.78119597874       1.3545619264608408       0.20509019328747993
0.2912906773310885        0                        0.6394692379059265       -0.0076203493882549085   -541954.9340589896       -161209.21102191787      1.3545619264608408       0.20509019328747993
0.3                       0                        0.38919633484375477      0.1518395088674335       -731631.9323651962       -40357.66499274748       1.3545619264608408       0.20509019328747993
0.2998812590844032        0.008439813383774915     0.6305036374725673       0.18174497830392658      -548749.7894244943       -17692.88743893092       1.3545619264608408       0.20509019328747993
0.21916489477957016       0.010056606925302572     1.1320604716718075       0.11491079549009868      -168629.55416577394      -68345.22345001718       1.3545619264608408       0.20509019328747993
0.2146079215352673        0.01297844421772086      1.1393685382734413       0.14955647721926368      -163090.91167008426      -42087.93057389728       1.3545619264608408       0.20509019328747993
0.22605776214855489       0.006570620482116464     1.091841419289104        0.06222341251885949      -199110.7969904363       -108275.97315691462      1.3545619264608408       0.20509019328747996
0.2295509208830046        0                        1.0679753974404576       -4.963458836975317E-5    -217198.3938911568       -155471.5125307717       1.3545619264608408       0.20509019328747993
0.2854750206316411        0.006764437927800289     0.7003693464315554       0.055577603483764726     -495799.91831286234      -113312.70343681991      1.3545619264608408       0.20509019328747993
0.280598976163982         0                        0.7297137593174726       -7.679309605634436E-4    -473560.35467989463      -156015.89547476982      1.3545619264608408       0.20509019328747993
0.29279717610388334       0.013082256066939166     0.6877032378778277       0.12411035028930306      -505399.31729412096      -61373.05859031171       1.3545619264608408       0.20509019328747993
0.2994353494911259        0.01839759427553535      0.7135937998956949       0.16560328796626647      -485777.3605104503       -29926.362710822785      1.3545619264608408       0.20509019328747993
0.21999265260132395       0.017608775662666443     1.1018014349815792       0.15326322666218614      -191562.29351076853      -39278.65678035328       1.3545619264608408       0.20509019328747993
0.2139941503003111        0.020772665626919984     1.1217701922577898       0.1777848033283513       -176428.3581397628       -20694.227547843475      1.3545619264608408       0.20509019328747993
0.23568465716482073       0.008011281799242511     1.0147791724267057       0.06009309369638407      -257514.7851519537       -109890.50063767021      1.3545619264608408       0.20509019328747993
0.23967574978801798       0                        0.9892049518896789       1.0149050924842158E-4    -276896.992838573        -155356.97773881373      1.3545619264608408       0.20509019328747993
0.27446566242157894       0.009353719059925087     0.7728661030287025       0.05694546318048038      -440856.0270244532       -112276.02899782716      1.3545619264608408       0.20509019328747993
0.2671008608529225        0                        0.814566552059261        -5.661931671812059E-4    -409252.06229890557      -155863.00229845918      1.3545619264608408       0.20509019328747993
0.246589934079709         0.009500254868112823     0.9391211988181666       0.06274065996813712      -314854.5017429781       -107883.96130760887      1.3545619264608408       0.20509019328747993
0.2524588760866141        0                        0.9036877562129112       -8.485812224082179E-5    -341708.8233686418       -155498.2077666229       1.3545619264608408       0.20509019328747993
0.26030964818368396       0.010052364217382715     0.8539687875313792       0.060365651101296935     -379389.8692310083       -109683.93464591696      1.3545619264608408       0.20509019328747993
0.29009797024321665       0.02322635326954725      0.7292401300878769       0.13518422188424498      -473919.30912314676      -52980.385240312         1.3545619264608408       0.20509019328747993
0.2985547833257674        0.02941158535856111      0.7403968169303643       0.14464044379310634      -465463.87169690785      -45813.697336649326      1.3545619264608408       0.20509019328747993
0.21933108988885716       0.024875286340662023     1.0951135274158943       0.1910402319413548       -196630.92945372302      -10648.194278504156      1.3545619264608408       0.20509019328747993
0.21306443157012356       0.028784509717903747     1.1249889418170378       0.2076335999395623       -173988.93003057627      1927.5987665319506       1.3545619264608408       0.20509019328747993
0.28860062957848465       0.03408536499236444      0.7316805578957014       0.14500043375630306      -472069.75603326986      -45540.86789804823       1.3545619264608408       0.20509019328747993
0.29725876553480785       0.04046265330798246      0.7273908558566138       0.11993005212903447      -475320.8383376133       -64541.22580842933       1.3545619264608408       0.20509019328747993
0.21841363211861345       0.033074984274605236     1.1029976957589744       0.23760682816219872      -190655.67057767615      24643.729395361017       1.3545619264608408       0.20509019328747993
0.21183409208948564       0.0367602697028094       1.1561983020030684       0.24164936877224366      -150335.95886704233      27707.49282744853        1.3545619264608408       0.20509019328747993
0.28778092638557434       0.044594582105732763     0.6981158686760519       0.15427206851488875      -497507.78556970065      -38514.0750296123        1.3545619264608408       0.20509019328747993
0.29555674296246154       0.05144134222025415      0.660334450236923        0.08718210167002703      -526141.5927202274       -89360.26481642714       1.3545619264608408       0.20509019328747993
0.216726858988888         0.03973510392985013      1.1263434681177171       0.2923273142189281       -172962.36071485677      66115.3286540258         1.3545619264608408       0.20509019328747993
0.21030173415776823       0.044701013525818255     1.2746503831622447       0.30865049919831766      -60563.41488606483       78486.35520866024        1.3545619264608408       0.20509019328747993
0.2872652060360286        0.053140400133005264     0.6385517986128701       0.18348336712125585      -542650.2435755451       -16375.396137532714      1.3545619264608408       0.20509019328747993
0.2934442802201417        0.062373507245327794     0.41170402751195856      0.0617021381705997       -714573.7869093018       -108671.03691516488      1.3545619264608408       0.20509019328747993
0.2187747763548286        0.046502014242110416     1.0939146459196991       0.3697757507276382       -197539.53857896524      124812.00248783547       1.3545619264608408       0.20509019328747993
0.22535328808059496       0.03869995481296075      1.051470747713677        0.28110768973479344      -229706.9490721921       57612.19200505015        1.3545619264608408       0.20509019328747996
0.2293501822442128        0.04874988615622282      0.9989561986850322       0.35376442965814014      -269506.71127290884      112677.33156573055       1.3545619264608408       0.20509019328747993
0.2375994734957907        0.040496289864166195     0.9587844168993573       0.27493548532247336      -299952.12862528564      52934.397519362836       1.3545619264608408       0.20509019328747993
0.24180674530638413       0.05139761037094376      0.9055245698175609       0.3381199265797333       -340316.7378223634       100820.66491265998       1.3545619264608408       0.20509019328747993
0.2821581766348898        0.059974571872594945     0.627710710860602        0.28164618780800094      -550866.4945482425       58020.30929169984        1.3545619264608408       0.20509019328747993
0.27820847028216955       0.049790767802592506     0.7000006547807649       0.22085241508550899      -496079.34259238624      11945.883396510217       1.3545619264608408       0.20509019328747993
0.2688373226185425        0.057143136944371856     0.7268180764676669       0.30039083872382993      -475754.9367711946       72226.51810020562        1.3545619264608408       0.20509019328747993
0.25064109373229226       0.04197370564616066      0.8722490074086472       0.2578857268564447       -365535.64373446576      40012.71495559444        1.3545619264608408       0.20509019328747993
0.2550211250444592        0.054206413492670996     0.8164413446440628       0.3207548806007283       -407831.193217271        87660.03203372342        1.3545619264608408       0.20509019328747993
0.2659581309409016        0.04365862734000513      0.7823125574215354       0.23244528214449867      -433696.7417324936       20731.893382440732       1.3545619264608408       0.20509019328747996
0.22447052694351552       0.013869873213009472     1.0847546737582299       0.12074359277902554      -204481.70452221276      -63924.65906627567       1.3545619264608408       0.20509019328747993
0.23037133203589533       0.013680394283650772     1.0456744737039094       0.10731842347477012      -234099.8331682377       -74099.33552636058       1.3545619264608408       0.20509019328747993
0.2810870248519476        0.017145814137003185     0.746061632723964        0.10287217147308962      -461170.6172433058       -77469.06402302576       1.3545619264608408       0.20509019328747993
0.22722150913351621       0.02134256535983122      1.053939008188572        0.16217532465857745      -227836.3021416307       -32524.349878233992      1.3545619264608408       0.20509019328747996
0.2794909653423249        0.0278595165804056       0.7556641086549326       0.14145441488021396      -453893.0862417125       -48228.32710008035       1.3545619264608408       0.20509019328747993
0.2384392871379411        0.018677805904609275     0.984714865109342        0.1301580373416917       -280299.9428671549       -56789.63340621403       1.3545619264608408       0.20509019328747996
0.2682642292603144        0.02118391601617488      0.8060858834573047       0.11866057438815318      -415679.39719759865      -65503.338463697866      1.3545619264608408       0.20509019328747996
0.25297832640096474       0.020276295360083508     0.8911731922627918       0.1252321783800308       -351193.36962245667      -60522.84675250855       1.3545619264608408       0.20509019328747993
0.22468613325678505       0.029723543553609028     1.0612945054371374       0.21675691921531176      -222261.71287492575      8841.986195775307        1.3545619264608408       0.20509019328747993
0.23311114706234354       0.030624926979985905     1.0046503259314907       0.21495963048806455      -265191.2422354415       7479.8557905146345       1.3545619264608408       0.20509019328747993
0.2784203666392163        0.03895749933195751      0.7405478019266774       0.17776182708891156      -465349.44308502245      -20711.64079584583       1.3545619264608408       0.20509019328747993
0.2701276233968467        0.03262427298908054      0.7863284534786377       0.17062755597619447      -430653.17169234564      -26118.56704797269       1.3545619264608408       0.20509019328747993
0.24528319609196486       0.03077811254214201      0.9254433877672438       0.19872070820703705      -325220.65050217474      -4827.309692869331       1.3545619264608408       0.20509019328747993
0.2584071002979107        0.0314891662020425       0.8469449073505689       0.18308535859770933      -384713.1323284421       -16677.03910855719       1.3545619264608408       0.20509019328747993
