% Model:              
% Version:            COMSOL 5.4.0.295
% Date:               Apr 18 2019, 23:07
% Dimension:          2
% Nodes:              142
% Expressions:        1
% Description:        Magnetic flux density norm
% Length unit:        m
% x                       y                        mfnc.normB (T)
0.09640239014281014       0.09640239014281014      0.7336993328511406
0.09864592982406947       0.09569175820073207      0.758998684442462
0.09801549245517238       0.09801549245517238      0.7230575124779038
0.09980759279076294       0.09723172318923295      0.7464006606207888
0.09935197569363849       0.09935197569363849      0.7139176107252739
0.1010298551167505        0.09873254830929988      0.735021487148023
0.10055110182413789       0.10055110182413789      0.7059627902806002
0.10230502127121709       0.10004383746276892      0.7275260095751758
0.1018986811893716        0.1018986811893716       0.6984710922710583
0.09436705114231947       0.09436705114231947      0.7462031807933199
0.09714439045585889       0.0934126753427347       0.779365511061549
0.10339615688888633       0.10158420213040203      0.7170798395010749
0.10319894757499035       0.10319894757499035      0.6943389869774149
0.10431726194064302       0.10270863942148989      0.712558540028013
0.10429825022501577       0.10429825022501577      0.6943592563318329
0.09304250185011143       0.0876385012075454       0.8322382844039963
0.09179154613571988       0.09179154613571988      0.7614952336447316
0.08853493265432177       0.08853493265432177      0.7826674431837098
0.09523217652295878       0.09047257691682041      0.8065515566740604
0.08485281374238571       0.08485281374238571      0.8133152845625122
0.09045606500412695       0.08372567211440282      0.8770349346621212
0.08905412943009632       0.0804323444358527       0.9277501022602341
0.10549567156111032       0.10308692100295898      0.7208446813044965
0.09477441613088247       0.08062532016018897      0.9642309254034603
0.09370222583146418       0.0749659447631342       1.0679348421340509
0.10519728345321233       0.10137487617408228      0.7371079202023137
0.10697143745333418       0.10155472204268681      0.7516025379270911
0.10631566731476759       0.09921620916106665      0.7733284514309445
0.10881341324474053       0.0995785674632312       0.7894811287862343
0.09980643175199307       0.07561444383258378      1.0885878467880525
0.09821425709406852       0.06894896448432139      1.2138540892033178
0.10790515536255504       0.09663919334274822      0.8200033619315512
0.11104007677107049       0.09708939875534683      0.8374149037713295
0.10466581658214133       0.06932781411427488      1.2250666652134508
0.10234370402187638       0.06265593544974463      1.3492793702259502
0.10993103407531533       0.09359106559384643      0.88083107261986
0.11368584745541678       0.09397754033993276      0.9029743827058119
0.11207244418126593       0.08997790175347851      0.962734565015332
0.11656403805952403       0.09038293550918682      0.9980488893013985
0.10916453774152357       0.06239797652207449      1.3518940609470427
0.10607178651330175       0.05611395642686884      1.4680182804462083
0.11276173314842713       0.05521239496707493      1.4605890682539455
0.10938344987623101       0.04934836261897708      1.5647158581806495
0.11603080375331848       0.047909192865375955     1.540855657609038
0.11226335543685854       0.04239031759797942      1.6326896029374929
0.11449621867053629       0.08598202061693905      1.067477547988722
0.11933000667030474       0.08669832471313978      1.2512305470341998
0.12384015939662636       0.003932727726296863     1.654106839297599
0.11984503489415724       0.00609652451961188      1.7078663043733198
0.12                      0                        1.7078965773120047
0.11867698623907859       0.04048582624511445      1.5916039643155517
0.11469988494478482       0.03526948246931228      1.6744606241851623
0.12132842155378365       0.03304541407484691      1.6153502688831016
0.11668130965100298       0.028026272997434966     1.6970679719018584
0.11729482641838568       0.0816827732401205       1.155796973558209
0.12245742727269296       0.082221824996488        1.184163352251644
0.12035193084574848       0.07692995937952975      1.1924240199467644
0.1258492552749718        0.07692993530957215      1.185542472221487
0.12280686920974283       0.02532282298603368      1.6330483819313975
0.11820387519983408       0.02068438753606333      1.706631941936917
0.12509348700846568       0.009711272498386502     1.6338348387769426
0.11926644814655069       0.013248182762406772     1.7082955696050457
0.12450607855263665       0.01759779313562361      1.6313401709781994
0.12550000000000008       0                        1.6327609288490363
0.12327076661251814       0.0718554009106838       1.241308940968366
0.1290588995336073        0.07141463751342728      1.235485919065152
0.12601783968937352       0.06632192541681792      1.320200443287083
0.1320269814706017        0.06576569138814989      1.3321791514699146
0.12835760380506242       0.004498861116409351     1.5954186785990039
0.13100000000000006       0                        1.5640640039069247
0.12895962929629343       0.0608684560015178       1.4262315917985982
0.13474795500228365       0.05999365485368052      1.6659599247795542
0.13135026496641752       0.05548004798331381      1.4932959521932017
0.13714203166850628       0.05429837152101711      1.4767356242587122
0.13335034103385845       0.049686925875958445     1.467098629553403
0.13929551461002362       0.04850783039395476      1.4094910011357948
0.13368431054108362       0.0046246882362821345    1.531250492599135
0.1365                    0                        1.501808603348507
0.13553910794911694       0.04402281631894794      1.4500554150052345
0.14120462588598406       0.042632190049295575     1.3933641581574712
0.13722502838666892       0.03835406449519639      1.4557860315889073
0.1428660162664803        0.03668175835678779      1.4150035815134352
0.13907890351444208       0.004206441157659143     1.4723187347727034
0.14200000000000002       0                        1.4482380015580272
0.14095615257648322       0.020760311923549078     1.4456220647488445
0.14635480217395494       0.018344532717474396     1.3672429895672529
0.14544634230309372       0.02452777019321725      1.409398658652708
0.1400170767296197        0.026637947713597707     1.47807533934131
0.14427677110823633       0.0306669743956195       1.5384006298778887
0.1385293106033838        0.032495538659018504     1.4805566412363553
0.14254091629174512       0.00843547657003709      1.4240549351568224
0.14738233187615105       0.005890522111668839     1.3716562540791226
0.1470005198158711        0.012128362373530663     1.3559591845287888
0.1415906686404009        0.014555715057276005     1.4289842605468142
0.14370043033646762       0.0037064879678730144    1.427134420964118
0.1475                    0                        1.451420383416421
0.10142378343369282       0.09712225863598067      0.7602619838844895
0.09960508647322784       0.09312667591355056      0.8020865601011504
0.10092364489938743       0.09521899913613885      0.7827750085467381
0.10273965568705379       0.09809439305004032      0.7575430276654064
0.10261549830847308       0.09631845562520264      0.7809299363586893
0.10421467255882674       0.09940210046664022      0.7527020120640554
0.1016399389136598        0.09294907669686618      0.8207097733964936
0.1007736911072794        0.09114044114336081      0.8401646511585537
0.09850292363911202       0.09034710496147069      0.8337645819981345
0.09386334787432356       0.08434189512462001      0.8926030263348211
0.10344115665584916       0.09404419168219495      0.8195682213996668
0.10479204181593668       0.09674779547701103      0.7928686303756081
0.10106494103910538       0.08853101657091314      0.8817368352248639
0.10372753112963883       0.09088356811602383      0.868309632659499
0.09718040851217341       0.08537808701634286      0.9001935590368962
0.1014676580371666        0.08549169597925863      0.9324538420351942
0.10626667817727882       0.09356445129985073      0.850210352532439
0.10493783101268553       0.08588631383992724      0.955682918804288
0.10797792385575873       0.08995847334252442      0.9205901070653987
0.10178120739198972       0.0817644304995215       0.9951299483732582
0.10724706072477072       0.0826345424421358       1.027530270206109
0.10977960297104433       0.08597537511844157      1.002631064379533
0.10726920914862005       0.07660811652711716      1.1180932540520532
0.11193316856164368       0.08130544524659869      1.0937733821884124
0.11470747676764065       0.07639485702779392      1.1719422916159192
0.11289387123003748       0.06935133655489208      1.2511529411529403
0.11853183272828174       0.07249496479252018      1.2285353693853183
0.11606248440582202       0.061278924705948014     1.371617070383017
0.11985365423014943       0.06695173000658647      1.2999524076628262
0.12063411077833577       0.05410558189721881      1.4620343637078357
0.12269076752627377       0.04582784566408969      1.5243078047078011
0.12293964998106718       0.061066189990228566     1.387354653336285
0.12667508466801702       0.056583226376916054     1.4566449612120387
0.12726386196970713       0.05085788890173556      1.4830774608189552
0.12645685662560174       0.038255481514171005     1.5416960616732869
0.12752624564964785       0.03007915909993232      1.5674499229040386
0.12951126503937915       0.044954600136781486     1.4922043330164014
0.13264787835547712       0.04000122320620779      1.4859425269553133
0.13079186089663555       0.00869928345720861      1.5629190681925746
0.13037193115714638       0.022226677837139008     1.55717296353902
0.13048678096964847       0.014323838190098491     1.5625219048351857
0.13257355439555102       0.034304407652025665     1.5102483525001595
0.13421741673374668       0.028328079340883994     1.5165850472675826
0.13649974499345224       0.023124503604052667     1.4967266103598056
0.13632904758462874       0.010336599956556744     1.4956761068144104
0.13582828061837776       0.01737140225567646      1.4994580058702764
