% Model:              
% Version:            COMSOL 5.4.0.295
% Date:               Jun 11 2019, 23:54
% Dimension:          2
% Nodes:              162
% Expressions:        1
% Description:        Magnetic flux density norm
% Length unit:        m
% x                       y                        mfnc.normB (T)
0.12075428037289765       0.12263214533252319      0.9432723845324753
0.12118712126925907       0.12118712126925907      0.9572949173791385
0.12257643634484504       0.12257643634484504      0.9540907981034794
0.11907734110506978       0.12148830391894         0.9411202235069472
0.11949295472980519       0.11949295472980519      0.9597161513188947
0.12128612142192498       0.12385330938020896      0.9372722771537666
0.11951807430708757       0.12348438647841548      0.9297964337470829
0.11998250610902066       0.1251166005044994       0.9218035836619133
0.11722750729727216       0.11991858947644395      0.9391664974016217
0.11779098218988727       0.11779098218988727      0.9605380472141164
0.11625629392899087       0.11625629392899087      0.9601128726381906
0.11541548148688979       0.11854520331079041      0.9342230525188384
0.11866573336224161       0.12636617118360863      0.9075575797006431
0.11806788235302047       0.12467342720948354      0.91364010567851
0.11454009361922167       0.11454009361922167      0.958532834379178
0.11364583531140869       0.11701480873242955      0.929354996712661
0.1173359475805581        0.12760188438803022      0.8945018901337795
0.11680145387931608       0.12591089780787695      0.899403947236005
0.11244147722569761       0.11244147722569761      0.9554042374613165
0.11147916151607458       0.11535237644426195      0.9201198600203271
0.11599329458996643       0.128823604607886        0.8826740196065662
0.11554151580320589       0.12721015079740156      0.8861506208550147
0.10878700884844647       0.11332864011046222      0.9063098879170725
0.10974806377168025       0.10974806377168025      0.9503454995959791
0.11446646889273666       0.1301821531287289       0.8707597916110429
0.11402876869330218       0.1282568247884112       0.8734963855992985
0.10531968532110397       0.11087162310182092      0.8851523693480914
0.10629126679892989       0.10629126679892989      0.9441253992989136
0.10081904205450999       0.10790015968419163      0.8545210472419341
0.10185455126730689       0.10185455126730689      0.940639771094007
0.11228451083763111       0.12937845564435416      0.8601477254409194
0.11254610785000074       0.13184589148630937      0.8581354811758857
0.09429687398660767       0.10505062510603531      0.7940073015135829
0.0961597719509733        0.0961597719509733       0.9517331291933452
0.0895029949122601        0.09866004432838796      0.8176241558217177
0.08959808487669098       0.08959808487669098      0.999214672233156
0.08200708931415612       0.09659436282393227      0.7479341349978391
0.11023054702123856       0.13378786192103598      0.8464947846124558
0.10993268534585623       0.13060620868759554      0.8438740044571243
0.08403361143706724       0.10680905631650471      0.6172918584223904
0.07310570109309394       0.1034948795585011       0.4981910868641423
0.10741544803547855       0.13605839561504854      0.8380397593262252
0.1069691651956945        0.13210049915784414      0.8248384729469237
0.07441751369884633       0.11471974489733724      0.38962851597341264
0.06362669437739527       0.10957772305421837      0.2920113123593056
0.10377433595012682       0.13885551012514366      0.8380364328012679
0.1032195871812628        0.13400239331368216      0.8032559888177047
0.0637559102087183        0.12059585794229097      0.2130190701271046
0.0536449967156317        0.11479480804688558      0.14951574235249232
0.0984188072970416        0.13651795290911714      0.7813365225325244
0.09896325440767156       0.1423244173395631       0.8644819535952628
0.05326899674962848       0.12493468941953381      0.10663642579676694
0.04323944626060759       0.11910492816931409      0.06820076751144855
0.09278271373026534       0.13973465110548736      0.77522656230969
0.09303070956412791       0.14627116110839666      0.9754799454129751
0.04136258183665217       0.12934457219171427      0.04489458899753403
0.032492283979879105      0.12247401809735946      0.029347581992974672
0.0864380438540044        0.14293865420120327      0.6988712588690342
0.08667462935312112       0.1501248617668065       1.5519208499118846
0.02977439299944601       0.1317663659827275       0.01919494474099891
0.021488394167577585      0.12487546814022467      0.011737949783163483
0.016740423938806454      0.13445142818489614      0.007191881493589907
0.010314760017785599      0.1262902979366069       0.004106783234121548
0.006782444136629691      0.1329164793154694       0.0031869517575465966
3.879400209700218E-18     0.1267108267952721       3.2831385407898115E-4
0.07991407958815933       0.15383011856454187      0.3762990850588115
0.07920882242061066       0.1457892926370176       0.4231976503921244
0                         0.13603851317746612      0.002990376879223329
0.07163274947687158       0.15785662702714584      0.1603109765460307
0.07193990870502025       0.14885532838003865      0.21585934800963025
0.008074658687563425      0.14069657549873693      0.004515917238077752
0                         0.14536619955966015      0.004023515257660593
0.06309340916415705       0.15263844303126745      0.10491048122183867
0.06206164084539883       0.1618589454728419       0.07631561185717228
0.053711761768060855      0.15605287265966894      0.053522125508823785
0.05193691105092201       0.16538598116071476      0.038490604040611824
0.043897986896929975      0.15895045112868217      0.027780350204050747
0.04161095820476248       0.16828099610854816      0.02004634600535593
0.0076280217060848525     0.14884732463547193      0.00448839237002072
0                         0.15469388594185418      0.0034432833985256223
0.03401405252339959       0.1615570103897896       0.014591167492333357
0.031125755413194657      0.17053197015211452      0.010470695584657947
0.00868191183237414       0.15823862340334272      0.0035910835776777226
0                         0.1640215723240482       0.0017873601469420946
0.02443167936139859       0.1636840377123595       0.0077961787477402325
0.02052142644106754       0.17213028946361397      0.00523142380620395
0.01474464954714282       0.1655334969751655       0.003921331699975162
0.009838591087305995      0.1730698345160718       0.0021149062744860235
0.006643372201880873      0.16690262869964992      0.0018961023443932103
1.819684597729291E-17     0.17334925870624224      1.8351592355910135E-4
0.1179403144805919        0.12314253252483759      0.9220790710444688
0.11668584552911263       0.12178000171613157      0.9220806995806851
0.11618099945631155       0.12400773579145952      0.9052237447155977
0.1150287170670965        0.12560097578171192      0.8896422772481386
0.11490118046721277       0.12051449531582417      0.9161788185730183
0.11452243951055072       0.12264544684048312      0.9004603288521267
0.11433316683549657       0.1242812175484933       0.8907797329416131
0.11312723467127778       0.11934994127900993      0.9081021643773856
0.11406315933568033       0.12672621928127223      0.8787542160181927
0.11325225916984336       0.12546966938906345      0.8778146468996065
0.11268671249670059       0.12161424805422927      0.8908046803638786
0.1126852001328029        0.12368279881917998      0.8807951349155028
0.11114239352238597       0.12032538734328677      0.8836784277035574
0.1109346411156347        0.11805865759479418      0.8951121990132052
0.11250724231637527       0.12715938204000998      0.8668300633252893
0.1111742259738756        0.12535901004413563      0.8622376680299326
0.11019161921097007       0.1227120744236743       0.8633004017509792
0.10877176011734671       0.11989201536472623      0.862176574822849
0.1085299304567455        0.11672388378248777      0.8780917689790488
0.10831339604165122       0.1254205697476567       0.8374683172854276
0.11024278284075999       0.12776189770066385      0.8490324974213029
0.10671033812900052       0.12256104106107552      0.829402788806247
0.10561369611263763       0.11898845156611396      0.831698259182239
0.10515610454288866       0.11505799587188056      0.8495380105316336
0.10493930932729494       0.12575416739897652      0.8039181566385544
0.10733296177624171       0.12855288394626044      0.8249830904093578
0.1010402102002849        0.11328119852960866      0.8086902308656665
0.10291464044025292       0.12222365086363055      0.787266677874236
0.1015540820867093        0.1179616003138541       0.7862230718939273
0.09685176534856697       0.11138614722390418      0.7647880857477924
0.10066860838944681       0.1261848178967295       0.7550293389037649
0.10369591118717643       0.12958204087850653      0.7927158476633829
0.09654058184793045       0.11650966498200062      0.7237863312590211
0.0981065347411788        0.12175674388444131      0.7253151524971188
0.09085638093556926       0.11258464497097855      0.6646124127811355
0.09544582333725661       0.12658433747008457      0.6833070138596405
0.0990485690234711        0.13089442936414233      0.7465324981701337
0.09153760191503894       0.12104418097270524      0.6269801964545001
0.08445410583628091       0.1166371693272796       0.5321717189888885
0.09047072752013932       0.1271310851919611       0.6032991471622182
0.09284289843426474       0.13249476751052794      0.6678465277070051
0.08521637412756981       0.12498159245499989      0.510907839049355
0.07948831031788114       0.12213291363994155      0.42112097289135236
0.0873882085197739        0.13034230553025788      0.55420658256453
0.07264608266445449       0.12396777887527755      0.30692660807815836
0.08640416054078223       0.136035155301303        0.5707577518624845
0.06152142375823341       0.12824391723543602      0.15951538121556433
0.06717460730840824       0.12794078046890311      0.21928413868116975
0.07963751751616253       0.1309799292755935       0.40249428632804435
0.07143773207850598       0.1313882228381468       0.2604950781027978
0.0811198403801167        0.13920001478209615      0.4598062343618429
0.05727749939569982       0.1325410424022529       0.11336680237007142
0.049889244325148546      0.13421091367480975      0.06970394518737431
0.06459231915472886       0.13478141129459015      0.167915335470148
0.07313813374877583       0.1392712142763696       0.27087185209984005
0.03741602678823208       0.13658253488424132      0.02976670204830062
0.043067219007516824      0.13715728771370156      0.0420733236753789
0.056909825714241295      0.13941544134878803      0.09530376188284038
0.04744934461979029       0.14187244918832875      0.04997404630541006
0.064027231470661         0.1438985151788953       0.13648574419564075
0.03240924726227251       0.14057372907188434      0.019786051473181843
0.024546855290292         0.14113684614911493      0.011792922198077161
0.03921889746776103       0.14377596862941372      0.028624537920532687
0.05521061136021099       0.14733760142368588      0.0718762109811291
0.04607211374204586       0.15014790570315473      0.038314011071210304
0.015304007534170109      0.14464288322687852      0.00646250652456399
0.030980987239788548      0.14741226351790435      0.015813238616203262
0.021900217574406168      0.14958400356997548      0.008813654250156917
0.036944080339522005      0.1528980911891489       0.02064319336222341
0.014401034541529708      0.15140443730266478      0.005676256130809314
0.027818613690309385      0.15541813816580957      0.011249194278254548
0.018640665103341437      0.1573734226156796       0.006255131236295328
