% Model:              
% Version:            COMSOL 5.4.0.295
% Date:               Aug 20 2019, 00:13
% Dimension:          2
% Nodes:              176
% Expressions:        1
% Description:        Magnetic flux density norm
% Length unit:        m
% x                       y                        mfnc.normB (T)
0.08910544438888927       0.08910544438888927      0.21424588572211486
0.08696158759525158       0.08696158759525158      0.20713677690962515
0.09006218062972074       0.08627548607792324      0.2893171584484481
0.08476868579265621       0.08476868579265621      0.19797560206336376
0.08772954162558409       0.08385077165451325      0.27175523374107774
0.09138879842281686       0.08882048828354668      0.27058987537660323
0.09101958373303595       0.09101958373303595      0.21773474229432152
0.08223137525031267       0.08223137525031267      0.1884650409971417
0.08561912418421927       0.08102593270313627      0.26610845637788333
0.09262072655431344       0.09046392309870271      0.26238917256446187
0.09263098833543773       0.09263098833543773      0.21549992386175137
0.09423351384436515       0.09100024653012675      0.2866431082000759
0.09366973622017477       0.08896430456191132      0.33242972165476803
0.09580733491211417       0.08934178516818428      0.394322538732868
0.07909610885471186       0.07909610885471186      0.17901854518475324
0.08326867013930009       0.07733388530767382      0.2705535467199735
0.07537104429957688       0.07537104429957688      0.17476058596691602
0.08071217318872605       0.07375211187241892      0.27652577801841405
0.07141778489984131       0.07141778489984131      0.17926588744177785
0.07720227218606533       0.07093195787428444      0.26431489256923635
0.07590989881176516       0.06662347380906805      0.3324132906053525
0.09503007190205302       0.0871985986855346       0.4578333606727145
0.09735197213754145       0.08765610943300729      0.5773735180442218
0.09643417364189844       0.08532518788230542      0.6754219090799017
0.09886695500918495       0.08594373279775439      0.9689176921780777
0.08260045973041732       0.06749537449051707      0.4376524547320696
0.08081158711175122       0.06058454743975434      0.5992430197822257
0.09793288673714713       0.0837101568426614       1.0426613071659585
0.10035182204858613       0.08420517686893664      2.9435110235432234
0.0886215750648992        0.06038049496496867      0.775824429392593
0.08558428060472793       0.05363143586900497      0.9480595488971789
0.10178979854511998       0.08246112364104596      1.731412747658416
0.09944955208171045       0.08191251491664542      1.3117727007691131
0.09343088392712605       0.0532591928616678       1.0916564618206896
0.08976059844928554       0.04630372518519566      1.2754111471503728
0.1034350309392777        0.0803877750319701       1.485101013586374
0.10072881764921454       0.0798817228520474       1.2883901642464406
0.10207189483780248       0.07744930493054154      1.2301099887285227
0.10533452022235791       0.07788221138055618      1.3986379552641546
0.09765642936381727       0.04534344202314565      1.361757020983223
0.09331176388523944       0.03865119300390773      1.5314245364667791
0.1011810601856776        0.03698026994761895      1.5549669868796812
0.09621128334731556       0.030730912070138016     1.7057131466788464
0.10349515042255047       0.07459107177208776      1.2299281980067003
0.10732593757473412       0.07511420054626311      1.409167049725319
0.10517855182453362       0.07206432149605763      1.2909515870443709
0.10924723214697633       0.07229137063456914      1.494198428511942
0.09843964354471685       0.022597269277261963     1.8108542033621886
0.10468906787905674       0.028355787535107146     1.6698560431911318
0.1072874601144988        0.06920405875958668      1.3911976074976984
0.1110943005964918        0.06941942361454984      1.786727474877507
0.11298929066614989       0.06629042309987371      1.5480515792708882
0.10906746835832358       0.06604653628754785      1.4448371735436412
0.11479617508572605       0.06310973130736094      1.4992807151253273
0.1109309768402867        0.06287810186092398      1.441279335926974
0.10507363514107809       0.003906425136317561     1.8230997002693363
0.10078631413800689       0.00656649697136888      1.8916294252803836
0.101                     0                        1.8971150525289464
0.10644911198128972       0.010889384724644426     1.783161830933461
0.09998193884538946       0.014304261767627379     1.8684376199976507
0.10505219208740257       0.019155966865776856     1.755900475020029
0.1165135449011602        0.059879828444688185     1.5154238253148076
0.11294137730138172       0.05988565738483493      1.4664001353166565
0.11814006095907048       0.05660323309305828      1.5837652030387475
0.1146055307009908        0.05658554260310611      1.5146833323132582
0.10710627739753018       0                        1.7927934985989722
0.11967445495118073       0.053282500242929826     1.786337940035482
0.1158079726673066        0.053313500984967725     1.5666833682829449
0.12111553040321238       0.04992021930188727      1.6098876894253678
0.11707989674046622       0.04972683077937922      1.5788483431536904
0.12246216360786306       0.046519012075504663     1.5611072131034032
0.11851599642777724       0.04628176434901563      1.5654553683586696
0.11007359631822522       0.004841433590865377     1.7462157027081648
0.11283637690878887       0                        1.7111750912670167
0.12371330450111016       0.043081530722753655     1.5568337617740824
0.11978558023334523       0.042722482185511904     1.565510422668023
0.12486797748087644       0.03961045568830676      1.5862999425600215
0.12115688920013858       0.03949370176389714      1.5821554967738392
0.11752056406542681       0                        1.6520008750466617
0.1149747627768984        0.004247140450547497     1.6819566463965057
0.12774456541401946       0.0290228531881906       1.5378800682060192
0.1268843941078502        0.03257837521859741      1.573274591815265
0.12416364757553804       0.02966069154185856      1.5752658671940258
0.1259252821679198        0.03610849361202689      1.6944904146179767
0.12236463498645524       0.03610385856263257      1.6050226333990991
0.12344409512732094       0.03307602599965684      1.5973085674528953
0.1198615842303245        0.0038840076599720216    1.623575828739994
0.12221512629414952       0                        1.5973507439850818
0.1285051253507441        0.025444700009815555     1.5280606308977953
0.12462574892913572       0.02629283241414429      1.566642709482523
0.1291654808562363        0.02184670581980789      1.5388538056177392
0.12551376838135614       0.02278397527284603      1.5654101631080042
0.12451967202017467       0.0037028832020614415    1.5709328028453868
0.1270164467662131        0                        1.5456906629471134
0.1279749105153127        0.005645340001912285     1.5294288373979092
0.13094892507028638       0.00365773467278601      1.4951843584443874
0.13079574010783943       0.007312617154103701     1.4907549428416498
0.13054056456168148       0.010961797476574626     1.4987963515630043
0.12756989792219872       0.009099037138850064     1.5347873108363732
0.13018359741003785       0.01460243011903013      1.5225926749035512
0.12729359879651175       0.012214074459925055     1.5446612766286145
0.12972511700514572       0.018231676225768573     1.5982194862881636
0.126859958743726         0.015785680649149283     1.5638766134509448
0.1262913851021894        0.019103161129633884     1.572633322230751
0.12846796135004293       0.0026942978679917497    1.5286832535811374
0.131                     0                        1.5259725648442914
0.09218580509542729       0.08487481174667394      0.3973758414356703
0.09041809273916274       0.08327897759982753      0.36369978743279624
0.0927129265590814        0.0869043877559717       0.36120092254563535
0.09420428794150787       0.0849998173118276       0.501440426524672
0.09294567436261203       0.0829553211303938       0.4872123414148926
0.09149716869987373       0.08081281451230206      0.45918254425304367
0.08854757881249406       0.08079396015828472      0.3473194197298497
0.09380427249839177       0.0809899993465753       0.5848870182358352
0.09556441920130879       0.08277550626515642      0.6950122665180913
0.09335196004611365       0.07821117887444859      0.6010425904742306
0.09018350755460107       0.0786135966299992       0.44419721073921903
0.08720133518200804       0.07722751872050045      0.36735506009038504
0.09572894218683814       0.07990050455097442      0.7505220652788043
0.09754690084754786       0.08172677456247432      0.9720023536436774
0.09630601311393167       0.07760607227467377      0.7990539295901602
0.09496388232294496       0.0755803894287041       0.723990377826412
0.09099821465818775       0.07388551846114993      0.5553458255486297
0.08595628172430804       0.0725527357255753       0.41420811443628747
0.0983158490050037        0.07978291224194767      1.0115758063804627
0.0974559697665843        0.07544737723453664      0.87536482284072
0.09918927709273534       0.0774671017093513       1.0239356442524734
0.0965923541682371        0.0720689766961813       0.8357367558752254
0.09156962328805258       0.06727326451378152      0.6945334788213264
0.10022832213507253       0.07451434606377275      1.0422662040745863
0.10149471484525205       0.07129411092298671      1.0926644833555696
0.09997091690433138       0.06676453120288145      1.0334426863925268
0.09774235936472718       0.06002012603520799      1.0405998102805771
0.10315645677076213       0.0631425739095096       1.1861759612010183
0.10412229789117729       0.06933132465304101      1.222528128882265
0.10501490986949022       0.06607137587175457      1.2592956409876657
0.10700080265726394       0.06264811586678995      1.3257983092249122
0.10452118011820032       0.05876616857509486      1.2607879660199468
0.10210933332960379       0.05218189168604294      1.285560145633419
0.10912310738727492       0.05936852334410713      1.3837333222393815
0.10800736644723889       0.055254311391519456     1.375289915289865
0.11155030047738834       0.05704261061872143      1.4457899690739486
0.10869048377812698       0.05042940357071904      1.4306348451836495
0.10601464492004961       0.04414897677344094      1.4626552370431671
0.11125909982587424       0.046554318930635795     1.4959251309522412
0.10902064081867655       0.035633999142881595     1.5759272878969697
0.11200064432850361       0.0537586138644392       1.4733697019338707
0.11334221189997012       0.049926314017601434     1.515993822494474
0.11218546713857083       0.04191951211304265      1.5345731000337026
0.11369260293488859       0.03773135687683416      1.5660020400065486
0.1146750082578521        0.04601968639109878      1.5367050545867278
0.11189845465342121       0.02970560466358524      1.6198530346828954
0.11102020051618687       0.023686490778487418     1.664498710273245
0.11514882125451967       0.026284239446699664     1.6239738706378273
0.11537031660152097       0.034231555545956874     1.589619515855293
0.11639589930927156       0.04318509937927696      1.5536200723090146
0.11700519880916206       0.039206266847847185     1.5704586149532827
0.11400141370376597       0.010005651233682779     1.6863644857744555
0.11316153397142327       0.01672795427057673      1.6782442605126544
0.11751992795050693       0.029823315061049054     1.6025277818364274
0.11633885350315736       0.022433080042671655     1.6310873140932511
0.11831639699510899       0.025951620763138387     1.6081110199226019
0.11938105219899918       0.03653332169332741      1.5880851724557559
0.11988909614346138       0.033307664007014445     1.5955376340920389
0.12149493989225582       0.030764696812647187     1.5912410052097428
0.11809699179230271       0.007660697527509375     1.6423198944537845
0.11989566405188679       0.012575575725894003     1.6197610493043062
0.11929041285043436       0.018580104462042675     1.618096888312922
0.12120273612896941       0.02764353785465375      1.5902549480084274
0.12109575543127091       0.02336807053508504      1.5958893556235234
0.12184238843299475       0.007693324779713818     1.6000369592658723
0.12420881299291071       0.01034947701515738      1.5750643958782573
0.12554726662133397       0.007405469975680742     1.557937269247702
0.12445218340259076       0.01354318435024766      1.5766908717776493
0.12321387074588055       0.017019557610290406     1.590637834555819
0.12308103850222626       0.02017097380197961      1.5880953956388986
