% Model:              
% Version:            COMSOL 5.4.0.295
% Date:               Jun 28 2019, 17:50
% Dimension:          2
% Nodes:              162
% Expressions:        1
% Description:        Magnetic flux density norm
% Length unit:        m
% x                       y                        mfnc.normB (T)
0.006782444136629691      0.1329164793154694       0.002638034325180726
0                         0.13603851317746612      0.0024779068765910734
3.879400209700218E-18     0.1267108267952721       2.9044236505455616E-4
0.010314760017785599      0.1262902979366069       0.003386863373600836
0.11244147722569761       0.11244147722569761      0.991753693176996
0.11454009361922167       0.11454009361922167      1.0123694918730894
0.11147916151607458       0.11535237644426195      0.9602800953476827
0.10878700884844647       0.11332864011046222      0.9265563079038324
0.10974806377168025       0.10974806377168025      0.9687182779648639
0.10531968532110397       0.11087162310182092      0.8863083255349037
0.10629126679892989       0.10629126679892989      0.9454637139783036
0.10081904205450999       0.10790015968419163      0.8386058823427035
0.10185455126730689       0.10185455126730689      0.927315114981471
0.0895029949122601        0.09866004432838796      0.7813162709602635
0.08200708931415612       0.09659436282393227      0.7038302670577474
0.08959808487669098       0.08959808487669098      0.9689540402070912
0.0961597719509733        0.0961597719509733       0.9272863696734891
0.008074658687563425      0.14069657549873693      0.003729813846183851
0                         0.14536619955966015      0.003314562767461634
0.0076280217060848525     0.14884732463547193      0.0036936977615499417
0                         0.15469388594185418      0.002814528716048754
0.016740423938806454      0.13445142818489614      0.005945493777013741
0.021488394167577585      0.12487546814022467      0.009708528804932429
0.02977439299944601       0.1317663659827275       0.01592043960451539
0.032492283979879105      0.12247401809735946      0.02440307649327168
0.11625629392899087       0.11625629392899087      1.030607489643687
0.11364583531140869       0.11701480873242955      0.9894724285309554
0.11779098218988727       0.11779098218988727      1.047445509380795
0.11541548148688979       0.11854520331079041      1.014395406776531
0.09429687398660767       0.10505062510603531      0.7626272716281318
0.08403361143706724       0.10680905631650471      0.5719324406256016
0.07310570109309394       0.1034948795585011       0.4503934724767856
0.04136258183665217       0.12934457219171427      0.03742218304341134
0.04323944626060759       0.11910492816931409      0.05716477167838941
0.00868191183237414       0.15823862340334272      0.0029410540420240225
0                         0.1640215723240482       0.001425530026780872
0.006643372201880873      0.16690262869964992      0.0015413060408247118
1.819684597729291E-17     0.17334925870624224      2.2098773689529128E-4
0.11866573336224161       0.12636617118360863      1.1160518446575631
0.11806788235302047       0.12467342720948354      1.0841097912407733
0.11998250610902066       0.1251166005044994       1.0956943763915745
0.1173359475805581        0.12760188438803022      1.167177358501015
0.11680145387931608       0.12591089780787695      1.0978299711919777
0.11722750729727216       0.11991858947644395      1.0406290250056474
0.11949295472980519       0.11949295472980519      1.0655540573209008
0.11951807430708757       0.12348438647841548      1.0797962326588735
0.12128612142192498       0.12385330938020896      1.087924726523248
0.11907734110506978       0.12148830391894         1.0655165072923247
0.12118712126925907       0.12118712126925907      1.0803641721596293
0.0536449967156317        0.11479480804688558      0.1272064410296021
0.05326899674962848       0.12493468941953381      0.08978508661697364
0.06362669437739527       0.10957772305421837      0.25472093501990223
0.0637559102087183        0.12059585794229097      0.18251337713305452
0.07441751369884633       0.11471974489733724      0.3450171892276938
0.009838591087305995      0.1730698345160718       0.0017766082660063134
0.11599329458996643       0.128823604607886        1.2765829561749686
0.11554151580320589       0.12721015079740156      1.1176146226868995
0.12075428037289765       0.12263214533252319      1.0812386625141042
0.12257643634484504       0.12257643634484504      1.0877286998369757
0.11446646889273666       0.1301821531287289       1.0055364274553564
0.11402876869330218       0.1282568247884112       1.0408348932667304
0.01474464954714282       0.1655334969751655       0.0032443455694324513
0.02052142644106754       0.17213028946361397      0.004372041854484628
0.11228451083763111       0.12937845564435416      0.9530008599059655
0.11254610785000074       0.13184589148630937      0.9135985715924697
0.02443167936139859       0.1636840377123595       0.0064727567243270945
0.031125755413194657      0.17053197015211452      0.008723667460289996
0.11023054702123856       0.13378786192103598      0.8456030129613382
0.10993268534585623       0.13060620868759554      0.8757229397098922
0.03401405252339959       0.1615570103897896       0.012108287827606451
0.04161095820476248       0.16828099610854816      0.01664158878232477
0.043897986896929975      0.15895045112868217      0.022997335003909103
0.05193691105092201       0.16538598116071476      0.03178985443602169
0.053711761768060855      0.15605287265966894      0.044100849964427036
0.06206164084539883       0.1618589454728419       0.06247290540774392
0.10741544803547855       0.13605839561504854      0.7906098745690416
0.1069691651956945        0.13210049915784414      0.8083062860085777
0.06309340916415705       0.15263844303126745      0.08571873080311415
0.07163274947687158       0.15785662702714584      0.12888191759897663
0.07193990870502025       0.14885532838003865      0.17341182164237537
0.07991407958815933       0.15383011856454187      0.2910697672198774
0.10377433595012682       0.13885551012514366      0.7439298581183099
0.1032195871812628        0.13400239331368216      0.7440142593972204
0.0984188072970416        0.13651795290911714      0.6810144405540397
0.09896325440767156       0.1423244173395631       0.7137416756571439
0.09278271373026534       0.13973465110548736      0.6313331320417493
0.09303070956412791       0.14627116110839666      0.7293535608212336
0.07920882242061066       0.1457892926370176       0.3295082271557266
0.08667462935312112       0.1501248617668065       1.056998089103517
0.0864380438540044        0.14293865420120327      0.5412408242108521
0.1179403144805919        0.12314253252483759      1.0649517505430315
0.11618099945631155       0.12400773579145952      1.051554427672097
0.11668584552911263       0.12178000171613157      1.0399069361717472
0.11312723467127778       0.11934994127900993      0.9768760031706307
0.11490118046721277       0.12051449531582417      1.0078408718905676
0.11452243951055072       0.12264544684048312      1.0090174718120934
0.11433316683549657       0.1242812175484933       1.0171377807365585
0.1150287170670965        0.12560097578171192      1.0519880541508608
0.1109346411156347        0.11805865759479418      0.9407210346841448
0.11268671249670059       0.12161424805422927      0.9696233169377401
0.11114239352238597       0.12032538734328677      0.9395783311624669
0.1126852001328029        0.12368279881917998      0.9742595176601309
0.11325225916984336       0.12546966938906345      0.9973405285774427
0.11406315933568033       0.12672621928127223      1.0351363447125237
0.1085299304567455        0.11672388378248777      0.9031812277826828
0.10515610454288866       0.11505799587188056      0.8527521978667377
0.1010402102002849        0.11328119852960866      0.793098693587366
0.09685176534856697       0.11138614722390418      0.736351243487254
0.015304007534170109      0.14464288322687852      0.0053366288649604595
0.014401034541529708      0.15140443730266478      0.004679942935376774
0.024546855290292         0.14113684614911493      0.00976341241198067
0.03240924726227251       0.14057372907188434      0.01640664748223413
0.03741602678823208       0.13658253488424132      0.0247319906653852
0.10877176011734671       0.11989201536472623      0.8953435589437158
0.11019161921097007       0.1227120744236743       0.9177171799570308
0.1111742259738756        0.12535901004413563      0.9388917294200746
0.11250724231637527       0.12715938204000998      0.9778626923457671
0.10561369611263763       0.11898845156611396      0.8396078458126678
0.1015540820867093        0.1179616003138541       0.7708151241780151
0.09654058184793045       0.11650966498200062      0.6905006580010283
0.09085638093556926       0.11258464497097855      0.6230952485480552
0.08445410583628091       0.1166371693272796       0.48237081437863144
0.043067219007516824      0.13715728771370156      0.03496671709654932
0.049889244325148546      0.13421091367480975      0.058148343140930946
0.021900217574406168      0.14958400356997548      0.007288474195149966
0.018640665103341437      0.1573734226156796       0.005168859870325975
0.030980987239788548      0.14741226351790435      0.013099540595679143
0.03921889746776103       0.14377596862941372      0.02373794570291718
0.10671033812900052       0.12256104106107552      0.8464399738187419
0.10831339604165122       0.1254205697476567       0.8705190210684092
0.11024278284075999       0.12776189770066385      0.9068321157284149
0.10291464044025292       0.12222365086363055      0.7751143217681769
0.0981065347411788        0.12175674388444131      0.689409644792537
0.09153760191503894       0.12104418097270524      0.5760710290048588
0.06152142375823341       0.12824391723543602      0.13461373509760688
0.05727749939569982       0.1325410424022529       0.09490186768900685
0.06717460730840824       0.12794078046890311      0.18577200252484272
0.08521637412756981       0.12498159245499989      0.45059309213685134
0.07264608266445449       0.12396777887527755      0.26468675634148636
0.07948831031788114       0.12213291363994155      0.36992570136671593
0.04744934461979029       0.14187244918832875      0.0414660778819721
0.056909825714241295      0.13941544134878803      0.07903993761072813
0.027818613690309385      0.15541813816580957      0.009319951153527567
0.036944080339522005      0.1528980911891489       0.01710548156722514
0.04607211374204586       0.15014790570315473      0.031710142852527316
0.10493930932729494       0.12575416739897652      0.8001562854899541
0.10733296177624171       0.12855288394626044      0.8358203729803906
0.10066860838944681       0.1261848178967295       0.7198573014906667
0.09544582333725661       0.12658433747008457      0.6264093259292262
0.09047072752013932       0.1271310851919611       0.5372384200218496
0.0873882085197739        0.13034230553025788      0.4786883744013769
0.06459231915472886       0.13478141129459015      0.1400604409569288
0.07143773207850598       0.1313882228381468       0.21918500543280853
0.07963751751616253       0.1309799292755935       0.3410198127442315
0.05521061136021099       0.14733760142368588      0.0593109208469191
0.064027231470661         0.1438985151788953       0.11203866165922936
0.10369591118717643       0.12958204087850653      0.7635878227184075
0.0990485690234711        0.13089442936414233      0.6836019744120375
0.09284289843426474       0.13249476751052794      0.581318863020057
0.08640416054078223       0.136035155301303        0.4728650655702567
0.07313813374877583       0.1392712142763696       0.22155084564947214
0.0811198403801167        0.13920001478209615      0.3718999156342779
