% Model:              
% Version:            COMSOL 5.4.0.295
% Date:               May 7 2019, 20:07
% Dimension:          2
% Nodes:              140
% Expressions:        1
% Description:        Magnetic flux density norm
% Length unit:        m
% x                       y                        mfnc.normB (T)
0.12385261657938319       0.003905195763554466     1.8657405052051157
0.12                      0                        1.9265791001336612
0.12550000000000008       0                        1.8416650695714054
0.11984434763037681       0.0061100197257782166    1.9267415369641323
0.12839797603411307       0.004482149240197478     1.7989384314581223
0.13100000000000006       0                        1.7635580371233226
0.12507174071499746       0.00970535997110955      1.8437541022625195
0.11926337498813916       0.013275819614566229     1.9276835622795112
0.09801549245517231       0.09801549245517231      0.8310609871936294
0.0997189599726534        0.09736831464384228      0.8540658161204816
0.09935197569363849       0.09935197569363849      0.823024708442169
0.13367913447236418       0.0046148035664238295    1.7265464116033489
0.1365                    0                        1.691753447774601
0.13907365192853255       0.004245355390949659     1.6582337184702771
0.14200000000000002       0                        1.6276506837486837
0.12431900379662192       0.017582344328206045     1.843737555767681
0.11820232364705884       0.02069325214740198      1.9258257554218803
0.12272293646142628       0.025232171473004546     1.8441502475930174
0.11670057770557439       0.027945932855877133     1.9146445431893753
0.08853493265432177       0.08853493265432177      0.8874607065719636
0.08485281374238571       0.08485281374238571      0.9214317670582317
0.09017930468467333       0.08462924783707451      0.9745477919629687
0.0890631860131684        0.08042231591532147      1.0520371852857204
0.09179154613571983       0.09179154613571983      0.8658434621871095
0.09330416806394055       0.08714160932969142      0.9561832814383986
0.09541789372431711       0.09071736590786253      0.9156062169975173
0.09436705114231943       0.09436705114231943      0.8515452642521343
0.09709928465096535       0.0936007294173533       0.8864182735993548
0.09640239014281014       0.09640239014281014      0.8403682068562217
0.09845750000971537       0.09556248551440218      0.8693642345053347
0.10095853702060617       0.09868938761163323      0.8457132355736304
0.10055110182413787       0.10055110182413787      0.8158957507554097
0.10228457279231067       0.09996982910448628      0.8392702309223482
0.10189868118937162       0.10189868118937162      0.8088355683530907
0.12118620455623696       0.032852505874662145     1.8246775170320666
0.11473158149316956       0.035166236763068466     1.8881599584442164
0.14369863036442068       0.00371447564379168      1.6043392650547026
0.1475                    0                        1.6095292559540137
0.09488500184732576       0.08185546082450411      1.068926388972773
0.09371970339167328       0.07494409380449389      1.2094772559202995
0.1033975813864871        0.10152861892689413      0.8283447418792361
0.10319894757499035       0.10319894757499035      0.8042853513087506
0.10430560148423848       0.10267526060655756      0.8226621672521557
0.10429825022501577       0.10429825022501577      0.8031417322012129
0.1189601538736814        0.04039882197679417      1.7915835057299911
0.11229540187661098       0.04230535093070893      1.8400596542259517
0.11619418927650697       0.04786124788631501      1.7348192504481685
0.10941622329798437       0.04927565402108454      1.763278610595527
0.1129175204650409        0.055150948635848455     1.6455808102344942
0.10610527750781136       0.05605060289586853      1.6554574951849874
0.14738233187615107       0.005890522111668841     1.5458838497445562
0.14253716801741967       0.008436500716339898     1.6068675235025418
0.14700051981587103       0.012128362373530663     1.5362459027503312
0.10920638565070856       0.06226194179821575      1.526453903999321
0.10237524968179171       0.0626043788611532       1.5231114464372209
0.10019118388173846       0.07561916763855757      1.2336755727724795
0.09824022151787508       0.06891196468044457      1.372429332106685
0.10505995940524933       0.06921556096553773      1.386465999256454
0.10549567156111034       0.10308692100295898      0.8300085534825711
0.1415435628454458        0.014585686410316333     1.616605505381968
0.14635480217395494       0.018344532717474396     1.5508195145444754
0.14094047121309036       0.020750940214226868     1.635176858595714
0.14544634230309372       0.02452777019321725      1.5953845908127977
0.10513755667358883       0.10126356530292849      0.8485224093130589
0.10697143745333419       0.10155472204268684      0.8619090636174199
0.10881341324474056       0.0995785674632312       0.9019663472760024
0.10628364284558162       0.09892007213421293      0.8894830222460027
0.14000703005523593       0.026634472121243303     1.6694358466978487
0.14427677110823633       0.0306669743956195       1.730777218364958
0.1385266260804838        0.03248965151833897      1.6724597164032415
0.1428660162664803        0.03668175835678777      1.6029869589028873
0.13724593195685253       0.03835750006369989      1.645004417350851
0.14120462588598404       0.04263219004929559      1.5779952188451523
0.10797973652882892       0.09656620953377773      0.9372017579053787
0.1110400767710705        0.09708939875534683      0.9532411776138122
0.13558063885836466       0.04402627487252921      1.6360694895586054
0.13929551461002362       0.04850783039395474      1.5908330187691881
0.13339203906267133       0.04970879541656297      1.650066462609263
0.13714203166850628       0.0542983715210171       1.6548978036237527
0.10998940121898948       0.09359006210214282      1.0012403898689548
0.11368584745541677       0.09397754033993276      1.0235598199581393
0.11219239469260325       0.08997729237531263      1.0901267786953592
0.11656403805952403       0.0903829355091868       1.1245659757802973
0.12051101521181562       0.076755481198754        1.345127666990429
0.1258492552749717        0.07692993530957228      1.3384978288422757
0.12245742727269299       0.08222182499648797      1.3302509262170832
0.1233508821508084        0.07180338227870102      1.400369644585994
0.12905889953360733       0.0714146375134273       1.3955260320213945
0.12608956714962966       0.06633194727026209      1.4862606050630671
0.13202698147060168       0.0657656913881499       1.499178236548377
0.1289817870023161        0.060888461032485054     1.5995765258830108
0.13474795500228362       0.05999365485368052      1.8446681018966427
0.13138013571394325       0.055541171848943874     1.6732670495541815
0.11933000667030474       0.08669832471313978      1.3915795805775233
0.1172912873531759        0.08151189099333865      1.2994060026326786
0.11457644524211374       0.08569716258599197      1.2086941371977116
0.130774517328278         0.008666552427710764     1.7634907876959338
0.1304553578929449        0.014231327190299714     1.7641691460800297
0.10022485279719133       0.0957652151239535       0.8815020382793778
0.10130550733535827       0.09682524068584032      0.875365205582752
0.13626837684619011       0.010299122160506763     1.6887826730165332
0.13581524543834556       0.01731362942150713      1.69394365907421
0.13033163833089342       0.02220138429080134      1.7584701996264707
0.12745373238373633       0.030089410957762908     1.7695040707903213
0.09902335853469647       0.09051918571001871      0.9510834664597129
0.0974318334284473        0.08622375295779801      1.0088943021126031
0.10020387929302826       0.09367653218266239      0.9124205437374563
0.10150787795772546       0.09522225314875654      0.9006222392214804
0.1016715189709029        0.09125805293134223      0.9631353568108194
0.10271913799147316       0.09784817467716184      0.8729379245220178
0.10270369585179373       0.09605808377995895      0.8987669681580369
0.10421688632874647       0.09926418191889883      0.8664374938630655
0.12654770048377453       0.03833770285937112      1.7371838570010136
0.1364758444624662        0.023099550421602805     1.6909860415981046
0.1341869796511367        0.028312323438946352     1.7125612202809724
0.13259908787038427       0.03430419330206073      1.7046534136122835
0.10158181805053369       0.08786971519793868      1.0180189874734864
0.10192648729791604       0.08196172971127907      1.124775435587809
0.10310345855072543       0.09378446918150837      0.9364551713355083
0.10444508042553063       0.09044036238458296      1.0019230306646765
0.10484562862002364       0.09628232496215344      0.9143010777619998
0.11607523980526775       0.06135300465649734      1.543638343094603
0.12294254685155309       0.045942643935876784     1.7143068612287642
0.12063328929417112       0.05409406781757718      1.6451254362573011
0.13269932573117832       0.04001101252692685      1.6763923891897679
0.12964651739543812       0.044940334158691836     1.6803106849771627
0.10563186486867344       0.086443001562381        1.0805683229070728
0.11302708868974061       0.06928902307408495      1.412003522804822
0.10743047726965535       0.07652505084215572      1.2654374091426397
0.10753693902379932       0.08249407127241523      1.167272087929756
0.10641726798539347       0.0934387416024229       0.9717318352359214
0.10814030256826274       0.08996902145037211      1.0458314305957945
0.1199668529123537        0.06699056882041089      1.4640313287367286
0.11862970282247241       0.07239772355977953      1.3861371352406635
0.12295398406877736       0.061050373757249775     1.5606472305828503
0.12730739612975192       0.05093878970424102      1.6672167919643162
0.12669209860866104       0.056647927076624194     1.6346880409196771
0.11016056184599833       0.08592310935769795      1.1391313814566117
0.11482747416358309       0.07627539727782273      1.3231584852721496
0.11209856995861982       0.08115912504539358      1.237449710460113
