% Model:              
% Version:            COMSOL 5.4.0.295
% Date:               Aug 17 2019, 13:50
% Dimension:          2
% Nodes:              118
% Expressions:        1
% Description:        Magnetic flux density norm
% Length unit:        m
% x                       y                        mfnc.normB (T)
0.004371891746897965      0.10490585314041859      3.124525842805167E-4
0                         0.10700000000000004      3.109469627510492E-4
0                         0.10100000000000003      2.4389588244452768E-4
0.0065778449799653626     0.10078557414342365      2.8160285772024617E-4
0.07126873706700272       0.07732486783348427      0.5328302869355339
0.06661491488134061       0.07591740983036599      0.4568375124156015
0.07141778489984131       0.07141778489984131      0.6879878696032603
0.07573006709216684       0.07573006709216684      0.6814041482735336
0.07941613913680981       0.07941613913680981      0.7257033107966614
0.07440601531055747       0.08080477457772324      0.5514756761703808
0.08227090258550307       0.08227090258550307      0.79650783872006
0.07780245432400418       0.08306911180561016      0.629802587262505
0.0048558738280075195     0.1098310419452961       3.492807418342674E-4
0                         0.11300000000000004      2.99410700865339E-4
0.010425739926516943      0.1059126496133731       4.5091336808147757E-4
0.014316909606680516      0.09998012852219254      5.80636538177965E-4
0.06817490315110737       0.08275430276732404      0.35683647913698785
0.0605635095176074        0.0808273549914302       0.23989720060477437
0.0845449428155404        0.0845449428155404       0.8806428167942405
0.08113104048440638       0.08526121636702623      0.7403570090196708
0.005147759775490098      0.11585315514643557      3.04524327292165E-4
0                         0.11900000000000005      2.0000449653076067E-4
0.004974577869994873      0.12187634548281746      1.9584527929657127E-4
0                         0.12500000000000006      4.045725564136989E-5
0.004362803129489429      0.12655255117769057      1.3226844503449182E-4
0                         0.131                    1.3701667965696342E-4
0.019508997473234212      0.10623104656332494      0.0010817129726600158
0.022595944211604282      0.09843994771019571      0.0017402981425050188
0.06189732701263337       0.08934503477699515      0.16401788807459633
0.053601919676406415      0.08560276985591103      0.10345078286261156
0.05368057948439954       0.09316166106006878      0.06548417739623427
0.04627159869006589       0.08977716388183297      0.03974361105584739
0.08653763982298077       0.08653763982298077      0.9769544962416976
0.08341395611845426       0.08727350604798007      0.8444347645052716
0.006750200263350852      0.1308259714139538       2.477056084621921E-4
0.02827077895783697       0.10395580441933412      0.002944765297945773
0.03071491246040975       0.09621639232765572      0.005330237088261376
0.03862341465370679       0.09332326526910548      0.01482966384228225
0.03747429544783874       0.10265667482709977      0.008294988381882109
0.0462866925388174        0.09836697038562568      0.024600484699376944
0.08867755462829124       0.08867755462829124      1.1029569566076818
0.08558824847270131       0.08930482258789955      0.9761737643510896
0.010136640922910525      0.12530482335913284      3.3587861020392776E-4
0.014680794885990152      0.1301747835086177       5.426021009892617E-4
0.08800515819642316       0.09134124445363115      1.150779352381489
0.0908469288454822        0.0908469288454822       1.2427992568955133
0.0871595001068443        0.095368062978556        1.3535477481718978
0.08934178516816849       0.09580733491212898      1.44429761906125
0.08765610943300957       0.09735197213753953      1.5868798337474843
0.0854532743290892        0.09677421994560731      1.4518200977123301
0.08594373279775593       0.09886695500918362      1.9105379132205877
0.017511877323279218      0.12321481303590384      7.328533210456059E-4
0.022932297372171867      0.12897716750353252      0.0010984744891475396
0.08420517686893665       0.10035182204858613      3.339856536544571
0.08369039695251196       0.09823713514243929      1.4734710760422827
0.08221772283903934       0.10198649935733119      0.9393491108088665
0.08161759942891327       0.09956106852055964      0.9974934296399307
0.07928829897122397       0.101009392524151        0.5885181392011828
0.07962476537584721       0.104023539349713        0.4716454219525293
0.02538858867828081       0.12161402360955949      0.00151648505630056
0.03105998884195236       0.12726459481386723      0.0021954304237050137
0.08873530263989689       0.09386438535788748      1.2988559114950486
0.09100024653012527       0.09423351384436669      1.3771592075206567
0.09025196552278446       0.0927435017424331       1.2904635909727933
0.09263098833543773       0.09263098833543773      1.3488610654456235
0.07619848756838617       0.10262343196414296      0.34499458518951026
0.07651624436960575       0.10633091905730328      0.2693142525740963
0.07285213204804844       0.10887408716519151      0.15752951531340126
0.07218370727555926       0.10443323255074914      0.19828207230104486
0.03280724984048426       0.11935225441344607      0.003105645847378292
0.03905533378572162       0.12504271631280997      0.004473382034163995
0.039925364074814826      0.11672290245929295      0.006256744678951917
0.046893690617071854      0.12231917993638754      0.009343873442082387
0.06770055130290187       0.10668207711536513      0.11354703532159525
0.0680406543262695        0.11194404566055807      0.08534657713569743
0.05454832036445275       0.11910281585847178      0.01963702019595884
0.0476026327668298        0.11273780418277966      0.014499999267977142
0.061824032862469444      0.11549367498101487      0.042002075709460414
0.055939764570365556      0.11102516649493208      0.03220521428642139
0.062362056343530384      0.10903050438726028      0.06186560204407133
0.0783551860796261        0.08631212320229162      0.6217804809717437
0.08039885255238892       0.08809682670360945      0.7057801354948023
0.07778949697832828       0.08891366074258558      0.5858762667792529
0.07942748513060854       0.09098868753878957      0.6601381228411153
0.07448362138166788       0.08630273343483788      0.4812155413089891
0.0822830211575542        0.08989560715055361      0.8117395207046153
0.08152295647064234       0.09246936105268269      0.8041622720826304
0.009195522128462981      0.11230582100140563      4.310637344345523E-4
0.07890575474686674       0.09369978183164612      0.6372220889063892
0.08296707432030126       0.09415558148378181      0.964439993304995
0.0804788663690679        0.09544319191158851      0.7738104539980968
0.014144442874152641      0.11158830954003454      6.533572575966996E-4
0.07532477332913733       0.09209736051557646      0.45661687036997944
0.0695325204989144        0.09016780043275387      0.2941321437387018
0.08461216091250426       0.09210338342396049      0.9999330514733104
0.0850247483756853        0.09470890491101908      1.1699779041295626
0.011809291737480788      0.11803160832931739      4.6488855372762083E-4
0.08321071841191688       0.09615060075128586      1.1120684453783276
0.08164995012484569       0.09758457111327919      0.9867846870973329
0.07717184024302737       0.0959008883889601       0.5158793710612434
0.07948919273632388       0.09813068142937639      0.6866194741445933
0.020276175068220326      0.11523992581818178      0.0010659629483354006
0.02582689015302468       0.11036483481591067      0.0019926547237536503
0.07244900262147913       0.0965275093778453       0.30443873549107536
0.06664504687752279       0.09494610571490841      0.1892987556116452
0.06101801283050627       0.09800074410745409      0.09927524356871202
0.05397007331822575       0.0999441066809439       0.046308508510354375
0.08674575846910387       0.09370158493807691      1.2045517114337798
0.07630987151834671       0.0991619750313625       0.42399355791695315
0.07326240696963979       0.1007799465036993       0.2747099340173488
0.027743137238089924      0.11563484483322158      0.0021037915411636627
0.033233085453420956      0.11120660995162915      0.0040969289580194785
0.06816989174751428       0.1008109982685763       0.1635603628916064
0.044629857541561735      0.10573014715459261      0.015042784502025291
0.04056132652911759       0.10979753428175562      0.008585263794072696
0.06368911081310197       0.1041547797519625       0.09025739405283602
0.050761015609825155      0.10513392283537422      0.027077477706210214
0.05794236806001313       0.10451778568937749      0.053242315562685265
