% Model:              
% Version:            COMSOL 5.3.1.275
% Date:               Feb 12 2019, 11:44
% Dimension:          2
% Nodes:              208
% Expressions:        1
% Description:        Magnetic flux density norm
% Length unit:        m
% x                       y                        mfnc.normB (T)
0.10213450347458496       0.10213450347458493      0.5800383623023377
0.10105937290375046       0.10319843384616213      0.5398021729509397
0.10098631016317014       0.1022525729781936       0.5453955039040473
0.10090576508509531       0.10090576508509531      0.5596816455609617
0.09997316003384152       0.10425104734652742      0.493787257661843
0.09963015866035767       0.1024422141734803       0.49877435960236916
0.09887598398033977       0.1052922285447487       0.43753203734250135
0.09856271132784822       0.10386920161720858      0.43128934615948483
0.086997156671868         0.08699715667186798      0.7173476786230353
0.08832504658153402       0.088325046581534        0.696538547933555
0.08661462433752569       0.0885328674476002       0.6890143119779276
0.09932808806904919       0.09932808806904919      0.5509379083882137
0.09855692526903737       0.10091950312703257      0.4991903990805948
0.08972002582836397       0.08972002582836397      0.674917984796675
0.08788611413663265       0.08996280758684995      0.6658107286981108
0.09776796506096352       0.10632186326357447      0.36989284164252784
0.09739918206132193       0.10491994748387691      0.33801255528335145
0.08596297138884859       0.08596297138884858      0.7338096147652086
0.08593042580350013       0.08728436409139399      0.7100868406062306
0.08505807230620979       0.08685844366295992      0.716275669269358
0.0841438456474253        0.08774439092991791      0.6994480876380523
0.08524249670598139       0.08810062435697448      0.6945094895005116
0.0966492247824735        0.10733983859195483      0.3143359953419495
0.09627044862636006       0.10591802968399998      0.17968191125385768
0.09772886253492878       0.09772886253492878      0.5597041152490568
0.09717048667297758       0.09961325229166579      0.5056590901844297
0.0910803772441934        0.09108037724419339      0.6539522159695336
0.0891458288783621        0.091513801151216        0.6402175666216309
0.0927025079789504        0.09270250797895038      0.629004376568454
0.09053535280875256       0.09315973443939497      0.612545491418506
0.09626267465868041       0.0962626746586804       0.5764426550122729
0.09549614309641205       0.09820047077836375      0.5236160537712653
0.094494855860905         0.09449485586090499      0.6016940492964248
0.09214987224614303       0.09492797158569015      0.5818251809008637
0.09384830250241027       0.09657463275971612      0.5525182408167179
0.08322039166775066       0.08862071603562102      0.6833240646127415
0.08435311161713813       0.08900318005293145      0.6776125230663962
0.09538961974012712       0.10846074887181047      0.2950137320122459
0.09494448616911093       0.1068651301811087       0.1952025815481502
0.08228781163432106       0.08948732288114614      0.6679013495042029
0.08357505955224909       0.08989614368097187      0.661550058353202
0.09380902579942607       0.10983068914726252      0.3909478225651297
0.0934445000006911        0.10781403403707365      0.30990250591393
0.0813462078150464        0.09034411643328681      0.6531391088952248
0.08269969594013017       0.09088835221989872      0.6442935685735897
0.09177334415179318       0.11153728929464134      0.4609442171728991
0.09137144178659116       0.1089882412890666       0.40033266899759146
0.0802756554206516        0.09129668146644102      0.6372385100198231
0.08171561574032135       0.09194967505888431      0.6264994463961729
0.08932879199693322       0.11350453964652081      0.5130245103766603
0.08878645810788882       0.11040002805294673      0.4596555411760847
0.07892890805912982       0.09246346506914724      0.6183604820765496
0.08061224594826709       0.09319646207020926      0.6063882261337822
0.08631830218626114       0.11581046717668171      0.5579961506994234
0.08575011849516524       0.11203825216742003      0.49598161056092654
0.07719099799563027       0.09391919254571235      0.5953192576953313
0.07928417445840867       0.09473714410625418      0.582389644982478
0.08235119933602977       0.11866420508273534      0.611509903291508
0.08198494284714036       0.1140544738180807       0.5130500247172463
0.07514315741015595       0.09556553141395963      0.5691110571133198
0.07765496630012718       0.09667788621820567      0.5526582878928631
0.054928615309220545      0.13358802648520432      0.017344137459407726
0.04888856437534705       0.13591475958599034      0.008105211213613328
0.05072246391435014       0.13011981355834565      0.012767671135152132
0.06086529993624154       0.13098980442641842      0.04267901233714888
0.056749232926638034      0.1278847508565359       0.029565620022714848
0.07746886915923952       0.12190770242765062      0.7476566851219086
0.07728779344179848       0.11664906679892381      0.5052292950827161
0.07222                   0.1250887093226243       1.0461199336796303
0.07224413518634344       0.11954990241406592      0.44738306927747734
0.06668504905103634       0.12812500861682263      0.1304706029928294
0.06707540484092482       0.12252665448919907      0.20538548941045456
0.06177521520598007       0.1253771959787261       0.068573059804967
0.07264331793362967       0.09747929656903342      0.5373555872068597
0.07558136312228209       0.09897845711117743      0.5158520997202779
0.042754300302390386      0.1379673273121322       0.004193315507571688
0.044698970174634124      0.13215831430614003      0.006130093654312367
0.036536634307377885      0.13974257745400628      0.002416025832230211
0.03861955285521626       0.13394770390727068      0.0032626449208293926
0.017471585391105902      0.14337941729523557      6.819622589141396E-4
0.010990918519005128      0.14402122520694158      4.1253871494523984E-4
0.013560320091187418      0.1389498812297615       5.386821536727059E-4
0.005009332431931539      0.14435310938315948      1.9670550439623263E-4
0.007596521315805363      0.1396820904793134       3.0081620692140127E-4
2.775557561692138E-17     0.14444                  7.75188996157988E-5
0.0031675833730573067     0.14112284984332918      1.2476288423272542E-4
0.06934292585249917       0.09985401110728993      0.4943462645137778
0.07262777956626582       0.10176571523004423      0.4615989100899171
0.03024288993982569       0.14123838432978333      0.0015307788192859516
0.03242282166168059       0.13508276992934848      0.0019396840861247466
0.023884030342411516      0.14245162931536715      0.0010254809507246514
0.019411455832603106      0.13778413992030392      8.146200703743043E-4
0.02569340854983915       0.13547465000708486      0.0012258378768707108
2.687663624380748E-17     0.13986599999999996      9.070975080139188E-5
0.06524147882551197       0.10258076983850463      0.46145980664907826
0.0691140156655257        0.10454955584247023      0.3823322689914635
2.5997696871986054E-17    0.13529199999999997      2.641735503844646E-4
0.0034041191012728444     0.13734867806675674      2.2548015327941012E-4
0.060785                  0.1052827083380742       0.25837965414637076
0.064851048416241         0.10737609046950077      0.248061399603119
0.03390620161882632       0.11674602516481447      0.001432742056316315
0.039619813502830635      0.11493274241051114      0.00445616620351257
0.03810680185500861       0.11991562810998606      0.0032582832723764134
2.511875750016463E-17     0.13071799999999997      4.410505258460903E-4
0.0033244111075726515     0.1329884931803508       3.74914883828152E-4
0.04524096778815437       0.11283846743726703      0.01195787282879022
0.04397013723688733       0.11789588883998581      0.008046370396863418
0.050756495701567345      0.11046738452636942      0.027298366115232564
0.049766774587834774      0.11560819050131048      0.01931684267565291
0.056119377352690014      0.1078419231354225       0.04503963967555066
0.05514898230463194       0.1128837507388586       0.04074648338276901
0.06009162160652201       0.11015852394761115      0.07855514869997365
0.028112260118907         0.11827495817376943      8.386831385726181E-4
0.03198347845359167       0.12183601846759648      0.0015456687188634547
0.02224762817898749       0.1195169776241414       9.477599755365273E-4
0.02686540116862057       0.12449577310170856      0.00121652663029668
0.01632456927912051       0.12046897251097974      9.529361845711971E-4
0.020062554934767975      0.12584693653860396      9.563561383814044E-4
0.010370408163055397      0.12112687370906437      8.885289237213228E-4
0.013885151967273458      0.12518140601793903      8.193186810707846E-4
0.004778954119800961      0.12147603260528733      8.300440490596129E-4
0.007729299453139634      0.1254248704632488       7.077899886176194E-4
2.4239818128343207E-17    0.12614399999999998      6.217491746787494E-4
0.003570826358284431      0.12863809241064725      5.397675429856945E-4
2.4203192622880246E-17    0.12157                  8.113031176788686E-4
0.003001282502320775      0.1246523920025501       6.90738543778926E-4
0.08539373401299641       0.08918750895906011      0.6755358935842395
0.09802441007234158       0.10259620135864564      0.44134280619825195
0.08627673764923142       0.09018792382658371      0.6590701950271708
0.0969980127624037        0.1035044677116382       0.3763766320445067
0.08487801274993714       0.09018801711020669      0.6575100332821012
0.09652772868629933       0.10174279376673219      0.43222445900630635
0.08727721159762501       0.09166834563603254      0.6342099004412508
0.08561074216004541       0.09158800126175948      0.6339360081755299
0.0958948059722494        0.10452518067850768      0.2924439001361821
0.09560444549603192       0.10321967687986561      0.36070044617159325
0.08410471323742051       0.09128720610275833      0.6381312051483317
0.08469513628048858       0.09279580497923726      0.6130091726823722
0.09494502760518311       0.10547176470542001      0.23644780348135877
0.09485781748399125       0.10024124604893424      0.46372665967856713
0.09448200304731187       0.10210520894934332      0.40260456067280975
0.08837590475397886       0.09349152121446795      0.6028468174504632
0.08636794200749966       0.09326601877531814      0.6055312136319105
0.08980714299372819       0.09536261809743135      0.5693762955086954
0.09318386499539381       0.09878826434899163      0.49833712599032903
0.09149249277944          0.09717442641411173      0.5339408775481256
0.09415171928219565       0.10411719760624544      0.3266656880749448
0.08316963274167254       0.09236691736447605      0.6198187079642514
0.0836111406080865        0.09367298165511374      0.5986225157164816
0.08485407264087527       0.09453123458338902      0.5846098773779701
0.09345521109518452       0.10591485332518573      0.29362874694080104
0.09253392241327194       0.10091007071268213      0.44596126771206107
0.09265549313499019       0.10279971243580002      0.395607219532066
0.08705891676001219       0.09566326282185464      0.5648125524735531
0.08914322383838912       0.09777914308822895      0.5250986940225654
0.09090560890646779       0.09957482311116175      0.4846741659213813
0.09185726032734788       0.10454746568141016      0.37137534894247765
0.08219174225707374       0.0936078768453579       0.5997708149677438
0.08314954227656073       0.09507279311447059      0.5767771515079
0.08468611287155847       0.09672226287871093      0.5507802280838926
0.09138827318657856       0.10667352773985654      0.3696335682411471
0.09025256060482362       0.1023186192293191       0.43744910505834217
0.08674354358088647       0.09873563515100071      0.5165150895887415
0.0888516380098001        0.10016409293381359      0.48487842275428933
0.0893378306355409        0.10490496950985152      0.42028441651357573
0.08409941401240219       0.09951343099038429      0.5139083102357794
0.0812811712340111        0.09513099851446258      0.5763687677234586
0.08244734501456276       0.09719584571998346      0.5461283945104422
0.08890872106501817       0.10759280502247642      0.42742868264297723
0.08657080098075554       0.10238430995601219      0.47200505162723716
0.08681149822576231       0.10587253756369167      0.44982119491058975
0.08303859850813554       0.10203758127063169      0.4897343685768093
0.08144183751610172       0.09977324248008741      0.513856114004256
0.0801165687860812        0.09718701911832822      0.5466272299426461
0.08575682444774732       0.10871752597944558      0.4644111130939208
0.08340233373835418       0.10546589465765557      0.46880800744988826
0.08031499274681567       0.10298151457852553      0.4816455694699962
0.07863511243538347       0.09972655956685517      0.511916225761135
0.08233482552381782       0.10974147159988797      0.47336641557909315
0.07899288493643727       0.10652584320014874      0.4555621277904649
0.07670999362956069       0.10278379322041267      0.46977563842096526
0.07772000863333672       0.11124839852823555      0.44335720972650305
0.07389205350588403       0.10709192847333014      0.3998049584749664
0.04659064513629043       0.1265686078817094       0.00895331921777648
0.052479384434240585      0.12459770076722919      0.020138790421667135
0.05739248929827404       0.12341176305334009      0.040311256897833346
0.0718275515449424        0.11342760727904203      0.33085280760812796
0.06764439102724762       0.11769484885334588      0.21102669694421197
0.061884121652076005      0.1193270006232394       0.08947484925160905
0.06894880874049433       0.10910321024434615      0.2900812444756541
0.040618032712784476      0.12842897998843275      0.004340256925820347
0.034637872207188405      0.12980524430319684      0.0023861630100721056
0.015208920057907317      0.13376914477058585      6.810706369371317E-4
0.010628199873871931      0.13498702766566661      4.934759140357269E-4
0.006336198811201692      0.13514063489754716      3.619694796663672E-4
0.04253057907770065       0.12318219473836264      0.0058562409168285935
0.048494841380579606      0.12091362295516633      0.01341646345884895
0.05494416530977843       0.11872746752990329      0.03348727238964915
0.06505937456987855       0.11307086915738747      0.1586457221111732
0.05932999059003455       0.11466985558665732      0.0666238338742938
0.03663033364581084       0.12490090175980044      0.0028333981744473307
0.029310428331359984      0.13014031874975265      0.0015658738409580336
0.031905237568591246      0.12623734495122796      0.0018033864428068924
0.020146013146854568      0.13200745059817068      9.161697790317614E-4
0.02443622059413858       0.12961785720686803      0.0011645557238074249
0.016062345196803173      0.1295370938449418       7.896090199160625E-4
0.01203368450811769       0.12998613403810266      6.574121129056661E-4
0.00727043668536467       0.1311942087759272       5.05331301679379E-4
