% Model:              
% Version:            COMSOL 5.4.0.295
% Date:               Aug 20 2019, 20:38
% Dimension:          2
% Nodes:              165
% Expressions:        1
% Description:        Magnetic flux density norm
% Length unit:        m
% x                       y                        mfnc.normB (T)
0.09041448998466994       0.09041448998466994      1.140459972947681
0.09094847010369746       0.09094847010369746      1.1574178783658706
0.09020114479909684       0.09108174225701336      1.133659713982029
0.09140161955348296       0.09140161955348296      1.1716091344692556
0.09075463225534287       0.09155032105985213      1.1495212413843958
0.09126012645424803       0.09199383297158133      1.1630290608624922
0.09186625070983759       0.09186625070983759      1.184666261588284
0.09180795683944008       0.09234850980934836      1.1769741950767456
0.09228965266105336       0.09228965266105336      1.1936726160345443
0.004128344546877832      0.10509557122423882      5.604362684669956E-4
0                         0.10700000000000004      5.667022178652663E-4
0                         0.10100000000000003      2.981709031082137E-4
0.006577450990665336      0.1007855998566531       5.359739917089879E-4
0.09215663714415907       0.09262434476544786      1.183759062501678
0.09263098833543773       0.09263098833543773      1.1978013046420828
0.08959117845830153       0.09062833981720311      1.1160159626115853
0.08980946619251423       0.08980946619251423      1.1217281370742012
0.0049544895826917745     0.10997899045757145      7.138684153771822E-4
0                         0.11300000000000004      6.321198913896902E-4
0.01071500601637607       0.10628404728796825      0.0010208073172674524
0.014315985883540447      0.09998026079272984      0.0014930359181193698
0.09228956899195469       0.0929711538880702       1.1815686231589106
0.08912123521835416       0.08912123521835416      1.1014464519240266
0.08882249147015935       0.09010544444628582      1.0942589202866835
0.08825837781782676       0.08825837781782676      1.0776170066194417
0.08788715153850235       0.08947303326570005      1.0685647937085219
0.09178986554310087       0.0928934860885324       1.1694834339037028
0.09186496314117557       0.0933907305200599       1.1648701317674133
0.08716648925390541       0.08716648925390541      1.0497477064228733
0.08670481065045661       0.08868157730894916      1.0370890896877563
0.08578668502336778       0.08578668502336778      1.0177803029042651
0.08523577995516268       0.0876970954805458       0.9991986855901231
0.08337207085228443       0.08648637168012181      0.9528017394667958
0.08403768173658996       0.08403768173658996      0.9822190563553749
0.08095284532920675       0.08494863741406627      0.8956642996739742
0.08181947405450044       0.08181947405450044      0.9453884851564623
0.0052423120681449956     0.11576473182559481      6.787110656969052E-4
0                         0.11900000000000005      4.7714589875533166E-4
0.019751705118872764      0.10542857930622382      0.002697805375049024
0.022594569318872777      0.09844026329350536      0.004384303702996942
0.09121262256669795       0.09323076265323518      1.1510705511366048
0.09132799968393494       0.0939159010696867       1.1475034975730956
0.07103841215627496       0.07709782154540033      0.7589657001933554
0.06661521053588962       0.07591715040265341      0.6873581778990654
0.07141778489984131       0.07141778489984131      0.923483403722551
0.07543619701575505       0.07543619701575505      0.8983987179794797
0.07900569226507502       0.07900569226507502      0.9131808755283769
0.07772866243705016       0.08294253706890224      0.8267791569366647
0.07384006154100634       0.08043944627015243      0.7597739173961888
0.004922490367588157      0.12181242864680347      4.586636022540507E-4
0                         0.12500000000000006      1.6808353756364003E-4
0.004176919592884893      0.1266858364432344       2.662376782820545E-4
6.733297045963347E-18     0.131                    1.9058749273120142E-4
0.02810247840526598       0.10261985050126458      0.007229470001452615
0.030712963807006596      0.09621701436954642      0.0126856100164107
0.09049880596386108       0.09368228442805863      1.1313516379522748
0.09068833986646245       0.09453372420604716      1.1307065830514667
0.06788280678888253       0.08227852913859945      0.570946636301396
0.06056308713986749       0.08082767147511315      0.4252282660813754
0.045005030105122         0.09691806343512616      0.05431001627998832
0.03862082171163508       0.09332433835992676      0.034445748029870125
0.04626923619883998       0.08977838148226976      0.08917336833738017
0.006417395904545539      0.13084271867323882      4.3994432817074796E-4
0.03702779627792293       0.10092992363480048      0.020337420994825488
0.08996018818704553       0.09522691080441152      1.1153612457242705
0.08970414555543418       0.09420873864998383      1.1125158694628083
0.05334735361905487       0.09294909764632109      0.14033777490349716
0.05360016131228979       0.08560387086631373      0.21040173391493847
0.06098167928948201       0.08797914617703945      0.31455756467120327
0.009567895522476685      0.12549372213178578      6.620415991914474E-4
0.01395675944767695       0.1302544005618224       0.0010327892797384235
0.017060211781198105      0.123963930088257        0.0014950943157236198
0.02184152688808394       0.129166356700176        0.0021398722673676455
0.024744302908032003      0.12296288582450446      0.0031136587929708227
0.029628957277806674      0.1276053482054334       0.004314843039747511
0.08903508673349306       0.09609242077479033      1.100332125903808
0.08874097850643163       0.09483741396593162      1.0930594020456625
0.031634909918121006      0.12098448591277389      0.006117094566901255
0.03729749999571736       0.12557824849100843      0.008743954675497184
0.038775411361477725      0.11822030423691791      0.012762878521813103
0.04482774643705697       0.12309132036571438      0.01794363724491863
0.08784963898826006       0.0971773684024854       1.0871014616335168
0.08746790505370038       0.09564454569403934      1.0715114059858417
0.04628519975414107       0.11566830794069444      0.02733483165553517
0.05218747623990032       0.12015601243262793      0.037653982127784265
0.08590521777626883       0.09659852827721363      1.0497395139608672
0.08632678126790523       0.09853266887648603      1.0790309876082294
0.053584641682338584      0.1132641470494902       0.0584113427979819
0.059303758169061055      0.11680780910121345      0.0824585033768921
0.05979307128804183       0.110534893425102        0.12003126935172591
0.06579222359615888       0.11328010996760655      0.188313233323382
0.06564691862782242       0.10747111848524667      0.2602771101373607
0.0710790708384893        0.11003983682620139      0.4652001641254459
0.08388569730979417       0.0978134406181208       1.0280052894770422
0.08436472651517904       0.10021772757361362      1.084190607396472
0.08137633540644909       0.09935892309032825      1.0122458729379817
0.08182921252879127       0.1022984847244469       1.1256250356167685
0.07825111329061435       0.10122663188546105      1.0150528305737498
0.0786636501920672        0.10475223214070468      1.2779380848107866
0.07474504966475044       0.10315498703645465      0.9214180974906053
0.07513851316198705       0.10730891780185792      2.047945814948742
0.07051276769627443       0.10519796113781249      0.5477048350737249
0.0895200928991863        0.09141801216203842      1.113710010358935
0.09015757928182791       0.09167808292239425      1.1312721810864843
0.09055885333970415       0.09219817855094349      1.140854554676675
0.09117999371896873       0.09257395946578062      1.155978386341028
0.08871784392623536       0.09100397452005683      1.0918914583934132
0.08892629950002731       0.09182292916991015      1.0974578191920688
0.08970207404824629       0.09227915690831602      1.1172709075119192
0.09042015765657152       0.09290801358912062      1.1336004225715302
0.009699940701247073      0.11240426299056037      9.578684060528419E-4
0.016272515414414223      0.11179747954025238      0.0017265221859534866
0.08780807348704832       0.09059661766388652      1.0673873971471448
0.08660791229494699       0.09007495557913672      1.0352915761187866
0.08794266383366021       0.09180741721662727      1.0720430285247153
0.08869331872804294       0.09264017261567635      1.0912816448703702
0.08963709491471067       0.09328939843025302      1.1132283146013193
0.085066732768405         0.08942671872630632      0.9939756007835528
0.08328836468004411       0.08867462001284727      0.9457913304130142
0.08093106838933532       0.08777351041331384      0.8810964850000921
0.0778280460101892        0.08663233866267805      0.7959467911792216
0.011877028574092187      0.11839286595369622      0.0010284810850960406
0.02037383416357607       0.11751350645261983      0.0023305086580672255
0.025214928425630133      0.11093737090206965      0.004331098787271363
0.08668386556104848       0.09128889288379578      1.039024184880141
0.08528577937384113       0.09086756252082462      1.0017456838497463
0.08684038580768738       0.09238243225323059      1.0453894624333548
0.08763869271550691       0.09312882054371331      1.0664506638764764
0.08869783896646222       0.09371294548243286      1.091412398196852
0.08355407057856366       0.0905482825000841       0.954387286989944
0.08151003775699013       0.09018680639646301      0.8958124551362362
0.0785959014637685        0.08974492043988398      0.8075985708925728
0.07294949844441018       0.08486267267567019      0.6700620851727662
0.07457174429126286       0.08903545699383726      0.6815763642552023
0.026897940264120884      0.11731515215568626      0.004321525569443108
0.03259042536138279       0.10769662586414583      0.010227306043945653
0.032521725905245207      0.11417751168646345      0.008003059191877675
0.08563937021861988       0.09221296545462938      1.014687769268739
0.08430378420600478       0.09184998488335135      0.9786744753131854
0.08629689292524828       0.09346654636393545      1.0360127624694517
0.08744657131800272       0.09427725909575242      1.0652029544285282
0.04467095641418624       0.1035057753965097       0.03844320812451266
0.08248401371467033       0.09228778934483989      0.9309189234643686
0.08000144355003906       0.09244383209649455      0.8578793174617467
0.07673306878479451       0.09239757807651722      0.7494146962891436
0.06876064023962385       0.08994946372879309      0.49248983198881363
0.07308383334267102       0.09270307824116356      0.6209366616679051
0.05255157956783714       0.10119622908339933      0.09012419921313651
0.040085386262884715      0.10982195295089305      0.0194337794835438
0.08434526876164179       0.09350248100443907      0.9884712371993573
0.08583465407749867       0.09487458310119114      1.033485103300465
0.048726188765837015      0.10855522189671958      0.046201003276420995
0.0818538540635774        0.09422700971433767      0.9279821917948688
0.07891533549886198       0.09485234922141506      0.8438703141730817
0.06173612447122331       0.09626634636401862      0.2500456154124822
0.07523489878142897       0.09561185546406235      0.7144285665253379
0.07011881461624493       0.09652103694260776      0.5048499562006997
0.0552130595698637        0.10774162044477759      0.08722362336063616
0.06023672418689877       0.10413364118224173      0.1687568324149297
0.08396157498553268       0.09556583428763205      0.9975540311872885
0.08137954790743014       0.09660696160345124      0.9476494916027013
0.07828919990590184       0.09782685837362722      0.8765688353130224
0.0664795915966042        0.10159163929090619      0.34751834761672784
0.07461090608863787       0.09929227753046983      0.7470978136435077
0.07129334755892176       0.10115190172242183      0.5899261564558942
