% Model:              
% Version:            COMSOL 5.4.0.295
% Date:               Aug 15 2019, 18:01
% Dimension:          2
% Nodes:              85
% Expressions:        1
% Description:        Magnetic flux density norm
% Length unit:        m
% x                       y                        mfnc.normB (T)
0.004451714618917827      0.11602461792691093      4.7650479394242754E-5
0                         0.11900000000000005      3.4001691231490566E-5
0                         0.11300000000000004      3.0035300340777465E-5
0.004417413443575032      0.12162356702973375      7.652023538700063E-5
0                         0.12500000000000006      9.446391716900293E-5
0.004085229933855633      0.126564130395006        1.1728432034716158E-4
1.3877787807814457E-17    0.131                    1.500924054882871E-4
0.004774145221409818      0.11033276865549367      7.903752810664555E-5
0                         0.10700000000000004      9.733402967832115E-5
0.0038955981650838863     0.10513102692900636      1.2655862361434298E-4
0                         0.10100000000000003      1.7036909346131087E-4
0.0065784957575146415     0.10078553166783595      1.859327733356646E-4
0.006560087718744196      0.1308356421206484       1.6312102523750635E-4
0.010768687225256998      0.1066453339408243       1.531114696552154E-4
0.014318251921044847      0.09997993629686658      2.252212987956724E-4
0.00984030317126357       0.12464038719173308      1.3781687801885968E-4
0.014272403027023367      0.1302201924120611       2.0791403553266783E-4
0.022598591039848685      0.09843934011874354      2.443474045855072E-4
0.01963907995261407       0.10709398627747672      2.2435699712622086E-4
0.01762549435967833       0.12292993682646311      2.0766353943732583E-4
0.02244701217535393       0.12906251060784274      2.862033072007314E-4
0.030721576078913015      0.0962142648635199       1.9279606644926706E-4
0.028387526919622097      0.10447078239939998      3.061711566637412E-4
0.030494982776660604      0.12740116179003694      4.048653258615698E-4
0.02501650083196587       0.1207517877212352       3.0287679076027306E-4
0.03863747435152002       0.09331744518435786      5.695866045099447E-4
0.036605594415437016      0.1018672411018129       4.877667883392922E-4
0.03841723792798481       0.12524023247337338      5.977729071324239E-4
0.03252734093002279       0.11880392439290838      4.5005154825407005E-4
0.046291591108643206      0.08976685687173294      0.002193572103078162
0.04541922530452836       0.09917107428033921      0.0013197037378809245
0.052587566192890255      0.09394592621892876      0.0036096373621701734
0.05361647341313771       0.0855936550144828       0.007019458699876612
0.06056792310632161       0.08082404772458947      0.019533993364838974
0.06060200398353388       0.09005063408884585      0.01006547333190347
0.04619218393612627       0.1225858154241798       9.432439170176956E-4
0.04015661994208233       0.11628396941806193      7.160476168656173E-4
0.06796429250653187       0.08304298229673653      0.03144505892258221
0.06661443000263043       0.0759178352920093       0.0493002374579134
0.05379510165985947       0.11944491214532907      0.0016057904365501736
0.04754637459984831       0.11415753893142758      0.0012125620601187474
0.08223520289572732       0.0877756140251687       0.06927631561482463
0.08335121148428712       0.08335121148428712      0.10299638648739855
0.0870015459380512        0.0870015459380512       0.10520679596812704
0.0781247634745459        0.08445240923381231      0.06422571355351694
0.07937689790046282       0.07937689790046282      0.10090376303779792
0.07410336808099269       0.080981019018712        0.0602865920098945
0.07539734140015206       0.07539734140015206      0.1016165847071317
0.0713029229569926        0.07704409103078717      0.06527444781913698
0.07141778489984131       0.07141778489984131      0.10413011919413373
0.05493570382246646       0.11162445495841765      0.002220200545962235
0.06119414394065983       0.11582865253196122      0.0029807502830813764
0.06834707595458153       0.11175722441282557      0.0058456000242437835
0.06111255775629561       0.10733739214859199      0.0042455387746382625
0.07521069360085428       0.1072583403194289       0.011906648417115221
0.06785663524157548       0.1027595576520275       0.008978891319590692
0.07477063112631539       0.10056012153751762      0.017005360453489653
0.08127770239983657       0.10273721376698709      0.02335759715748301
0.08613154108789907       0.09055635002357804      0.07571116330600676
0.09005016964929571       0.09005016964929571      0.10512136384015196
0.08091043948953178       0.09716374027291774      0.032807563109165556
0.08608191588395428       0.09874666453986092      0.042050996074369025
0.08575985381858411       0.09478866853153423      0.054304304145662056
0.08975879203675517       0.09541676609539093      0.06823755672097682
0.09263098833543773       0.09263098833543773      0.10269002492413687
0.08881085282536762       0.09267644349471289      0.0785390992181046
0.008127232708471833      0.11851226838956418      9.132832599113256E-5
0.009391496340050277      0.11367910348667397      1.0369182157303442E-4
0.013551443553800493      0.11837036909279118      1.4879311118723318E-4
0.014664768046845864      0.11227203490441857      1.6344584029430367E-4
0.01997213218116689       0.11528398699744961      2.2251893527568608E-4
0.026731742252743985      0.11268786755017045      3.176964199754576E-4
0.03441095792808971       0.11030622814262013      4.891507835161581E-4
0.042056923108630004      0.10772358399336711      8.709812363849418E-4
0.05241964052561332       0.1009042297560588       0.0026108203795323793
0.06961059431583305       0.09076233690535976      0.02126553181545953
0.0732473139576621        0.08574472428030354      0.040194491390791634
0.0764345865281433        0.08948498869393963      0.03949171293158515
0.049335802598543414      0.1066722272245493       0.0016443099875594093
0.05539183453811556       0.10526287513880736      0.002864912701735698
0.05936377399398903       0.09946904591766938      0.005386727086547449
0.0655770390194829        0.09602199612960667      0.010807610580717915
0.07061478749940518       0.09691268661634363      0.015605469149494521
0.0752590377938191        0.09445942085720659      0.025950613686997876
0.08112177693561745       0.09237146373405748      0.04614001656893454
