% Model:              
% Version:            COMSOL 5.4.0.295
% Date:               Jul 1 2019, 18:04
% Dimension:          2
% Nodes:              162
% Expressions:        1
% Description:        Magnetic flux density norm
% Length unit:        m
% x                       y                        mfnc.normB (T)
0.006782444136629691      0.1329164793154694       0.0026702173134757687
0                         0.13603851317746612      0.0025211302369117397
3.879400209700218E-18     0.1267108267952721       3.500944845954877E-4
0.010314760017785599      0.1262902979366069       0.003377390905497881
0.008074658687563425      0.14069657549873693      0.0037620142091884068
0                         0.14536619955966015      0.003343994559089042
0.0076280217060848525     0.14884732463547193      0.003718743269026724
0                         0.15469388594185418      0.002832445154725247
0.10081904205450999       0.10790015968419163      0.8385772485462057
0.10185455126730689       0.10185455126730689      0.9272755079589438
0.10629126679892989       0.10629126679892989      0.9454363339323532
0.0895029949122601        0.09866004432838796      0.7812544992060495
0.08200708931415612       0.09659436282393227      0.703752325667149
0.08959808487669098       0.08959808487669098      0.9688772963252907
0.0961597719509733        0.0961597719509733       0.9272296951020573
0.016740423938806454      0.13445142818489614      0.005961151472129252
0.021488394167577585      0.12487546814022467      0.009678542362111832
0.02977439299944601       0.1317663659827275       0.015916238878801555
0.032492283979879105      0.12247401809735946      0.024355897163900936
0.10531968532110397       0.11087162310182092      0.8862891831823183
0.10974806377168025       0.10974806377168025      0.9686994023402941
0.10878700884844647       0.11332864011046222      0.9265437051665347
0.11244147722569761       0.11244147722569761      0.9917406665726632
0.11454009361922167       0.11454009361922167      1.012360453435987
0.11147916151607458       0.11535237644426195      0.9602720196760729
0.00868191183237414       0.15823862340334272      0.0029570695843446535
0                         0.1640215723240482       0.001433759439123108
0.006643372201880873      0.16690262869964992      0.0015492156544939782
1.819684597729291E-17     0.17334925870624224      2.210202353714945E-4
0.09429687398660767       0.10505062510603531      0.7625855667187478
0.08403361143706724       0.10680905631650471      0.571880601787913
0.07310570109309394       0.1034948795585011       0.4503143877045617
0.04136258183665217       0.12934457219171427      0.03740738395895645
0.04323944626060759       0.11910492816931409      0.057103050177790264
0.11625629392899087       0.11625629392899087      1.0306012758719478
0.11364583531140869       0.11701480873242955      0.9894674821831494
0.11779098218988727       0.11779098218988727      1.047441446046063
0.11541548148688979       0.11854520331079041      1.01439284660965
0.009838591087305995      0.1730698345160718       0.0017845066011721276
0.0536449967156317        0.11479480804688558      0.1271341890657898
0.05326899674962848       0.12493468941953381      0.08975767559237978
0.06362669437739527       0.10957772305421837      0.25464304614370675
0.0637559102087183        0.12059585794229097      0.18247855185964967
0.07441751369884633       0.11471974489733724      0.3449746401963303
0.11866573336224161       0.12636617118360863      1.1160571701318844
0.11806788235302047       0.12467342720948354      1.0841144920514
0.11998250610902066       0.1251166005044994       1.0956976293181349
0.1173359475805581        0.12760188438803022      1.16718494698824
0.11680145387931608       0.12591089780787695      1.097837935061035
0.11722750729727216       0.11991858947644395      1.040628093670095
0.11949295472980519       0.11949295472980519      1.0655519093169878
0.11951807430708757       0.12348438647841548      1.0797984949157977
0.12128612142192498       0.12385330938020896      1.0879262446876024
0.11907734110506978       0.12148830391894         1.0655168786964377
0.12118712126925907       0.12118712126925907      1.0803634041126278
0.11599329458996643       0.128823604607886        1.2766029861796782
0.11554151580320589       0.12721015079740156      1.1176278533284887
0.11446646889273666       0.1301821531287289       1.0055633381154427
0.11402876869330218       0.1282568247884112       1.0408546921767405
0.01474464954714282       0.1655334969751655       0.003258749959646023
0.02052142644106754       0.17213028946361397      0.0043887191796572805
0.12075428037289765       0.12263214533252319      1.0812394300401231
0.12257643634484504       0.12257643634484504      1.0877287065518995
0.11228451083763111       0.12937845564435416      0.9530236275960818
0.11254610785000074       0.13184589148630937      0.9136269549661008
0.02443167936139859       0.1636840377123595       0.0064953542737175955
0.031125755413194657      0.17053197015211452      0.008749186789575418
0.11023054702123856       0.13378786192103598      0.8456341024680366
0.10993268534585623       0.13060620868759554      0.8757480837779448
0.03401405252339959       0.1615570103897896       0.012138976292780072
0.04161095820476248       0.16828099610854816      0.016676172377322482
0.043897986896929975      0.15895045112868217      0.023036490787573916
0.05193691105092201       0.16538598116071476      0.03183404212914409
0.053711761768060855      0.15605287265966894      0.044148994805372384
0.06206164084539883       0.1618589454728419       0.06252800457731027
0.10741544803547855       0.13605839561504854      0.7906450135187811
0.1069691651956945        0.13210049915784414      0.8083345184615279
0.06309340916415705       0.15263844303126745      0.08577681915118422
0.07163274947687158       0.15785662702714584      0.12895104085708406
0.07193990870502025       0.14885532838003865      0.173481700691092
0.07991407958815933       0.15383011856454187      0.291162211226255
0.10377433595012682       0.13885551012514366      0.7439715285340612
0.1032195871812628        0.13400239331368216      0.7440473350192368
0.0984188072970416        0.13651795290911714      0.6810560682637273
0.09896325440767156       0.1423244173395631       0.7137950098186253
0.09278271373026534       0.13973465110548736      0.6313910453115109
0.09303070956412791       0.14627116110839666      0.7294277139080482
0.07920882242061066       0.1457892926370176       0.32958785825821163
0.08667462935312112       0.1501248617668065       1.057176706048427
0.0864380438540044        0.14293865420120327      0.5413194060779403
0.11433316683549657       0.1242812175484933       1.017145911418108
0.11452243951055072       0.12264544684048312      1.0090222587188424
0.11618099945631155       0.12400773579145952      1.051560269011911
0.11490118046721277       0.12051449531582417      1.007841697586658
0.11668584552911263       0.12178000171613157      1.0399089428855621
0.1179403144805919        0.12314253252483759      1.0649547879750638
0.11312723467127778       0.11934994127900993      0.976875248374428
0.1150287170670965        0.12560097578171192      1.051998265048151
0.1109346411156347        0.11805865759479418      0.9407180162976686
0.11268671249670059       0.12161424805422927      0.9696269833793151
0.11114239352238597       0.12032538734328677      0.9395797882125356
0.1126852001328029        0.12368279881917998      0.9742674800529919
0.11325225916984336       0.12546966938906345      0.9973522564193184
0.11406315933568033       0.12672621928127223      1.03515071314087
0.015304007534170109      0.14464288322687852      0.0053636225065092575
0.014401034541529708      0.15140443730266478      0.004703718591317241
0.1085299304567455        0.11672388378248777      0.9031752902272715
0.10515610454288866       0.11505799587188056      0.8527417306234774
0.1010402102002849        0.11328119852960866      0.7930820782196788
0.09685176534856697       0.11138614722390418      0.7363269465043307
0.024546855290292         0.14113684614911493      0.009785829097014346
0.03240924726227251       0.14057372907188434      0.016426695957886428
0.03741602678823208       0.13658253488424132      0.024743638316329284
0.10877176011734671       0.11989201536472623      0.8953442527871842
0.11019161921097007       0.1227120744236743       0.9177238622080104
0.1111742259738756        0.12535901004413563      0.938904225728541
0.11250724231637527       0.12715938204000998      0.9778793334461434
0.021900217574406168      0.14958400356997548      0.007314786481420441
0.018640665103341437      0.1573734226156796       0.005190624629074328
0.10561369611263763       0.11898845156611396      0.839606184084884
0.1015540820867093        0.1179616003138541       0.7708097749016751
0.09654058184793045       0.11650966498200062      0.6904888876500427
0.09085638093556926       0.11258464497097855      0.6230680188391201
0.08445410583628091       0.1166371693272796       0.4823483520789417
0.030980987239788548      0.14741226351790435      0.013127526311357355
0.043067219007516824      0.13715728771370156      0.03498068275508354
0.049889244325148546      0.13421091367480975      0.05815697109590487
0.03921889746776103       0.14377596862941372      0.02376499569599507
0.10671033812900052       0.12256104106107552      0.8464465870430004
0.10831339604165122       0.1254205697476567       0.8705322242673491
0.11024278284075999       0.12776189770066385      0.9068507074284632
0.027818613690309385      0.15541813816580957      0.00934776822127779
0.10291464044025292       0.12222365086363055      0.7751197231551332
0.0981065347411788        0.12175674388444131      0.6894125167128929
0.09153760191503894       0.12104418097270524      0.5760685637415214
0.06152142375823341       0.12824391723543602      0.1346092936654269
0.05727749939569982       0.1325410424022529       0.09490979046561952
0.06717460730840824       0.12794078046890311      0.18577226427649038
0.08521637412756981       0.12498159245499989      0.45059925186601973
0.07264608266445449       0.12396777887527755      0.26467713212052324
0.07948831031788114       0.12213291363994155      0.36991650426158085
0.036944080339522005      0.1528980911891489       0.017138819281190598
0.04744934461979029       0.14187244918832875      0.041493899705351674
0.056909825714241295      0.13941544134878803      0.07906948468258314
0.04607211374204586       0.15014790570315473      0.03174843309515688
0.10493930932729494       0.12575416739897652      0.8001704037025714
0.10733296177624171       0.12855288394626044      0.8358409562628074
0.10066860838944681       0.1261848178967295       0.7198723063029449
0.09544582333725661       0.12658433747008457      0.6264247602934836
0.09047072752013932       0.1271310851919611       0.5372543522523469
0.0873882085197739        0.13034230553025788      0.47871420853102675
0.06459231915472886       0.13478141129459015      0.14008396814814164
0.07143773207850598       0.1313882228381468       0.2192033235420526
0.07963751751616253       0.1309799292755935       0.341044287176544
0.05521061136021099       0.14733760142368588      0.05935454131260901
0.064027231470661         0.1438985151788953       0.11208714907096003
0.10369591118717643       0.12958204087850653      0.76361104620542
0.0990485690234711        0.13089442936414233      0.6836291905181661
0.09284289843426474       0.13249476751052794      0.5813521774747594
0.08640416054078223       0.136035155301303        0.47291222216385065
0.07313813374877583       0.1392712142763696       0.22159999552079115
0.0811198403801167        0.13920001478209615      0.3719597462913016
