% Model:              
% Version:            COMSOL 5.4.0.295
% Date:               Apr 15 2019, 15:12
% Dimension:          2
% Nodes:              142
% Expressions:        1
% Description:        Magnetic flux density norm
% Length unit:        m
% x                       y                        mfnc.normB (T)
0.1697362888082013        0.004745025796572744     1.0968876261231222
0.16699999999999998       0                        1.115662321268058
0.173                     0                        1.078845740563882
0.16429634979696356       0.005156118019051831     1.133138163841235
0.16099999999999998       0                        1.1570733956885657
0.15924627663777857       0.004561565250279253     1.1694396639785618
0.155                     0                        1.2020306444018218
0.15485071161624914       0.0068012581145869225    1.202081423307501
0.17549976322536137       0.004680618622148552     1.0624509157183393
0.179                     0                        1.0498491108625498
0.185                     0                        1.0716272581277608
0.1805440222215383        0.004344825873408791     1.0357931678617833
0.1602489502774314        0.010685817658600627     1.1602278716146603
0.15429373800617546       0.014779797430333053     1.2032183213080188
0.18486748196016464       0.007001008049428838     0.9950024664510853
0.15947335383410272       0.019734894327670078     1.1616505347757793
0.15327107334300988       0.023086317945521163     1.2053688193704417
0.17844677560198013       0.010340537161353382     1.0332396977790956
0.18439717706243686       0.01492250285321696      0.9764564021055614
0.1582584026805083        0.028097083327430373     1.1640629883932585
0.15180028685763136       0.0313316598657146       1.205837277744809
0.17783992575400498       0.017828499619406732     1.0294592565799305
0.18358761990882694       0.022816349756524114     0.9817552353145126
0.15692539053507698       0.036487599127382184     1.1605604248004489
0.1498865356337454        0.03948450880679621      1.2008871278190565
0.1541712606893961        0.04457178713301363      1.1572729388851615
0.14753556509668703       0.047521121952256294     1.1880302756993697
0.17695871416604686       0.025835409082203085     1.0416192521720535
0.18244029263734401       0.030668218441902574     1.012682077348065
0.11710048961102687       0.11710048961102687      0.555622725302601
0.12066259638134234       0.11602377979225542      0.5861259871902408
0.1198029025717425        0.1198029025717425       0.5538013227512769
0.1524466498000558        0.053442844835218155     1.134795955671649
0.14475396006911478       0.05541922991443603      1.1638426670082709
0.17564151147349275       0.0337207799037871       1.069588531526709
0.18095730613575406       0.03846366280128547      1.1194933129117646
0.12273215163799786       0.11879614967370894      0.581333974763489
0.12191795942021305       0.12191795942021305      0.5556792108146323
0.12439190999795556       0.12092014816574274      0.5813193845713834
0.12373574676369933       0.12373574676369933      0.5604862671203678
0.1260230326706213        0.12305360881947666      0.5846572554972008
0.1254500430906005        0.1254500430906005       0.5688655756657851
0.1278934000879767        0.12492608041776636      0.5958611019571675
0.127402860623675         0.127402860623675        0.5846845955761351
0.12947004070106982       0.12702333530619822      0.6091894916676903
0.1293033943524142        0.1293033943524142       0.608069762663333
0.13077604323048495       0.12865776081588132      0.6249425583837684
0.1308147545195113        0.1308147545195113       0.6318855507679604
0.11829302213355869       0.11236710390130147      0.6004675288122434
0.11364064996464597       0.11364064996464597      0.5635613046720795
0.10960155108391487       0.10960155108391487      0.580744311098444
0.11535062297855381       0.10940467414321006      0.6114309490876039
0.11430520241126288       0.10468677424450623      0.6539537752813281
0.14856498376560237       0.06147612035057214      1.10939414135412
0.14154975616811535       0.06315589068920718      1.1211364965827721
0.14541803077203222       0.06959316726670536      1.0559142469402203
0.13793206517494178       0.07070887777765679      1.0574033708809758
0.14103877329552936       0.07706145958355821      0.9875053466153209
0.13391130275086288       0.07805615283606246      0.979358620757789
0.17441170459151167       0.04115873185310552      1.069315230624625
0.17918788480880582       0.04600762912546265      1.020360798634985
0.1323594521990962        0.12925159733463695      0.6435891297134213
0.11955534854153303       0.0986484598719744       0.7352667977432659
0.12173383513398306       0.10707246564653113      0.6618105899868341
0.12470907542304951       0.09204697989140187      0.8160949995688008
0.12850713209400533       0.09942075062280689      0.7501566061185587
0.1327978544533995        0.091863448275694        0.8292254513498053
0.12949939198658875       0.08517574464073578      0.8975481291603201
0.17253080213548663       0.04797599938077732      1.0509052806999903
0.17710410704343768       0.05347088243470971      1.002524673626161
0.13833112889196972       0.08512232023607333      0.9031313019906962
0.13193257438033318       0.12689572256664583      0.6344388854487929
0.13427519987694378       0.12726024790957607      0.6558895690009491
0.16982266550116068       0.0551027756832986       1.0503076658195845
0.17470962849392796       0.060840329646655124     1.0150988998590822
0.16728160479694665       0.06257814092378407      1.0652379469722895
0.17200864988931297       0.06810304224669946      1.068144461467358
0.13333475671519943       0.12408879201665617      0.6451218415723908
0.13667846315050056       0.12467556982351119      0.6689286211112795
0.16509354660578962       0.06985332869856803      1.0940518428139985
0.16900590966388118       0.07524627896902303      1.254006160386737
0.16225873522605766       0.07610581485055098      1.0542296535564069
0.16559316320041567       0.08248578241903548      0.9854093265327553
0.13525111477249366       0.1207786282199293       0.659458306082804
0.13939349911383409       0.12163244799313012      0.6805754120269576
0.1585935216202364        0.08293068526597733      0.9595299620231271
0.16187048416079564       0.08957090128802749      0.8915770760899643
0.15444979313957835       0.08966798806905557      0.8795774580727231
0.15784482864996452       0.09648839343912458      0.8226753118223878
0.1506494040633353        0.09612511782928182      0.8111671600041551
0.1535906714945641        0.10312567880915441      0.7538474993058143
0.1425207957495401        0.11795262938535044      0.6891321356899702
0.137667805984854         0.11688887737499062      0.675118291068396
0.14018797598561136       0.11257817966944073      0.6888259165936871
0.1461071608817899        0.11347994333388939      0.6873015829123635
0.14966814395936529       0.10874027167410752      0.6421156718659113
0.14685238645737253       0.10248281470012732      0.7428368934047972
0.1433679083519952        0.10780953154435687      0.7040178110230791
0.17248129997643002       0.008696708556647966     1.076324474442721
0.1674854174804674        0.01021485983700856      1.1088744832561872
0.17246894309485414       0.014434201384274594     1.0713692433014892
0.16597674922360045       0.016907498151561513     1.1163828724093394
0.17139262141621928       0.021522378465600487     1.077590516608903
0.16479120923852783       0.024852837236214734     1.1222786884790013
0.17015185206109995       0.029326277460600333     1.0895358148575809
0.1632891008625231        0.033089106163925436     1.1271871697271745
0.16883795520978973       0.03693715391187116      1.0961702955860353
0.16241634946879244       0.04169473474007211      1.1180743655573093
0.16882899396976692       0.04334480450182047      1.0830566941960826
0.15927435924612007       0.04909029587871965      1.1161647152341978
0.12669281141961553       0.12102807340270925      0.5990471792988898
0.12395634042264123       0.1155127364273193       0.6099862649036316
0.12209067684889226       0.11256328356020132      0.6196731308772827
0.16564849545680846       0.049163254800322964     1.0839285822416647
0.16162898372035134       0.05657277016394977      1.0874803774290371
0.15529264233956525       0.06104470690479238      1.0945780853162095
0.1260922646272187        0.11842461064448438      0.6070340300893398
0.12704812311366814       0.11532957108622177      0.6293866492038673
0.12857013307356174       0.12232052441546168      0.6095136987398136
0.1284296670744891        0.1199664369812266       0.6166144066117428
0.13044429036833177       0.12430611025118604      0.6211836858885379
0.12580759017293594       0.11184033203359922      0.6437757342352529
0.16037564593133685       0.06499236231045862      1.078852738686876
0.15337854414215887       0.06870158239921652      1.0607881746136063
0.1595363643565625        0.07117716407571661      1.065988630101381
0.1487486016504855        0.0762191049948891       0.998647209977863
0.14534940585531325       0.08214642752273707      0.9386225507817217
0.12939484872416365       0.11741915877446217      0.6332079153969556
0.12999558557486007       0.11345169734347055      0.6547286410829215
0.13142689774259358       0.12061647332908865      0.6357257863717022
0.13007193732728758       0.1073397688536005       0.6914850865768789
0.13434642621014278       0.10275405190582665      0.7343868328267893
0.13622115951449523       0.09721356782382018      0.7830648392957764
0.139519235173614         0.09220132809148252      0.8335224939798038
0.15568894822797244       0.07642090508192721      1.0128127193966832
0.15161790760990687       0.08339108811519019      0.9360632712368325
0.14620193820895536       0.08935168093826575      0.8689987710084648
0.13300300433754492       0.11677059464496067      0.6555629369879995
0.13464800977356017       0.112010758667979        0.6794772032211149
0.13672792338872947       0.10738777887507042      0.7072349127380667
0.14016874944195085       0.10240920692554017      0.7427314203796936
0.14349669272896975       0.09680749670403963      0.7943152034376224
