% Model:              
% Version:            COMSOL 5.4.0.295
% Date:               May 24 2019, 16:47
% Dimension:          2
% Nodes:              147
% Expressions:        1
% Description:        Magnetic flux density norm
% Length unit:        m
% x                       y                        mfnc.normB (T)
0.006212347884833373      0.1359181689996492       0.0017901986316082724
0                         0.13900000000000007      0.0017573696602286696
3.980102095125915E-18     0.13                     2.68102895545815E-4
0.009138726281979526      0.12967838556190875      0.002068480747547579
0.0069169186565096194     0.14374977986893933      0.0025400739947997286
0                         0.14800000000000005      0.002332933257771458
0.006297886152708561      0.15223497821776594      0.0024731017252528783
0                         0.15700000000000006      0.001969258659620042
0.015006094485677714      0.137162679567398        0.003818796856210885
0.019214347274590426      0.1285721931788186       0.005791518788577099
0.006424696464848843      0.16089863895884887      0.0018516358374246957
0                         0.1660000000000001       9.856284190447608E-4
0.005993945600272988      0.1683265878926153       0.0010570908746978947
3.469446951953614E-17     0.175                    1.923573357168391E-4
0.026048740936708965      0.13606068251402476      0.008826169758065232
0.029610078959915378      0.12658294997347622      0.014175904722480879
0.09172183362604684       0.10029179577257266      0.7151327866525764
0.08523441047875385       0.09815852112954476      0.6659359645902431
0.09192388155425119       0.09192388155425119      0.8636541808103237
0.09813490550236932       0.09813490550236932      0.8289235808112175
0.1037722948693034        0.1037722948693034       0.8281833051134776
0.0956387409007382        0.10560901441149288      0.6974050864152187
0.10827741203300192       0.10827741203300192      0.8442246722207303
0.10177629681109056       0.10976504742740888      0.741582462087076
0.11181247646190198       0.11181247646190198      0.8658767497780696
0.10677415404787745       0.11308938108910511      0.7876840251146353
0.11458502889894107       0.11458502889894107      0.8880779490517131
0.11058216363969857       0.11566843963188805      0.8283906629805621
0.11675143214430356       0.11675143214430356      0.9084141989242149
0.11356007996188137       0.11770768805587324      0.8641362966648511
0.11852136143248759       0.11852136143248759      0.9264965001537826
0.1159888171862079        0.11945425423700558      0.8958630758148926
0.11805881318728163       0.12098794484979124      0.9244481063425437
0.12048267075609007       0.12048267075609007      0.9471788861328957
0.009743992977519239      0.17472851685072485      0.0013206837343107565
0.08688808870930026       0.10736418111023943      0.55397370330872
0.07732767441483321       0.10450086492270554      0.46127601629244636
0.07780527396890567       0.11416952647287318      0.3598841457696978
0.0685701746848172        0.1104451499328678       0.2810284038872985
0.03742736161858705       0.13355752399517992      0.021375463917846813
0.039811466745847846      0.12375397818068014      0.03276678536538832
0.04755824407067187       0.12907729515397784      0.04773831481876691
0.049748846207461665      0.12010433922646731      0.07311964145772994
0.11709785611280017       0.13005034445854396      1.1602485693997513
0.11648690431795064       0.12809626320613998      0.9912643392325551
0.11845329469446561       0.12881699024595353      1.0688722325890039
0.12006293684259542       0.12267408334121235      0.9518027200598623
0.12231112997124104       0.12231112997124104      0.9639476183245493
0.11797473530781359       0.12699202812304214      0.9918042621169884
0.11979574353752047       0.12756950979874704      1.0148468617664868
0.11926353121347485       0.12591310209795883      0.9796415573199845
0.1211250554273211        0.12630803991721337      0.9901645232519112
0.11557115750406931       0.13140893254710495      0.8868202453782247
0.11475658901156577       0.12925753536470042      0.9100864466684689
0.01423257733102139       0.16531177740976927      0.0024509517701978324
0.020503369494445808      0.17379474054002386      0.003301073878842102
0.06813331602888212       0.12021673845992688      0.20478565441982297
0.059356319065399205      0.11565823527534269      0.15121167367793245
0.058138420351206595      0.1252039179016079       0.10410886486828036
0.12063137378895948       0.12470242210547781      0.970877777043377
0.12244108458983889       0.12503271893574056      0.9777790306707925
0.1218394694277458        0.12380080253965706      0.9685921704916793
0.12374368670764582       0.12374368670764582      0.9726764583891543
0.11365521481835549       0.13306950118112507      0.7986277835594863
0.11293226212146656       0.13059505318329628      0.8308829433726493
0.025031903772786343      0.1640390742845177       0.005221448544346717
0.031184660078720006      0.1721990620641549       0.006723225046287948
0.111187430602915         0.13513828205183723      0.7348266316443585
0.11056267140868678       0.13207228802505308      0.7617260719581952
0.04174718050196861       0.16994755932385744      0.013140042160155388
0.035185475977802395      0.16196045105425436      0.010317115791175368
0.04517460460453268       0.15978657196240187      0.01996888903251555
0.05215070814469266       0.1670488061615739       0.02579229045580182
0.05486869010112013       0.15707377833011507      0.03916247404375806
0.06235419831959761       0.16351438454130043      0.05220969819151491
0.10822615994640035       0.13752126491294397      0.688816093371248
0.10764707820612804       0.13363390011731346      0.7067059017061715
0.0636730235132068        0.15396646668050182      0.0741610097371164
0.07207864581643139       0.15946682669843726      0.11117425844398388
0.07254228348369808       0.150743170419097        0.15146685807071145
0.08058006594072493       0.15534430460428347      0.26284985799369814
0.10458069498796786       0.14031349983459748      0.6565181427890202
0.10348196678939575       0.135619624661943        0.6522015303403277
0.09977648420010281       0.14376944460025778      0.645431071506787
0.0988234386230069        0.13840359419856435      0.6097401106519759
0.09369721978121551       0.1412387283525351       0.5840024894526589
0.09386160814152136       0.14769901325698648      0.691690778232872
0.079858970217638         0.14759755705666533      0.29954381235025296
0.08750000000000001       0.15155444566227672      1.0632225112627502
0.08707204591358968       0.1444338161979029       0.506672754218306
0.1133709278906705        0.12306799820738455      0.8585198378814919
0.11337765641575741       0.12060909557913821      0.8573756264380076
0.11564741337634293       0.12188838856210604      0.8947128624998383
0.11526118019807341       0.12441671454209767      0.8998718522140071
0.11760321466024343       0.12313883900203501      0.9293869630125556
0.11450591007034311       0.12610806119450474      0.8935598534096197
0.11609899502681473       0.12638155073641535      0.9388287691204066
0.11754003915103006       0.1252144490078203       0.9494329531743068
0.11007538148637977       0.119177877843963        0.8075127813067703
0.1110138431863705        0.1221904020000473       0.8161292644926709
0.11319328948728505       0.12514304355331352      0.8587664884563458
0.11178436645368461       0.12425717650836916      0.8285263257787202
0.11340186235052167       0.12674169780684835      0.8662647496281022
0.1146795202796035        0.12758119540257973      0.9078940405475899
0.01426317296869143       0.14851535205363858      0.00361359191842581
0.012023769705090122      0.15651849023294268      0.002828438365014777
0.10658399442583885       0.11758921897318854      0.7594838324447618
0.11904894076347355       0.12444447937702127      0.957497661999637
0.10746866452187552       0.12233001931715842      0.7547492181466389
0.11004527368860767       0.12445470559640386      0.7944813151764047
0.11129849801548926       0.12642973318469666      0.8154865186246771
0.1128168800702958        0.12826910649346568      0.8478641759646721
0.022983745071641064      0.14578500231781794      0.006316363425121743
0.0201203439371273        0.15658801710923156      0.004455952961617687
0.10161254034782356       0.11542369453689688      0.6962398295451476
0.10348580384733817       0.12035227484555902      0.6982374372884047
0.09458251750883429       0.11241849524038289      0.6141329058877442
0.03309383093845703       0.14325865945206595      0.012761375118547719
0.10484589332606864       0.12428245652928076      0.7044367715650496
0.10798252272853744       0.12631663191418027      0.7503549311343293
0.11042831710765863       0.12905292768593754      0.785096037572465
0.02908384463254696       0.15426117984620785      0.008136301277198206
0.096472475445962         0.119327749645737        0.5947947013283226
0.10101635740317692       0.12465647436685957      0.6425049884262831
0.08668658035871382       0.11852705358606067      0.4517412703334043
0.09205400566520204       0.12379736149484286      0.5071829799124644
0.07717669604227159       0.12433878203195019      0.28720959042521277
0.038890662276259765      0.15152925884438623      0.016059280408194918
0.04538641569157813       0.14150318724006905      0.030394150845489635
0.05637359659258957       0.13465481686943725      0.07254426231294316
0.048262911819007534      0.15120543872960354      0.029033584681917975
0.10436738287139324       0.1276263643382367       0.6852464270872433
0.10745363445836814       0.13003506019674013      0.7247449669246363
0.10121772614003932       0.128907845620564        0.634011297760763
0.09587322576051778       0.12745752766820026      0.5565781437665757
0.08755788355139786       0.12854261775197595      0.4253077705427639
0.0677164570117895        0.13149151984037755      0.15565141976726501
0.06402640988506365       0.14006283743640952      0.10546452897059841
0.07905240143042137       0.1339152619410343       0.28421942209627504
0.0569790166898387        0.1460839774198198       0.05842927461280899
0.06608198455906235       0.14649511069110407      0.10443164773715108
0.10373383442780473       0.13150824909971956      0.6639347309416517
0.09895921311256689       0.13266211658452173      0.5986846964832188
0.09369775520550212       0.13416905841895269      0.5269819424250605
0.08729392795890234       0.1367140084709555       0.4301384748865474
0.07298099457203815       0.14158876236130885      0.18483233886518627
0.08158844944612886       0.1408158811896379       0.3345655479598007
