% Model:              
% Version:            COMSOL 5.3.1.275
% Date:               Aug 10 2018, 13:20
% Dimension:          2
% Nodes:              114
% Expressions:        1
% Description:        Magnetic flux density norm
% Length unit:        m
% x                       y                        mfnc.normB (T)
0.04323038165027362       0.04323038165027362      0.44313220331089404
0.04384062043356595       0.04384062043356595      0.4260197471445478
0.04296395100011329       0.04382769925126841      0.45823430886905603
0.04248137868426931       0.04248137868426931      0.467470058132164
0.04232892764475062       0.04329781198885477      0.47231991380969657
0.04166289595227581       0.04166289595227581      0.4894392314204767
0.04140772968380215       0.04270213781826999      0.48928852321430116
0.040836804675299314      0.04083680467529931      0.5031246124556863
0.04049644434539877       0.04186676636300051      0.4974951978645055
0.04322346186813214       0.044449210838147936     0.46087196133866154
0.03985889711162883       0.03985889711162883      0.5088533653389463
0.03950260711401184       0.04105183260060481      0.4980420124738543
0.04246472864232761       0.04517462585714997      0.5009233623061429
0.04232652264947914       0.04428892499540152      0.4846179779138428
0.03877515773146821       0.03877515773146821      0.5062930387994188
0.038400920816361345      0.04023415415507704      0.4897583020907464
0.04149517160068413       0.04606680728930297      0.5509794559681377
0.04130820175946007       0.044885399244176914     0.5201453705994137
0.03751455979390019       0.03751455979390019      0.49712774968586276
0.03697813050140565       0.03923688243336099      0.47058183102164763
0.0403419417830307        0.04708001415860622      0.6159899425898511
0.04005470352506095       0.045630318142732836     0.5602236240448923
0.035911652804366215      0.03591165280436621      0.4829708977513257
0.03535829941837836       0.0380594168330114       0.4444537496734073
0.038960376950149284      0.04822954517619128      0.7176745542930311
0.03866090785576987       0.046589439601624594     0.6120897625769189
0.03386982169214447       0.03386982169214446      0.4690186891420252
0.033219619174096195      0.036582390220700145     0.4097225694279429
0.03729605016033529       0.049527816855154776     0.9320689438641786
0.03708244718347976       0.047696028918363095     0.6943404972185134
0.03126597109009839       0.031265971090098384     0.4665323077229733
0.030482264574970382      0.034658912456256574     0.37332754382512673
0.028284271247461905      0.028284271247461898     0.494015258674667
0.028245657838683734      0.032265830891374886     0.3721144780240154
0.02492546631848806       0.031284518995917415     0.32251867647585614
0.035561739053764856      0.050787426745917484     1.7311253283161605
0.03534881648830857       0.04873622751443681      0.7114699460992514
0.020556198058796982      0.03431388525608126      0.1693142613263102
0.026129643217427858      0.03648167872162752      0.24321527382813157
0.03371083189000333       0.05203440989656683      0.46523490231920656
0.033357676490994595      0.04969598724754564      0.4952446463358318
0.015297094437890813      0.03695942236775692      0.07030074591049679
0.02042474235812536       0.04005754378637576      0.10639263047368293
0.031446599881275836      0.05343324204937355      0.23351075677678523
0.031424505184887666      0.05079019116991607      0.2985636466522153
0.009717610770780271      0.038801649976613325     0.02549561761711232
0.014049076391970897      0.0421064201159118       0.04030177651087891
4.806011394408464E-18     0.04                     3.4619177964473303E-4
0.004496528237885454      0.039746461902990804     0.008458882610886556
0.0028616134756140168     0.04288717844664908      0.006125925595950247
0.007752419247588233      0.04344298432477027      0.014840322121004685
0.02869329932977226       0.05496084582293189      0.13237401197291926
0.02890901108805069       0.05189659014704016      0.1752046848442312
7.4537150645197E-18       0.0444                   0.005973682875565471
0.02526428582795411       0.056619041510815406     0.07536774906552438
0.02544101215922745       0.052835639580080154     0.10005593455616792
8.192371512354984E-18     0.048799999999999996     0.007823234708143235
0.003659270787725793      0.04667059790794097      0.00888368887979019
0.020860605170196177      0.05838523059758506      0.03970775872705847
0.021656555705523647      0.053778821210316866     0.057748349112485865
0.015535951986671367      0.06002194761808252      0.019567052312372612
0.016524388369414073      0.05516028367561097      0.028287496477785324
8.931027960190268E-18     0.05319999999999998      0.006436383879111007
0.003725125914607583      0.05108365940280765      0.008412795678622298
0.009847250000624742      0.06121300243759651      0.009029551520672386
0.011292513258240655      0.05646485820716066      0.013799626515997448
9.669684408025554E-18     0.057599999999999985     0.0033210883483575458
0.0032472374272684117     0.055228754541669714     0.005903890238133404
0.004533536090166999      0.06183402825725617      0.003481969122459691
0.006649624819294376      0.05801490942592255      0.006720353341967587
6.624991559311992E-18     0.062                    1.6182837683245154E-4
0.0028860796673459608     0.05893553844496968      0.0032456031622574632
0.04124035813640728       0.04373866373553467      0.4998998662369721
0.04013080930058477       0.0430033359915597       0.5036023039058578
0.039445492961711855      0.042113815970177625     0.49780879684746093
0.03993995778036697       0.044254372374945186     0.5232764330750808
0.038251024048741616      0.04163172449046608      0.48692929725701944
0.038641915608430735      0.04321668852486696      0.5043750529837793
0.038557328287280396      0.04489945029037566      0.5413026871725483
0.03682310357342339       0.040739953243186966     0.4625247534621206
0.03689380798180744       0.04240979122516497      0.4710424916251558
0.035664032901294995      0.04147616566097501      0.43824351016701213
0.03679592109800272       0.04403055567618007      0.4938953099453191
0.03684821000899697       0.045805778035106014     0.5529165344978091
0.03528036197688495       0.040001588783135617     0.4300197678434838
0.03510816365178606       0.04293947824605334      0.4329106972230408
0.03387004113493932       0.041299854697383315     0.39116175851310836
0.034834362150387474      0.04492994942949251      0.45518480742270606
0.035158293479061575      0.04668924429460011      0.5298268103906582
0.03324547225961697       0.03910942696260524      0.3839130285819889
0.031265827035645406      0.04080358041347768      0.31974744914973957
0.03259081664428445       0.043490552787124104     0.3545630946979981
0.033059613426421816      0.04609992352560666      0.39694563608325484
0.03382395487011365       0.047812696586881684     0.4967812356965237
0.0304501991466055        0.037885111177043115     0.32479582246662736
0.028431065214025466      0.03999598779692913      0.252783949004691
0.02900736781440073       0.043040549059781184     0.24398617603918119
0.03055003406358941       0.04564997594903226      0.28246733803869956
0.03155455023479715       0.048017883630744905     0.3292673103121085
0.025521552229727372      0.04139163941304201      0.17743494061458964
0.02822876242672443       0.045603455139539714     0.2082235558831233
0.026463514763572716      0.04434863879418409      0.174028852889915
0.02880889608073467       0.04762535940853417      0.212889971634174
0.029540939215395214      0.049639294301778415     0.22160412457439244
0.023368074466882216      0.04460468049577163      0.118426243514545
0.026130446536668055      0.046913171953660356     0.15051134750556086
0.026907710757745708      0.04972032795816076      0.1473148524431807
0.018668556820615467      0.04566466586031418      0.0621514648201364
0.022995746571416127      0.049240385717272406     0.0889833769865189
0.013062003767106974      0.04710126443372601      0.027481892172956938
0.01754510929266712       0.050479767229257226     0.04112809477384206
0.007997281318805798      0.04896811758538363      0.013471257460829772
0.012279551587135765      0.05188970257291441      0.019777373485973967
0.007531889054225432      0.05360833362264309      0.010297823108054134
