% Model:              
% Version:            COMSOL 5.4.0.295
% Date:               Aug 16 2019, 04:36
% Dimension:          2
% Nodes:              184
% Expressions:        1
% Description:        Magnetic flux density norm
% Length unit:        m
% x                       y                        mfnc.normB (T)
0.0916634556957782        0.08900323113838547      0.3966125089697901
0.09125871754783844       0.09125871754783844      0.3100671780693454
0.08952624265334168       0.08952624265334168      0.3026122631000984
0.08413360000102846       0.08413360000102846      0.25459343904351983
0.08661723751761348       0.08332286938137252      0.3330878106567641
0.08600173185372365       0.08600173185372365      0.2707506846016089
0.0883187554760195        0.08519065343837767      0.3559062462106631
0.0876626566636433        0.0876626566636433       0.2865588796852541
0.08995528679000521       0.08685092563001617      0.38515562482860255
0.08186899431845465       0.08186899431845465      0.23811338317436112
0.08486992857365562       0.08089038183261903      0.32088385519748513
0.09271174351910913       0.09076385630131432      0.3765866146405719
0.09263098833543773       0.09263098833543773      0.3084873936145085
0.09391528960222399       0.09132862847393688      0.399188392801451
0.09363718790789331       0.08958169042622875      0.4700660184221919
0.09518128189720616       0.09000846391537061      0.5347555943106563
0.08288328851552362       0.07805536172156968      0.31330632831637106
0.07902020415298311       0.07902020415298311      0.22381219138946298
0.07541647683754953       0.07541647683754953      0.2153404272652734
0.0804380956359668        0.07427622081879343      0.3185856603575785
0.07141778489984131       0.07141778489984131      0.2198441167435205
0.07707882545600434       0.07127577991980757      0.30693450848685383
0.09480196803235609       0.08829655682388776      0.6327820047621785
0.09642871841269092       0.08867075202842234      0.7625317753124435
0.07590925113773488       0.06662421175299786      0.3881276726663596
0.09591111653276456       0.08691683712071807      0.9025184305384951
0.09765735595845787       0.08731575360267499      1.2527294904009907
0.08080997601306038       0.06058669636783812      0.6476044810986705
0.08221251876892925       0.06864420528985582      0.4638894265427366
0.09886695500918313       0.08594373279775645      3.7823967199518527
0.09705711556110491       0.08553122463936759      1.405399997557401
0.08558242921339047       0.05363439017957614      0.9272360281157441
0.08915671270048788       0.05892574518939572      0.838361321716708
0.10017465165976809       0.08441587033753847      2.107016279594048
0.09808950307885099       0.08394823244788535      1.6038216531946237
0.093158392639986         0.05235057753024172      1.0255479089878359
0.08975995819959506       0.04630496629959848      1.1313929027611784
0.09932814780913667       0.08206157013739972      1.5163207724518386
0.10178178746192419       0.08247101151953738      1.7439142858365269
0.10088710048836322       0.07967507389994294      1.412281156302206
0.10375477029648475       0.07997466874406953      1.596631414436186
0.09741354047080375       0.045135412959670496     1.1510907621221005
0.09331305782507265       0.03864806902465696      1.2531009144468976
0.10261293701838071       0.07683133807563702      1.3829148133514293
0.10593317739657498       0.07706595828681907      1.580327533120122
0.10806675607416981       0.07404442066493504      1.676820540487267
0.10445267739741586       0.07367485269564585      1.410741307905868
0.10092955347107808       0.03680269454258096      1.2261763845186886
0.0962125635404163        0.030726903797508705     1.3193403764207765
0.10315873605716401       0.028101433931640094     1.2713147907954536
0.09844040648399693       0.022593945455928226     1.3544562753652354
0.10517657389520052       0.019601488415805956     1.2915565016618038
0.09998226464844638       0.01430198432973654      1.3725084823064286
0.11011422505793463       0.07096377554703892      1.9171474085514728
0.10637829495823835       0.07036634444336051      1.4381852990224637
0.11210006706171188       0.0677832941421385       1.393723277181009
0.10842050746601452       0.06726455924477039      1.3728434442013917
0.11399407186168346       0.064547281742869        1.2665108406607808
0.11034174048690859       0.06387853755651177      1.2660737128863457
0.10617737014788532       0.010804454384210951     1.3051692977385831
0.10078637794403472       0.006565517566970232     1.379947893824297
0.10514260352589302       0.004379564459607236     1.326440250528703
0.101                     0                        1.3820184837170588
0.11579468780760102       0.06125838942985834      1.2087095163536754
0.11227936818601814       0.060822915180040016     1.2139637520458204
0.11750043975724565       0.057919311605490145     1.1807572526136996
0.11405588276213045       0.0573029239445274       1.18072447813818
0.1070571683293978        0                        1.3049869319439733
0.11910993028516598       0.05453278378611255      1.1671857046521203
0.1155371180939685        0.05434538186765218      1.1645465774988304
0.12062184082739187       0.05110158036119153      1.1288392058175154
0.11708897336659546       0.050951175229013754     1.1452443051645924
0.12203493276166338       0.047628512320418676     1.1136033687567655
0.11851598502374348       0.047876812055328566     1.1322001581355854
0.11276312192681842       0                        1.2423395424401475
0.10996951763662366       0.005163098819657738     1.2701211150237062
0.12334804842224917       0.04411642495060601      1.1039550705354981
0.11991192473805878       0.04453631579142619      1.1225650817834092
0.12117851133980738       0.041063448761695404     1.1165549555372356
0.12456011204818264       0.04056819550515114      1.0974503260019273
0.11744670663769187       0                        1.196272053964063
0.11505512693603913       0.004712065919088272     1.2178967331935584
0.12758047971416578       0.029735857073629295     1.0874830547688423
0.12667719489687843       0.03337496506452479      1.0897115022407888
0.12401453648742918       0.029984901158312764     1.1109294754924512
0.12231301425935408       0.03769287877044478      1.1125549534427075
0.12567013066474753       0.03698673084641682      1.092889687742743
0.12320864934980827       0.03377710211873586      1.1113845488660428
0.1221595004732158        0                        1.1538812391225395
0.11965124025245516       0.004178226630001579     1.1751376018913477
0.12837924510680937       0.026072388187615907     1.0859421399669322
0.12500348934911293       0.02675448986539016      1.1084341285165353
0.12617700081760685       0.023420634584794597     1.1042823799860242
0.1290728366917585        0.022387559678147446     1.084870111940675
0.12431746001676898       0.0034764120158040715    1.1352016487115386
0.12696907265038015       0                        1.1140722694136633
0.12797197172848274       0.005685613055557906     1.105222128370974
0.130946339578508         0.003749153369768822     1.083016771303223
0.13078540227496083       0.007495235271600493     1.083108728153925
0.1276792959250024        0.009150037563478888     1.1059534138150073
0.13051731993612586       0.0112351767538804       1.083309262157366
0.12733490567707925       0.012715824865737434     1.1062918424177435
0.13014231218661562       0.014965913895297408     1.083633313751056
0.12701356341488101       0.01634834939998784      1.1056788627318987
0.12966068624892035       0.018684390315422027     1.0841216286797277
0.1266390508568055        0.019938350810727444     1.1048653493821874
0.12846042993616696       0.002672364985586898     1.1021564865418867
0.131                     0                        1.0829550639003007
0.09336948332675404       0.08805725792940987      0.5307628533163553
0.09214407050912742       0.08659094776233882      0.5092144786329563
0.09416434669015158       0.08661431996838784      0.680401289605928
0.0887021826118655        0.08303048646935007      0.41409227970969675
0.087635989496785         0.08082116539674797      0.4104807124513934
0.09083004238338836       0.08416732733436752      0.49616765880026065
0.0865755676701754        0.07781010304396423      0.4207884389055014
0.09340625241242771       0.0845493663916786       0.6839896203536927
0.09527641560301144       0.08508859787438185      0.9170863122449951
0.0903255070921139        0.08114904718983787      0.5269718088962009
0.08928407866374419       0.07871902263656214      0.5106610646222411
0.0929582415752389        0.08180986421926352      0.6920291722291366
0.08512965120153042       0.07400598076010842      0.4380691588017444
0.08945016430571659       0.07554436955600224      0.5639088638970068
0.09506439771364855       0.08302514119133213      0.9092471262949443
0.09650716318296462       0.08395912294690075      1.1856343310291555
0.09243316475393008       0.07827042799625845      0.6844491258735099
0.09526638147626014       0.08031871529991468      0.9044435108236951
0.09328321292128743       0.07355021662349652      0.7609800441562423
0.08933961553115821       0.06987709107970592      0.6397899020988846
0.08707542555737359       0.06464150326594807      0.6687594245431431
0.09704838395820714       0.08220241858153683      1.1874266265723061
0.09609044217714705       0.0770134718429038       0.9300015739216837
0.09798745899831474       0.07965679448125396      1.1579758783950425
0.09720898969390455       0.07342460597939415      0.9689071523614065
0.09578116556228689       0.06894978821545011      0.8958859139434675
0.09241257693027156       0.06379602899566761      0.8266909571486626
0.09930407313393255       0.07666587957900153      1.155566486670749
0.09943714610246238       0.07071090732405833      1.0667459271422486
0.10098851296247904       0.07354028381505193      1.192142422392373
0.10044294310749236       0.06669805887503176      1.0794607021043066
0.09723451050047766       0.06383303242878766      0.9685217576709313
0.09604843106125373       0.05866983822060509      0.9766909360248716
0.10273638597465225       0.07020077088807154      1.2276118525166058
0.10448801852592957       0.06676145265112916      1.232365861708077
0.1070648198451315        0.06384062993223777      1.2297570267512525
0.10286883215700773       0.06100620925605037      1.1110322586516332
0.10148961730687313       0.05220895217286134      1.102939099821962
0.10832708147953651       0.06054850776575583      1.1927843188511436
0.10719793767924954       0.05592169126995765      1.1449291895532034
0.10786590466074289       0.05109934943449757      1.1443620196739785
0.11077553218198283       0.057782362075075415     1.1780535132018575
0.11187618163489746       0.050491751668946074     1.1511667309302769
0.11081165311520952       0.04740267642239139      1.1491649783104896
0.10580237462632543       0.0445574908470056       1.158790004858229
0.11150216169691404       0.053802189182422        1.158659654010431
0.11417481987062167       0.0515363702851385       1.1531586228014166
0.1126552123095532        0.042787870341183795     1.1524140728362045
0.11454458229352382       0.04801245140798821      1.145096054059649
0.10866321346008236       0.035272255172901196     1.1933542690379668
0.11221676511183633       0.01753922911859594      1.2271658936886065
0.11021399294766335       0.025536013215413267     1.221794229333354
0.11554767945538591       0.037296622017432626     1.150482142113166
0.11689365615522751       0.04503083722193306      1.136077286912585
0.11750304432677765       0.04151008584689598      1.1350636307339255
0.1131257698963958        0.010075333780939192     1.2317619531033757
0.11749873943246739       0.013693275690193397     1.1861091691297363
0.11813082712287018       0.018583295811634114     1.1727999476493018
0.11596480756655778       0.030841075829253068     1.1631786980244663
0.11608807365154981       0.023602522785362512     1.1796050319029314
0.11959067688782465       0.03863860258857149      1.1270758450813616
0.11967000526575391       0.03512319280209801      1.1312859064883651
0.1210351582317774        0.03139164732787867      1.1286206578887608
0.11806163380482786       0.008598157752109        1.186716789263031
0.12117861082248375       0.01165481455438994      1.1566261440600736
0.1203172779688528        0.022316703053386417     1.1491530168782091
0.12104324330333707       0.015818452474853386     1.1530106209556783
0.12153762249680827       0.018917650325505228     1.14482751399246
0.12063336739006099       0.026977838662085335     1.1387272995690727
0.12333999516129673       0.02400095954479229      1.123946554882747
0.1219757290801033        0.0072427734448317896    1.1533445666057789
0.12441320622199739       0.010422422665015352     1.130961482906687
0.12527517521211315       0.007323861115352157     1.125899322765362
0.12424373637785338       0.014173048916764713     1.1290921146565644
0.1237094481874903        0.02102194992135753      1.1253039152225695
0.12406229960570805       0.017596391935127444     1.1268406328568592
