% Model:              
% Version:            COMSOL 5.4.0.295
% Date:               Jun 11 2019, 22:20
% Dimension:          2
% Nodes:              162
% Expressions:        1
% Description:        Magnetic flux density norm
% Length unit:        m
% x                       y                        mfnc.normB (T)
0.006782444136629691      0.1329164793154694       0.0031927594781940606
0                         0.13603851317746612      0.0029956083138270103
3.879400209700218E-18     0.1267108267952721       3.282444415532327E-4
0.010314760017785599      0.1262902979366069       0.004114993843540253
0.008074658687563425      0.14069657549873693      0.004524191223755491
0                         0.14536619955966015      0.004030577335690511
0.0076280217060848525     0.14884732463547193      0.004496346235552768
0                         0.15469388594185418      0.0034487138759531116
0.10081904205450999       0.10790015968419163      0.8571507214121753
0.10185455126730689       0.10185455126730689      0.9435655113429006
0.10629126679892989       0.10629126679892989      0.9471756389302813
0.0895029949122601        0.09866004432838796      0.8199965611371625
0.08200708931415612       0.09659436282393227      0.7500439687760942
0.08959808487669098       0.08959808487669098      1.0021617263241664
0.0961597719509733        0.0961597719509733       0.9545879334277142
0.016740423938806454      0.13445142818489614      0.007206018359850547
0.021488394167577585      0.12487546814022467      0.011762196787133868
0.02977439299944601       0.1317663659827275       0.01923490366474406
0.032492283979879105      0.12247401809735946      0.02941011019977725
0.10531968532110397       0.11087162310182092      0.8879799930682767
0.10974806377168025       0.10974806377168025      0.9535215041358042
0.10878700884844647       0.11332864011046222      0.9093015173764677
0.11244147722569761       0.11244147722569761      0.9586892027807471
0.11454009361922167       0.11454009361922167      0.9619059208356853
0.11147916151607458       0.11535237644426195      0.9232420191371317
0.11625629392899087       0.11625629392899087      0.9635583447863448
0.11364583531140869       0.11701480873242955      0.9325833456639913
0.00868191183237414       0.15823862340334272      0.003597061961984055
0                         0.1640215723240482       0.001788850297004551
0.006643372201880873      0.16690262869964992      0.0018988255238320776
1.819684597729291E-17     0.17334925870624224      1.8662914482701866E-4
0.09429687398660767       0.10505062510603531      0.7963446000421965
0.08403361143706724       0.10680905631650471      0.6189868322260806
0.07310570109309394       0.1034948795585011       0.4994943197611254
0.04136258183665217       0.12934457219171427      0.04499108985694248
0.04323944626060759       0.11910492816931409      0.06835047020493216
0.11779098218988727       0.11779098218988727      0.9640474269571285
0.11541548148688979       0.11854520331079041      0.9375329685389596
0.009838591087305995      0.1730698345160718       0.0021202483355277323
0.0536449967156317        0.11479480804688558      0.14985766437712258
0.05326899674962848       0.12493468941953381      0.10687369960240369
0.06362669437739527       0.10957772305421837      0.29271961012822256
0.0637559102087183        0.12059585794229097      0.21351506686448887
0.07441751369884633       0.11471974489733724      0.39060576015170534
0.1173359475805581        0.12760188438803022      0.8976868472288958
0.11680145387931608       0.12591089780787695      0.9025981904276699
0.11866573336224161       0.12636617118360863      0.9108625924205943
0.11722750729727216       0.11991858947644395      0.9425649868375174
0.11949295472980519       0.11949295472980519      0.9632943672608429
0.11907734110506978       0.12148830391894         0.9446016157140201
0.12118712126925907       0.12118712126925907      0.9609383118824364
0.11806788235302047       0.12467342720948354      0.9169535956660116
0.11998250610902066       0.1251166005044994       0.9252342299583255
0.11951807430708757       0.12348438647841548      0.9332453284795542
0.12128612142192498       0.12385330938020896      0.9408323169968348
0.11599329458996643       0.128823604607886        0.885742085063499
0.11554151580320589       0.12721015079740156      0.8892290299739569
0.11446646889273666       0.1301821531287289       0.8737023630526077
0.11402876869330218       0.1282568247884112       0.8764534353481053
0.01474464954714282       0.1655334969751655       0.003929279148338265
0.02052142644106754       0.17213028946361397      0.005243892426234758
0.12075428037289765       0.12263214533252319      0.9468355572642857
0.12257643634484504       0.12257643634484504      0.9577841228568194
0.11228451083763111       0.12937845564435416      0.8629715306259946
0.11254610785000074       0.13184589148630937      0.8609276518838632
0.02443167936139859       0.1636840377123595       0.007813055975380172
0.031125755413194657      0.17053197015211452      0.01049484769314548
0.11023054702123856       0.13378786192103598      0.8491160585300229
0.10993268534585623       0.13060620868759554      0.8465306225583135
0.03401405252339959       0.1615570103897896       0.014623037463461786
0.04161095820476248       0.16828099610854816      0.020091257786324573
0.043897986896929975      0.15895045112868217      0.027840596766422126
0.05193691105092201       0.16538598116071476      0.0385744037263246
0.053711761768060855      0.15605287265966894      0.05363638115876001
0.06206164084539883       0.1618589454728419       0.07647617659089406
0.10741544803547855       0.13605839561504854      0.8404722095108806
0.1069691651956945        0.13210049915784414      0.8272950858936129
0.06309340916415705       0.15263844303126745      0.10512866898490025
0.07163274947687158       0.15785662702714584      0.16062914826896743
0.07193990870502025       0.14885532838003865      0.21628650192882928
0.07991407958815933       0.15383011856454187      0.37695550393620963
0.10377433595012682       0.13885551012514366      0.8402419786543547
0.1032195871812628        0.13400239331368216      0.8054729197602798
0.0984188072970416        0.13651795290911714      0.7832677857009722
0.09896325440767156       0.1423244173395631       0.8663773108684768
0.09278271373026534       0.13973465110548736      0.7769276029223972
0.09303070956412791       0.14627116110839666      0.9777896422360698
0.07920882242061066       0.1457892926370176       0.42395390137636874
0.08667462935312112       0.1501248617668065       1.5530590562640232
0.0864380438540044        0.14293865420120327      0.7001984733869797
0.11490118046721277       0.12051449531582417      0.9193929077959685
0.11668584552911263       0.12178000171613157      0.9253834588285
0.11452243951055072       0.12264544684048312      0.9035884355179848
0.11618099945631155       0.12400773579145952      0.9084279889414038
0.11433316683549657       0.1242812175484933       0.8938520514159943
0.1179403144805919        0.12314253252483759      0.9254287632239165
0.11312723467127778       0.11934994127900993      0.9112244806488231
0.1150287170670965        0.12560097578171192      0.8927273286652796
0.1109346411156347        0.11805865759479418      0.8981165246644965
0.11268671249670059       0.12161424805422927      0.8938341978148836
0.11114239352238597       0.12032538734328677      0.8866357889626446
0.1126852001328029        0.12368279881917998      0.8837719974318515
0.11325225916984336       0.12546966938906345      0.8807859298669477
0.11406315933568033       0.12672621928127223      0.8817486790911365
0.015304007534170109      0.14464288322687852      0.006474824255253478
0.014401034541529708      0.15140443730266478      0.005686881274270673
0.1085299304567455        0.11672388378248777      0.8809656721757273
0.10515610454288866       0.11505799587188056      0.8522278018280957
0.1010402102002849        0.11328119852960866      0.8111589589042646
0.09685176534856697       0.11138614722390418      0.7670498604003163
0.024546855290292         0.14113684614911493      0.011816779314928132
0.03240924726227251       0.14057372907188434      0.019827269148580032
0.03741602678823208       0.13658253488424132      0.029829706748094632
0.10877176011734671       0.11989201536472623      0.8649830878493385
0.11019161921097007       0.1227120744236743       0.8661338187846843
0.1111742259738756        0.12535901004413563      0.8650755455699045
0.11250724231637527       0.12715938204000998      0.8697145149274101
0.021900217574406168      0.14958400356997548      0.008831224999067643
0.018640665103341437      0.1573734226156796       0.00626750378787384
0.10561369611263763       0.11898845156611396      0.8343149499549067
0.1015540820867093        0.1179616003138541       0.7885988229222226
0.09654058184793045       0.11650966498200062      0.7258824162064618
0.09085638093556926       0.11258464497097855      0.6664808306872144
0.08445410583628091       0.1166371693272796       0.5335734309867305
0.030980987239788548      0.14741226351790435      0.015846086489073114
0.043067219007516824      0.13715728771370156      0.04216314592939642
0.049889244325148546      0.13421091367480975      0.06985513757479302
0.03921889746776103       0.14377596862941372      0.028685132383824714
0.10671033812900052       0.12256104106107552      0.8320096083952578
0.10831339604165122       0.1254205697476567       0.8401198023161415
0.11024278284075999       0.12776189770066385      0.8517606946311708
0.027818613690309385      0.15541813816580957      0.011272719741418724
0.10291464044025292       0.12222365086363055      0.7896350843863208
0.0981065347411788        0.12175674388444131      0.7273901919408451
0.09153760191503894       0.12104418097270524      0.6286751887778493
0.06152142375823341       0.12824391723543602      0.15987343325992137
0.05727749939569982       0.1325410424022529       0.11361590675500803
0.06717460730840824       0.12794078046890311      0.21978223941866215
0.08521637412756981       0.12498159245499989      0.5121847334984603
0.07264608266445449       0.12396777887527755      0.3076539628963786
0.07948831031788114       0.12213291363994155      0.42216158743515014
0.036944080339522005      0.1528980911891489       0.020687169530342824
0.04744934461979029       0.14187244918832875      0.0500809642562447
0.056909825714241295      0.13941544134878803      0.09550847389626871
0.04607211374204586       0.15014790570315473      0.038395923766742966
0.10493930932729494       0.12575416739897652      0.8063489287626909
0.10733296177624171       0.12855288394626044      0.8275155794182757
0.10066860838944681       0.1261848178967295       0.757187712763672
0.09544582333725661       0.12658433747008457      0.6851444639705463
0.09047072752013932       0.1271310851919611       0.6048389807995752
0.0873882085197739        0.13034230553025788      0.555538046557303
0.06459231915472886       0.13478141129459015      0.1682823307130892
0.07143773207850598       0.1313882228381468       0.26107784302069637
0.07963751751616253       0.1309799292755935       0.40341608368881965
0.05521061136021099       0.14733760142368588      0.07202904830562691
0.064027231470661         0.1438985151788953       0.13677208377204977
0.10369591118717643       0.12958204087850653      0.7950112405870137
0.0990485690234711        0.13089442936414233      0.7485381589237353
0.09284289843426474       0.13249476751052794      0.6694870336454717
0.08640416054078223       0.136035155301303        0.572019078350355
0.07313813374877583       0.1392712142763696       0.27143719933889804
0.0811198403801167        0.13920001478209615      0.46075153588826023
