% Model:              
% Version:            COMSOL 5.4.0.295
% Date:               Aug 21 2019, 18:54
% Dimension:          2
% Nodes:              113
% Expressions:        1
% Description:        Magnetic flux density norm
% Length unit:        m
% x                       y                        mfnc.normB (T)
0.004124112808410291      0.11623586476538675      6.585668285734974E-5
0                         0.11900000000000005      1.1920715383730376E-5
0                         0.11300000000000004      7.92358085059514E-5
0.004581208027836515      0.11048273600180802      1.1633471528486092E-4
0                         0.10700000000000004      1.3579661530772715E-4
0.003835241587069595      0.10511576086858794      1.5488089827904108E-4
0                         0.10100000000000003      1.8490818139907977E-4
0.006576837648384793      0.1007856398826082       1.8957137358930533E-4
0.08883668073575728       0.08883668073575728      0.3989445909454903
0.08709443419075086       0.08933040721295203      0.31990443354066156
0.08757648957736648       0.08757648957736648      0.37568330113341614
0.08608831673363454       0.08608831673363454      0.3500718098895239
0.0854715343206067        0.08817093390096101      0.29264889678901446
0.08110816016344984       0.0849350767465333       0.237437280636438
0.08188210962161496       0.08188210962161496      0.2965568433236465
0.08422850645658814       0.08422850645658814      0.32310749104917263
0.08353034201319805       0.08678068156040251      0.26454719117977094
0.07904914782884671       0.07904914782884671      0.27568474082016253
0.07748419762501127       0.08291164517327271      0.19750249279506074
0.07418823439080212       0.08069618106412602      0.17475968579866827
0.07549577672976308       0.07549577672976308      0.2651690846447787
0.07109036144149826       0.07725752635568786      0.17496228424385313
0.07141778489984131       0.07141778489984131      0.2680603359127355
0.06661567296558414       0.07591674463082794      0.1393577251025969
0.0884506011118379        0.09054851829604837      0.3377983628143963
0.09022723563395546       0.09022723563395546      0.42259521382506565
0.0043315950955178945     0.1216512726627855       5.698789421542864E-5
0                         0.12500000000000006      6.166679567416759E-5
0.0041012914380106884     0.12645143960724195      9.519802705928974E-5
0                         0.131                    1.344051662049799E-4
0.010928278001620493      0.10661147818556417      1.7693500493075768E-4
0.014314388809503456      0.0999804894617463       1.9383590685279162E-4
0.052943566277433525      0.09205751198552725      0.013238278266996084
0.04627639127880616       0.08977469359575019      0.007699888949600043
0.053605037112484634      0.08560081773072702      0.021830245828044686
0.06773433822150061       0.08276114445388091      0.09257471334002156
0.06056480008471869       0.08082638796023277      0.0588897401898551
0.06048671772340492       0.08791202884277327      0.03530939898732672
0.089979978399838         0.09164951107479125      0.3629543724449051
0.09156668245112715       0.09156668245112715      0.4362236304369536
0.006781239614804126      0.13082436619103727      1.5910276182490424E-4
0.022592477827210123      0.09844074332118294      2.354701957448549E-4
0.020221802566203026      0.10732718488055659      2.9070314351811803E-4
0.030712072871932415      0.09621729875604028      7.783180373190393E-4
0.028725599357233265      0.10426312792143413      5.917770796531914E-4
0.037045311940332504      0.10131631401461878      0.0015641566072272864
0.03862371227095649       0.09332314209460786      0.002652231868451217
0.04588506060990488       0.09812571749776726      0.004703498260083432
0.09263098833543773       0.09263098833543773      0.4355637427299466
0.09106435464348378       0.0925856696921412       0.37293030358607404
0.09152765510874776       0.09372133348546698      0.3478117148293005
0.009955970733370428      0.12417567001621965      1.3963782347870834E-4
0.014754588152737558      0.13016644010052325      2.4252701579798212E-4
0.08985675435369835       0.09343201074650234      0.3053238239910916
0.09010613242835248       0.09508882636148266      0.2680659276208624
0.08791696649919105       0.0945283092460651       0.23266820107489794
0.0882565199977738        0.09680798870900349      0.1977218303061369
0.017553109044713848      0.12148030938187675      2.560076403411728E-4
0.02311416571981167       0.1289446987784961       3.976597808480875E-4
0.08607241129682243       0.0987549493116706       0.14266640768749278
0.08537619088281892       0.09598476163389949      0.16691434465116492
0.03133986677418014       0.1271959620057832       6.71123199699213E-4
0.02571932477260558       0.1201086569449716       4.7348917511047826E-4
0.03943089030156821       0.1249247969381007       0.0011914828858297416
0.033447171351587444      0.11834802757879549      8.633656346313591E-4
0.047362126494443484      0.12213856464656993      0.0022426527583302497
0.04123986116407369       0.115900099269454        0.0016863052386990463
0.0551064288729884        0.11884562043620402      0.004450672218483502
0.04900736778974862       0.11317728243999581      0.0034552222014122176
0.06263228911214036       0.11505736117508197      0.009228636740472076
0.05646499576546466       0.11020975570156949      0.007187620659800278
0.08349599951215585       0.10094264740666394      0.09975060506867822
0.08274210978949052       0.09758791400479233      0.11972600476538098
0.08010422179948114       0.10365478112416969      0.06446327448592219
0.07912601203251879       0.09949596982368779      0.07907547979202702
0.06973557277633924       0.11089612206725669      0.019416295761703593
0.06316521096593072       0.10678815034164903      0.014664172772211825
0.07514085790653093       0.10160006078900277      0.050634344295879215
0.07561556962189221       0.10697329400722767      0.037406964514623255
0.06927781816512525       0.104230821758809        0.02749240089585706
0.07850821073203022       0.08627676390339105      0.1762335318732824
0.08690203486632186       0.09077658011602209      0.2840784893985641
0.009197018541834067      0.11409373620226036      1.2974926715595835E-4
0.007897552153574114      0.11889171024834991      9.889181415100291E-5
0.08537665011248521       0.0900788458956418       0.25660929167687724
0.08343204875886286       0.08929765548538365      0.22520489045355982
0.08085349059481188       0.08796359671473399      0.19436990023281275
0.07746469675957975       0.0895091092265337       0.13282106778986996
0.07344237254668468       0.0863818209470833       0.11608423148733918
0.08589084968777264       0.09169976014193164      0.240756851753316
0.08766324284440394       0.09247069500281208      0.26871205757585137
0.015585948446282843      0.11385974378659904      2.1815655184836134E-4
0.012065011813280142      0.11848088422585425      1.569388560957776E-4
0.0839615333767609        0.09173337813501575      0.2010583162655979
0.08107748514175062       0.09098229336615975      0.1642384466848661
0.05325690029765114       0.09897398487937104      0.009227498320731107
0.05985213379954618       0.09468379490788309      0.021430984031673993
0.07847522141995512       0.09306434192244883      0.11502194754962297
0.07435719250962608       0.09113282854347705      0.09314445671829803
0.0682204308447459        0.09154251601838853      0.05419077146595484
0.07227347135402451       0.09427996510594244      0.0631646170041376
0.0855507872388912        0.09343930156016644      0.20525773989078666
0.0214404553999653        0.11497953809080867      3.35315624534606E-4
0.027752862264337073      0.11213475625048218      5.596590093227544E-4
0.03520051468311807       0.10982535140028908      0.0011196686850096
0.042992282021144454      0.10698978336695         0.0025287397212949395
0.05088008434839323       0.10498231838062522      0.005614974531744359
0.08250280015408501       0.09418890222236981      0.1494941423952249
0.07987924485854213       0.09616025363046228      0.10490376005608473
0.0580006465897131        0.10240910212735212      0.011933862210084122
0.06438455436129263       0.09881660855301494      0.025018494972535364
0.0756062896809752        0.09639060707488808      0.07354433656536155
0.0699994134194992        0.09794908272107208      0.04265845884192739
