% Model:              
% Version:            COMSOL 5.4.0.295
% Date:               Jun 10 2019, 11:23
% Dimension:          2
% Nodes:              149
% Expressions:        1
% Description:        Magnetic flux density norm
% Length unit:        m
% x                       y                        mfnc.normB (T)
0.17274129845696667       0.014505492111776895     1.7093497486027962
0.1668527715828434        0.010962449590734223     1.781556942319981
0.17319720195412128       0.0072591135317617485    1.6933414726346925
0.1678988951159414        0.005270871867029136     1.7632216928968003
0.1733492587062422        0                        1.697105712794198
0.1648886334598824        0                        1.8005208657996585
0.17198234802442738       0.021726423129645425     1.7449532350927204
0.16585451065399312       0.01762893781624903      1.8085496502534808
0.1601917023252528        0.007222021680961969     1.8627565325060136
0.15532574191091847       0                        1.9230799084068968
0.17092168211345873       0.028909238618639217     1.8156475309365223
0.1648252061049839        0.024239378074806993     1.846882803853782
0.15040761893777208       0.006894105414366462     1.9872954618648224
0.14578743687236967       0                        2.0495759713137436
0.1695611614924946        0.03604133747962         2.000644897690368
0.1635439200914532        0.03101089070380161      1.8949435366192038
0.14099458360053924       0.007893576119879975     2.114778342323007
0.13624913183382087       0                        2.1888359809685256
0.1332244259732806        0.006715985569048334     2.234316457627799
0.1267108267952721        0                        2.3518158213373166
0.16790317297700544       0.04311020758773333      1.8547415877203244
0.16247056114029612       0.03753485903551223      1.9126402838473293
0.1262902979424375        0.010314759946397741     2.3470019751785016
0.165950625242221         0.05010344774284087      1.8284278631144986
0.16037642811801495       0.044496982441682424     1.8939168750739324
0.13488433605698175       0.015938420859966593     2.1911287881597055
0.12487546847331937       0.021488392231864724     2.329111226874369
0.16370694372035338       0.057008789425357184     1.8515294620418825
0.15841321003078854       0.05121330259954845      1.8890718376006166
0.13399880818108723       0.02850727149376303      2.153385201064049
0.12247401849947867       0.032492282464160804     2.2827806056101445
0.16117606459121056       0.06381411831948781      1.9414473625200568
0.15647962914966634       0.057881442052561835     1.906902478912878
0.120020768026231         0.11719647511060338      1.0562830501117315
0.11949295472980519       0.11949295472980519      1.0337486730392091
0.11779098218988727       0.11779098218988727      1.0332705160065874
0.1312533841273645        0.040394612295366034     2.0973948240056677
0.11910492871123979       0.0432394447678498       2.1951713080252286
0.15836242787679966       0.07050749556585538      2.189836050819206
0.15422734003363828       0.0641486052009453       1.9414970707317603
0.15516460587899372       0.0772910769521307       1.796957326241019
0.15089390576830386       0.07047626127956742      1.8837025606626734
0.12135719940360977       0.11913683450424663      1.0498068998002181
0.12118712126925907       0.12118712126925907      1.0325872217276562
0.1516763699226727        0.08392999643205164      1.6797368510169024
0.1477741609749384        0.07620248107438372      1.7815596133204146
0.12259046523081917       0.12065727981705822      1.0452395469737437
0.12257643634484504       0.12257643634484504      1.0302724434078978
0.11625629392899087       0.11625629392899087      1.0316115229870741
0.11844880678583285       0.11545820454477775      1.0582132451358188
0.12570735902336666       0.05141306604619358      2.014514235338241
0.11479480944486548       0.053644993724097575     2.0502894961801195
0.14790423803829822       0.0904118458185323       1.6313519139011239
0.1444505677406036        0.0830693735202899       1.6822833324423703
0.1439179948528468        0.09663113500078341      1.6557097520530284
0.1414258353624487        0.08877813937694519      1.6275670775373559
0.12397938304696017       0.12115724523650573      1.0489261085367587
0.11454009361922167       0.11454009361922167      1.0286972588683143
0.11689740502261677       0.11363199077742601      1.0600873199377954
0.12206753937441653       0.06282432246616601      1.8486726780675566
0.10957772313593112       0.06362669423666982      1.8503079763796642
0.12364031901333747       0.11916009824488753      1.0645139858101886
0.12570727524993203       0.11936350549159276      1.0745068233678718
0.12489932516744531       0.11672762096663093      1.0966007548699825
0.12786269591484908       0.11705168297547242      1.1112495534222082
0.12671689196113162       0.1133329252282107       1.149882150498592
0.13049508459580528       0.11410958938817231      1.1652956956106453
0.1336281600613311        0.11042409308039144      1.2493773302233846
0.128978484230965         0.10950840866800146      1.2254186039655284
0.1370010713189396        0.10621050772624387      1.3836913354309244
0.13162389109454134       0.10498433673070218      1.3419646852740736
0.14024249625564927       0.10189213776336177      1.7925579324348837
0.13769346034293545       0.09535631499908699      1.58689799103462
0.13455699809750657       0.10024928305797894      1.4854436583614319
0.11244147722569761       0.11244147722569761      1.0240117610782347
0.11529805938755126       0.11152463356368057      1.0634369215334516
0.1157943195713066        0.07394394424635874      1.6325911770972146
0.10349488092142477       0.07310569916361896      1.604352712658412
0.11324677584969257       0.10873168694127536      1.0684172533879202
0.10974806377168025       0.10974806377168025      1.017132046400949
0.11069374446114806       0.10527248407997616      1.0757104627528713
0.10629126679892989       0.10629126679892989      1.0090311561259735
0.10776061135852294       0.08310083972126385      1.3968971122563916
0.09659436260634081       0.08200708957045233      1.3296267549993914
0.10763072783416822       0.1010106746698663       1.0904807164777905
0.10185455126730689       0.10185455126730689      1.004330754926471
0.10354433668209478       0.09606138829010831      1.1119408978100989
0.0961597719509733        0.0961597719509733       1.0157568964323882
0.08959808487669098       0.08959808487669098      1.0694842296486753
0.09998299105701784       0.08935957377117298      1.1922160318145492
0.16131918431068087       0.013806347651958758     1.8553423215066513
0.15909877803937772       0.01953872729196096      1.8915558480810268
0.15464907095873082       0.013620377242645202     1.9356999283125857
0.15740163430131587       0.026280037255997393     1.9218724109942629
0.15154383894902473       0.02091033180149147      1.973954094965192
0.1453220798509046        0.01499479561797249      2.0495582431919632
0.15604539675008583       0.03318546190094629      1.9392472029319199
0.1565870836251155        0.03989274304704879      1.9265085250810288
0.15025043448649697       0.02807527801819364      1.9839113655867167
0.1528367401803389        0.045606810945244255     1.9296602437856063
0.14254103605732255       0.022952775382179123     2.0715707681210893
0.1479610979586123        0.037787235244875386     1.9813674652853244
0.14292650362529014       0.030507196523198502     2.0455124504348037
0.1511288937741368        0.05218234298960412      1.9198770733261605
0.1457680323233633        0.047030046871963604     1.9573655184878742
0.14572579436052774       0.05416955323687643      1.924845600441893
0.1403378197927329        0.0423588342437992       2.010482673839001
0.13929470403243996       0.035910312574600214     2.0564534690525127
0.14929135952728026       0.05900783803764735      1.911022803518864
0.1412250124021711        0.06060667100001372      1.8864600758576777
0.14774260771501174       0.06481581671859174      1.8904586432638415
0.13741188052188444       0.050671964232190815     1.9674941814875662
0.14288184729477763       0.06969360097994708      1.8178740588339062
0.1362938761068954        0.06583537092685936      1.825042707200192
0.14148124881061513       0.07691590123510425      1.7310933851703272
0.11897528965759063       0.11335871503333687      1.082690855977583
0.12071171836852984       0.11188236888374484      1.1144319539912229
0.12075210200533218       0.11451476990589843      1.0872982782606129
0.13201854203332844       0.05924099662933004      1.8934383507858454
0.13479014221574598       0.07302659613719743      1.7369802679391417
0.13056514728001073       0.06663420977432379      1.7987220657257583
0.13634437112351222       0.08213627360030323      1.6457224190517084
0.13005808352239534       0.07807697911928532      1.647142131005415
0.12226424363843766       0.11668671707358388      1.0782639966584338
0.12332910890733013       0.11371697282676585      1.117746892479615
0.1241274178997599        0.10945487560014333      1.177157702311405
0.12639769056182637       0.09411464206444839      1.4151621097633984
0.1317900468432871        0.09376110946175213      1.4959633534813388
0.12896225230902925       0.09938048238395177      1.3856728757626005
0.13503901575103475       0.08935364638960289      1.5728774126951686
0.11997904602770917       0.10867058939094475      1.1436346851022072
0.1180664161056415        0.11130624105483733      1.094473506520499
0.12172159081822415       0.10495145494026263      1.2092777416683105
0.1266163805494765        0.10413324546764555      1.2816771648064416
0.11831922679897021       0.10594285989417906      1.1575562251660965
0.12274582018812141       0.09897008670595894      1.3025762496420512
0.12590642137201527       0.07189383732455903      1.7109129988536333
0.12793345103996073       0.08689076651206791      1.520713439396781
0.12357421934103249       0.0789769843436333       1.5896515078273277
0.12055688242873341       0.0915707652585112       1.3778394721682055
0.11659618850243743       0.10849631176362554      1.1087459602697531
0.11823146404250393       0.10192407442616017      1.2071861783045132
0.11513707303847986       0.10495857731985127      1.1324891477001768
0.1165160053067377        0.09622916519801147      1.2639941554940861
0.1181788211994846        0.08407939451589551      1.4677412145695785
0.11344012653296964       0.0901383056470316       1.3215098519617714
0.11319854514813937       0.10065157368936518      1.1634986386253556
0.11022071811508966       0.09592971713510239      1.1946321469470427
0.10699456718642823       0.0914871953162314       1.2298786810675537
