% Model:              
% Version:            COMSOL 5.4.0.295
% Date:               May 22 2019, 11:04
% Dimension:          2
% Nodes:              145
% Expressions:        1
% Description:        Magnetic flux density norm
% Length unit:        m
% x                       y                        mfnc.normB (T)
0.0062123432396231195     0.13591817034351664      0.002071123304555862
0                         0.13900000000000007      0.0020305444580142676
3.980102095125915E-18     0.13                     2.927106195264468E-4
0.009138726281979526      0.12967838556190875      0.002406413221009323
0.006916900421304306      0.143749786278497        0.002945070293976341
0                         0.14800000000000005      0.002708269466489832
0.006276012619045372      0.15221988358759184      0.0028737718442522885
0                         0.15700000000000006      0.0022961003844573125
0.01500608949483176       0.1371626798771773       0.004432638830254491
0.019214347274590426      0.1285721931788186       0.006737656122423344
0.0064210323234572654     0.16089610814767374      0.00216005439880951
0                         0.1660000000000001       0.0011628402138263501
0.005993922279460244      0.16832658176480292      0.0012371507986159692
2.798947091815677E-17     0.175                    1.9764114330437634E-4
0.02602474305224276       0.136129208472818        0.010215937249502727
0.029610078959915378      0.12658294997347622      0.016444245268586236
0.00974399297751923       0.1747285168507249       0.001521649021797834
0.09187694730573695       0.10003480135282121      0.7788180427907465
0.08523441047875385       0.09815852112954476      0.7235793443920132
0.09192388155425119       0.09192388155425119      0.9292675061468156
0.09813490550236935       0.09813490550236935      0.8892448433491271
0.10377229486930342       0.10377229486930342      0.8813255888873682
0.09572598183326923       0.10566930072257456      0.7515477402154763
0.10827741203300195       0.10827741203300195      0.8886420054761311
0.10173476225491442       0.10980947307620599      0.7887756278796408
0.11181247646190198       0.11181247646190198      0.900344615745302
0.10669424589204896       0.11315862701504768      0.8255162034445641
0.11458502889894104       0.11458502889894104      0.9120917594052704
0.11051864256077147       0.11575698919907872      0.855598040509263
0.11675143214430359       0.11675143214430359      0.9224057260361297
0.11352543546786613       0.11777728489726347      0.8801425082431727
0.11852136143248759       0.11852136143248759      0.931285702132195
0.11597437095560142       0.11949737385059743      0.9001527388388214
0.1180621513663016        0.1210164330979841       0.9172310582894915
0.12048267075609008       0.12048267075609008      0.941276797426773
0.037369258118365695      0.13357639881858285      0.02461713750727672
0.039811466745847846      0.12375397818068014      0.037832844313732274
0.08665198511146774       0.10755232978658139      0.5997320123513499
0.07732767441483321       0.10450086492270554      0.5096526824353083
0.04763411964432307       0.12892691905691075      0.05556953637756979
0.049748846207461665      0.12010433922646731      0.08412549336428622
0.07763777504663831       0.1142490668145583       0.3986773127330065
0.0685701746848172        0.1104451499328678       0.31624534340948324
0.014232475374339805      0.16531171876213932      0.0028450733666230284
0.0205033694944458        0.17379474054002386      0.0038125765824184653
0.11845329469446561       0.12881699024595356      0.9564752537964805
0.11791504826570437       0.12697337015795238      0.9226261699995116
0.1197957435375205        0.12756950979874704      0.9440374507640414
0.12008148748185038       0.12259897987893582      0.9326937987513174
0.12231112997124102       0.12231112997124102      0.9493612483658604
0.11921328166710535       0.12593198519134974      0.9292588363020893
0.12112505542732113       0.12630803991721337      0.94262510518304
0.11709785611280019       0.13005034445854396      0.9586129207104895
0.11654154106461916       0.12816164641469377      0.9086271000344942
0.06807218404622441       0.12009136607258568      0.23257419533460255
0.059356319065399205      0.11565823527534269      0.1724268864271555
0.05811941049244428       0.12511879168587142      0.11965665908718194
0.11555971959645736       0.1314189910431066       0.8243207389796533
0.11492556525507532       0.1293420046774658       0.8576983424249898
0.025030557389574094      0.16404269060464913      0.006047528455888193
0.031184660078720006      0.17219906206415492      0.007775077432106779
0.12062176122879914       0.12473588309479719      0.9363613417105966
0.12244108458983889       0.12503271893574058      0.9463627560687775
0.12186115464603842       0.12380069556753133      0.9439502133828185
0.12374368670764582       0.12374368670764582      0.9535637124402405
0.11362611641513383       0.13309434874709905      0.7894456130682596
0.11299710540778715       0.13064454636826242      0.811534962492015
0.04174718050196861       0.16994755932385747      0.015219561229291226
0.03517954215278366       0.16195770000567652      0.011950715413238484
0.04515715301408588       0.15977635375632224      0.023143459438847186
0.05215070814469266       0.1670488061615739       0.029940342741251767
0.0548481051959663        0.15705909047856192      0.045490642383140156
0.06235419831959771       0.16351438454130043      0.060835249708703236
0.11128624629697646       0.13505691905685047      0.7640915408990722
0.11064954241578491       0.1320652764837139       0.7768506169359425
0.06369610296415633       0.15393469509915894      0.0867195516927768
0.07207864581643132       0.15946682669843731      0.13060388962331645
0.07255730410695571       0.1507150604354046       0.17829290250402485
0.08058006594072496       0.1553443046042835       0.3144437805337762
0.1084368711155963        0.1373551782156738       0.7463970827987264
0.10791356704915556       0.13365463313934448      0.7489356165237231
0.10475459942846674       0.14018371481231845      0.7388046344497937
0.10402265067889925       0.13568454688854953      0.7201822107397432
0.0991165860545102        0.13823542555340843      0.6946010794440379
0.09989141693278808       0.14368961278798084      0.7567758326987684
0.09335833930887194       0.14146620557004524      0.6855420953379943
0.09390456033040838       0.14767170869585233      0.8537842508077281
0.07991551632556206       0.14753585410420206      0.3600323352719983
0.0875                    0.15155444566227672      1.3466486068434598
0.08706764402731663       0.1444402706381555       0.6075750700405714
0.1134883260839411        0.12327127924445384      0.856720017854652
0.11329343018899501       0.12071309598435802      0.8633742765085488
0.11566691204338053       0.12193491100891414      0.8882085032600857
0.11548051255660174       0.12419968740906955      0.8815159383396561
0.014263227749741945      0.1485153227846804       0.0041943246031938474
0.012023783667898174      0.15651846477150808      0.003287323584585307
0.11764610552839971       0.12306330166087953      0.9090107978105847
0.11750561089531136       0.12516043761442436      0.9084403729631106
0.11597160598392504       0.12617197591731363      0.8885182771160895
0.10139221798706637       0.11547249948856687      0.7373428004616125
0.11002970805858442       0.1193597893063022       0.8285821201091391
0.1064298419951953        0.11782291192827458      0.790357500152337
0.11100584350730212       0.12231283660860306      0.8275780561900029
0.11187413983894118       0.12455659532151528      0.8305419170981974
0.11362646774681026       0.12588777293690412      0.851200363326556
0.11488587607574427       0.1276151930309334       0.8678275349909775
0.022986892085454933      0.1457842734599295       0.007329037633971709
0.020120811000654177      0.15658798557007395      0.005169463201437971
0.11899905982217528       0.12438315654840465      0.9229477438003342
0.10246522649356554       0.12066777728663683      0.7223164686272175
0.033071639034536575      0.1433401871543011       0.014745014773545688
0.09454605458174264       0.11250670325993745      0.6631683649561602
0.09648317670493135       0.11886950436529878      0.6462951182547502
0.1072493599423854        0.1225075281180847       0.7779019505794035
0.10993666415748951       0.1247119127447879       0.803994253279083
0.11095903787042777       0.12664318273649486      0.8097000505500631
0.1129935037427101        0.12821786341758307      0.8311030619119028
0.029089705873384546      0.1542518409520935       0.009435664962823455
0.0388679960589688        0.15152869333298197      0.018605361818325648
0.10394112628885949       0.12533814091370873      0.7250130230470585
0.09887091271570059       0.12451348849743499      0.6588615742199159
0.04526269239496574       0.14136802175452107      0.03503163167104032
0.04821770382626318       0.15116365749843105      0.033615384988655836
0.08784826277381781       0.11891831174965335      0.5152306751247538
0.09348003814748033       0.12419112673124115      0.5802460087361372
0.056250119631671744      0.13443014810055032      0.08360994096364933
0.07742982858184179       0.12400998040787395      0.3301347934351763
0.10778696571355781       0.12665797940301665      0.7691652434636266
0.11023643021632464       0.12911775142755372      0.7888149324586745
0.10513490960946198       0.12858085248844953      0.7320235628713975
0.10137074493046952       0.12876329302538292      0.686704532376007
0.09548516372889734       0.12925108866234156      0.6070404455439148
0.05693054064377756       0.1460319930943446       0.06772253498935861
0.08774732007959418       0.12879191010057117      0.4819455599575239
0.06765487435958559       0.1315017423833718       0.17820727542415984
0.06398154482607846       0.13999458266661044      0.12195418416225139
0.07917598721889002       0.13391811333233303      0.32925673898266566
0.06603965714270431       0.14644754858676937      0.12151764009210535
0.10766949897437933       0.1302902511233989       0.7558116021552853
0.10428834547100689       0.13166448207956036      0.719141553235859
0.09961333445419499       0.13301340944958362      0.6711045173841831
0.09317109642319797       0.13448555325682235      0.5906049229201557
0.08728947839010798       0.13682584484089916      0.4973857225241685
0.0730325323526531        0.14156148116801617      0.2161173257252959
0.08190188954955754       0.14081772109326574      0.4009821104027644
