% Model:              
% Version:            COMSOL 5.4.0.295
% Date:               May 7 2019, 20:21
% Dimension:          2
% Nodes:              140
% Expressions:        1
% Description:        Magnetic flux density norm
% Length unit:        m
% x                       y                        mfnc.normB (T)
0.12385261657938319       0.003905195763554466     1.8648853126669427
0.11984434763037681       0.0061100197257782166    1.925591008620568
0.12                      0                        1.9256935599268208
0.12550000000000008       0                        1.841018933757318
0.12839797603411307       0.004482149240197478     1.798439094315737
0.13100000000000006       0                        1.7635530503684913
0.12507174071499746       0.00970535997110955      1.8424778172547955
0.11926337498813916       0.013275819614566229     1.925638531354142
0.09801549245517231       0.09801549245517231      0.8238000288126227
0.0997189599726534        0.09736831464384228      0.8471632482690357
0.09935197569363849       0.09935197569363849      0.8157312442729497
0.13367913447236418       0.0046148035664238295    1.7267955661156458
0.1365                    0                        1.6928435173367598
0.13907365192853255       0.004245355390949659     1.6597302271143601
0.14200000000000002       0                        1.6304956086255915
0.12431900379662192       0.017582344328206045     1.8412661269365067
0.11820232364705884       0.02069325214740198      1.9224576379745972
0.12272293646142628       0.025232171473004546     1.8402742159736274
0.11670057770557439       0.027945932855877133     1.9098877842403157
0.08853493265432177       0.08853493265432177      0.8807383880436647
0.08485281374238571       0.08485281374238571      0.9145527355455916
0.09017930468467333       0.08462924783707451      0.9675400880991024
0.0890631860131684        0.08042231591532147      1.0447250092620741
0.09179154613571983       0.09179154613571983      0.8590417492426305
0.09330416806394055       0.08714160932969142      0.9492819275737586
0.09541789372431711       0.09071736590786253      0.9087721266872052
0.09436705114231943       0.09436705114231943      0.8445700829139509
0.09709928465096535       0.0936007294173533       0.8795526970181328
0.09640239014281014       0.09640239014281014      0.8332222829363801
0.09845750000971537       0.09556248551440218      0.8624707585456745
0.10095853702060617       0.09868938761163323      0.8389288760759858
0.10055110182413787       0.10055110182413787      0.8086803587755615
0.10228457279231067       0.09996982910448628      0.8327754985172461
0.10189868118937162       0.10189868118937162      0.8019195786999145
0.12118620455623696       0.032852505874662145     1.8194846354045098
0.11473158149316956       0.035166236763068466     1.882136139478541
0.14369863036442068       0.00371447564379168      1.6073681175754697
0.1475                    0                        1.617964656398265
0.09488500184732576       0.08185546082450411      1.0617937466642515
0.09371970339167328       0.07494409380449389      1.2018751988868308
0.1033975813864871        0.10152861892689413      0.8222277595712665
0.10319894757499035       0.10319894757499035      0.79797443487985
0.10430560148423848       0.10267526060655756      0.8170379438995811
0.10429825022501577       0.10429825022501577      0.797625104616138
0.1189601538736814        0.04039882197679417      1.7852640017147052
0.11229540187661098       0.04230535093070893      1.8330258287949992
0.11619418927650697       0.04786124788631501      1.7276694739722602
0.10941622329798437       0.04927565402108454      1.7555878232157367
0.1129175204650409        0.055150948635848455     1.637989483434775
0.10610527750781136       0.05605060289586853      1.6474696732801881
0.14738233187615107       0.005890522111668841     1.5488271977197663
0.14253716801741967       0.008436500716339898     1.6081769750388908
0.14700051981587103       0.012128362373530663     1.5369529798137018
0.10920638565070856       0.06226194179821575      1.5187453868790632
0.10237524968179171       0.0626043788611532       1.515100467098799
0.10019118388173846       0.07561916763855757      1.226307866061511
0.09824022151787508       0.06891196468044457      1.364580434566049
0.10505995940524933       0.06921556096553773      1.3788657855338455
0.10549567156111034       0.10308692100295898      0.8251299233178333
0.1415435628454458        0.014585686410316333     1.6162115674600595
0.14635480217395494       0.018344532717474396     1.5499004443983464
0.14094047121309036       0.020750940214226868     1.633275701796325
0.14544634230309372       0.02452777019321725      1.5928853384499828
0.10513755667358883       0.10126356530292849      0.8432803304372114
0.10697143745333419       0.10155472204268684      0.8576088164958483
0.10881341324474056       0.0995785674632312       0.8981634944223806
0.10628364284558162       0.09892007213421293      0.8845708460019993
0.14000703005523593       0.026634472121243303     1.6660632139513207
0.14427677110823633       0.0306669743956195       1.7256328557210987
0.1385266260804838        0.03248965151833897      1.6678993189488382
0.1428660162664803        0.03668175835678777      1.5980040699874147
0.13724593195685253       0.03835750006369989      1.6397398142701773
0.14120462588598404       0.04263219004929559      1.5724790708150118
0.10797973652882892       0.09656620953377773      0.932626979606764
0.1110400767710705        0.09708939875534683      0.9497879825425954
0.13558063885836466       0.04402627487252921      1.630048932156465
0.13929551461002362       0.04850783039395474      1.5843981605832356
0.13339203906267133       0.04970879541656297      1.6431247746954905
0.13714203166850628       0.0542983715210171       1.647017706488655
0.10998940121898948       0.09359006210214282      0.996749859420385
0.11368584745541677       0.09397754033993276      1.0201772607690687
0.11219239469260325       0.08997729237531263      1.0852088996662452
0.11656403805952403       0.0903829355091868       1.1207630487246247
0.12051101521181562       0.076755481198754        1.3378064824322493
0.1258492552749717        0.07692993530957228      1.331485627919149
0.12245742727269299       0.08222182499648797      1.3221094580778627
0.1233508821508084        0.07180338227870102      1.3932646508552784
0.12905889953360733       0.0714146375134273       1.3889008890411283
0.12608956714962966       0.06633194727026209      1.4790971891552134
0.13202698147060168       0.0657656913881499       1.492332145524817
0.1289817870023161        0.060888461032485054     1.5919620140067192
0.13474795500228362       0.05999365485368052      1.8345187935492235
0.13138013571394325       0.055541171848943874     1.6653852426093767
0.11933000667030474       0.08669832471313978      1.3828351465729465
0.1172912873531759        0.08151189099333865      1.291980766999383
0.11457644524211374       0.08569716258599197      1.2025129506859227
0.130774517328278         0.008666552427710764     1.7628735257447463
0.1304553578929449        0.014231327190299714     1.7627054619436795
0.10022485279719133       0.0957652151239535       0.8748383593925657
0.10130550733535827       0.09682524068584032      0.8688451599533725
0.13626837684619011       0.010299122160506763     1.6886600022206184
0.13581524543834556       0.01731362942150713      1.6924016396239476
0.13033163833089342       0.02220138429080134      1.7555841795525904
0.12745373238373633       0.030089410957762908     1.7650943336590563
0.09902335853469647       0.09051918571001871      0.9444310437001026
0.0974318334284473        0.08622375295779801      1.0020510936368956
0.10020387929302826       0.09367653218266239      0.9058539694197988
0.10150787795772546       0.09522225314875654      0.8942256353437408
0.1016715189709029        0.09125805293134223      0.9567686701476171
0.10271913799147316       0.09784817467716184      0.8667389371712276
0.10270369585179373       0.09605808377995895      0.8926126933455022
0.10421688632874647       0.09926418191889883      0.8607313190307843
0.12654770048377453       0.03833770285937112      1.7315324553884168
0.1364758444624662        0.023099550421602805     1.6882795077274118
0.1341869796511367        0.028312323438946352     1.7087062060975169
0.13259908787038427       0.03430419330206073      1.699790417379229
0.10158181805053369       0.08786971519793868      1.0115023413024415
0.10192648729791604       0.08196172971127907      1.1178938312783593
0.10310345855072543       0.09378446918150837      0.9303791233322274
0.10444508042553063       0.09044036238458296      0.9958992621827708
0.10484562862002364       0.09628232496215344      0.9087294058712575
0.11607523980526775       0.06135300465649734      1.5361445447073352
0.12294254685155309       0.045942643935876784     1.7076191174078719
0.12063328929417112       0.05409406781757718      1.6378034977614337
0.13269932573117832       0.04001101252692685      1.6707715800323542
0.12964651739543812       0.044940334158691836     1.6739472113042169
0.10563186486867344       0.086443001562381        1.0742941347362056
0.11302708868974061       0.06928902307408495      1.4045914382021893
0.10743047726965535       0.07652505084215572      1.2582999485715207
0.10753693902379932       0.08249407127241523      1.160653656277979
0.10641726798539347       0.0934387416024229       0.9663496640846897
0.10814030256826274       0.08996902145037211      1.0403135374415797
0.1199668529123537        0.06699056882041089      1.4567157677381168
0.11862970282247241       0.07239772355977953      1.3788678405150097
0.12295398406877736       0.061050373757249775     1.5532332374329194
0.12730739612975192       0.05093878970424102      1.6601094269508019
0.12669209860866104       0.056647927076624194     1.6271358442949655
0.11016056184599833       0.08592310935769795      1.1330927428393882
0.11482747416358309       0.07627539727782273      1.3159356660673467
0.11209856995861982       0.08115912504539358      1.2306347687518862
