% Model:              
% Version:            COMSOL 5.3.1.275
% Date:               Feb 14 2019, 19:06
% Dimension:          2
% Nodes:              215
% Expressions:        1
% Description:        Magnetic flux density norm
% Length unit:        m
% x                       y                        mfnc.normB (T)
0.11162431915152835       0.11162431915152832      0.6162424787308334
0.11288959761643232       0.11288959761643229      0.6463391915820451
0.11117291018538539       0.11299463206035469      0.5971973250570164
0.11170125231295872       0.11406556330337701      0.614751403771152
0.11050065770841036       0.1152290204159035       0.5796923381796627
0.11009368580107387       0.11384391734325265      0.5587954644661187
0.10928794546151506       0.11637984136782835      0.5400090663168141
0.10896294124218624       0.11493384514354932      0.5082045676408978
0.1100490558798336        0.11004905587983357      0.5924050061467142
0.10954472963733247       0.11209938799917002      0.5537309653183533
0.10806324855983675       0.11751789995866559      0.49870905665714044
0.10773590919005682       0.1159439584721885       0.4321761247202492
0.10097844669294789       0.10097844669294789      0.6550799980509056
0.10247613060686042       0.1024761306068604       0.6346969569619009
0.1005184532647964        0.10286536592764142      0.6188164987468934
0.10840360877608868       0.10840360877608865      0.5846996215928133
0.10781383281201644       0.11052811727430208      0.5342037176101792
0.10696621082199782       0.10696621082199781      0.5888145418701894
0.10618768702820136       0.10897035837445523      0.5377532212564433
0.10544789015576675       0.10544789015576672      0.6004032762898248
0.10466768422148515       0.10749032619593278      0.5516376364130807
0.1039063076342518        0.10390630763425177      0.6168694032282285
0.10319855504180638       0.10592506583286299      0.5724919431384011
0.10180205517145542       0.10438040363407265      0.5953102407141372
0.1068267013051917        0.118643071387466        0.4413552032315904
0.10641975342719545       0.11699822485760863      0.2799836151146669
0.10558019422362634       0.11975368506940123      0.13837052007748904
0.10511243418953785       0.11806468994602141      0.12259270093843921
0.09960397550308521       0.0996039755030852       0.674877527734207
0.0992151039449201        0.10134251398000686      0.6427405018610733
0.09641554412014762       0.10054119977410186      0.6522454417942022
0.09746310333351176       0.0995260442728495       0.6713667346628794
0.09767737404657288       0.1008927814285755       0.6475903753185754
0.1040569073747849        0.12107965364831294      0.24693704297567395
0.10349414861946013       0.1191729039941748       0.19825175118247884
0.09849997461928608       0.09849997461928607      0.6914044808707085
0.09847534134262184       0.09996678886412612      0.6655425837090199
0.09535741185586627       0.10154532979980263      0.6341715668442353
0.09668362069923202       0.10187492410181585      0.6289909396228843
0.09428882257679462       0.102538324235779        0.6172817465906678
0.09566921312345901       0.10293191461053743      0.6099801701221816
0.10214312923236551       0.12269842562404883      0.3281010071738412
0.1017554750160406        0.12028041128178751      0.28171204963712204
0.09320989346578894       0.10352007418900103      0.6016555882720153
0.09455818050333052       0.10394317193054012      0.5929512194544423
0.09973241764638774       0.12466582278397897      0.3868212369430612
0.09922981815747012       0.12169309377487586      0.35046213976451285
0.09212467884493185       0.10448700181227401      0.5873657416144122
0.09350431961386321       0.10503928505322857      0.5757125574891454
0.09668730551596628       0.12704206961499864      0.4297807410066397
0.09625544171814486       0.12338518887879937      0.39417075291083686
0.09079915586813544       0.10564091675877313      0.5717248503992386
0.09245820935779547       0.10625465323212177      0.5578385612591213
0.09292033912495631       0.12982269861970624      0.45943172374203733
0.09250264019674408       0.12547842921351826      0.41635837972313117
0.08913466198588917       0.10704906367017539      0.5545385488436753
0.09114379266737595       0.10776722610531096      0.5375714816288415
0.08712859010469762       0.10868808024051015      0.5365035999737527
0.08953818171882329       0.10957446700115998      0.5158865547588939
0.08869488603117245       0.1327453942399408       0.4837277820331845
0.08837178556350678       0.1279956106566869       0.4110363177007011
0.08430499603011687       0.13557577270427768      0.5490442113193136
0.0844135404131922        0.13081102121825428      0.3838418566278285
0.07982500000000001       0.13826095571418562      0.7194671737942507
0.0804430989083211        0.1332390721420163       0.3268494090952466
0.08485849159106763       0.11046957230336632      0.5180422809787643
0.08753772324761987       0.11163906711295385      0.4934625758901106
0.07486082820256727       0.1410105630824361       0.06512017659157543
0.0755423127664877        0.13542035779525483      0.12909294583433242
0.06980716471715444       0.1435795328525346       0.01755905458202135
0.07063005181062072       0.13778413085209473      0.03181708821692145
0.004570817197517802      0.15958455479822248      2.521702865039637E-4
2.775557561692138E-17     0.15965                  2.39882020778338E-4
0.0028232719841176533     0.15662075629461686      1.9617763409503214E-4
0.06467079291587563       0.14596510214305314      0.006482143431704976
0.06572349434878287       0.13989317070651303      0.01064177681249448
0.009944806074503142      0.15933996150413907      2.9331204458654106E-4
0.006803001178227351      0.15529431307160493      2.0787819056286298E-4
0.03241345991650021       0.15632495039577476      6.070234762681508E-4
0.02684540300617576       0.15737676714634852      5.14720835845553E-4
0.02897014144415231       0.15284664144118992      5.369186561685482E-4
0.08200170096988083       0.11260644314623484      0.49563948702534
0.08508231471759685       0.1140401154484978       0.4665590831469879
2.7047995329029416E-17    0.15557999999999994      1.7181476953722938E-4
0.05945778421950673       0.1481650916906765       0.0030610272036913724
0.06015102679752279       0.1411139996611811       0.004207051319193133
0.05417414847191454       0.15017750875994365      0.0017084968400773656
0.05516397604233817       0.14427908512365484      0.00206849632029203
0.01560497794094302       0.15888551590205657      3.568079649514013E-4
0.012087393906069211      0.154447754111549        2.679947858767813E-4
0.04882414522962291       0.15200107020214257      0.0011516904029781224
0.049987352026608534      0.14606208107073296      0.0012864230997945562
0.043409629601897474      0.15363504339123304      8.787406957761649E-4
0.044561051558666194      0.1477051443692425       9.231403122901528E-4
0.03793715750852584       0.15507706013518985      7.193186491662578E-4
0.033709077766176467      0.15114934896669457      6.220260430654562E-4
0.03906357076290942       0.14919728031961368      7.380820964533911E-4
0.021240264465292         0.1582307608066284       4.3207162932696767E-4
0.023591847022340927      0.15304278556843792      4.454924014220914E-4
0.017489868644058278      0.15248756068945976      3.418618529473872E-4
0.07834910914808982       0.11517771961495282      0.4669858960827666
0.08197479983606241       0.11677847417442039      0.4275129970776541
0.07411457278598417       0.1179471072165445       0.46292781017470547
0.07825344713680309       0.1199605513733827       0.3555995579422779
2.6340415042429918E-17    0.15150999999999998      1.0013857121628477E-4
0.0030370595462206967     0.1532898077439552       1.4350893640982838E-4
0.06965000000000002       0.1206373387471723       0.4195187900843644
0.07386654351522534       0.1228699917834075       0.23577905180147773
0.06461271704504433       0.12340861718720067      0.010647624061200048
0.06951431915829362       0.12592943099134063      0.0631860311190932
0.05946760909508705       0.1259686209677391       0.0028416178689247506
0.06434448089552244       0.13005563108531365      0.011165542814719145
2.5632834755830424E-17    0.14744                  2.400243998930112E-5
0.002968174876099773      0.14944932987735016      8.425015985243476E-5
0.05422637134022705       0.1283120830291201       0.0016804573363603484
0.05854303735589535       0.131992723988974        0.003362332242277825
2.492525446923093E-17     0.14337                  5.736316706833999E-5
0.0032992746553520413     0.14561397279010918      6.641956076287376E-5
0.004508657917678251      0.13922701607009094      1.7417959658667131E-4
0.00983137130940444       0.1389526327140894       2.5430018686448884E-4
0.0073913654479734435     0.14334299952181642      1.5943529024351442E-4
0.048898404536882274      0.13043556276471308      3.4738824770533613E-4
0.05336203888528853       0.1349337583022087       0.0014076391013715433
0.043492564015283175      0.1323362644001125       3.763342417555959E-4
0.04743462718751976       0.13617547400408533      6.509091999726977E-4
0.015549943450713335      0.13842936559371938      3.563504054953001E-4
0.013200396312948367      0.14402724981854048      2.638922743607663E-4
0.038017430128882854      0.1340118092049932       5.729160188402571E-4
0.041853130362014324      0.13791227761513353      6.204951214123422E-4
0.03248034506923031       0.13546038972402125      5.969362722158017E-4
0.036124470895871105      0.1394503230473684       6.138707824425917E-4
0.026884129993232617      0.13668113825435813      5.442330884366423E-4
0.030371230908272272      0.14043928993214116      5.595337152974954E-4
0.021237594955025876      0.1376715459364289       4.569928128533574E-4
0.019463000259628938      0.1432398456779428       3.8155606101546955E-4
0.02466180976632432       0.14106295052714152      4.797580251103551E-4
2.945607185518443E-17     0.1393                   1.4490262713210507E-4
0.002740553544096861      0.1421757196627003       9.972733700860477E-5
0.10867953327900444       0.11374187960986935      0.5042070753426062
0.1074797531480647        0.1144646266254759       0.4406889225073907
0.09785778225208354       0.10210039464213125      0.6263094417827331
0.09876964597597884       0.10316997962766682      0.6084291795708584
0.09713377890895102       0.1032368621026285       0.6050509677894191
0.10717222124544343       0.11264971265402848      0.4726406321691462
0.106135690839503         0.1140726556650303       0.4003633604982186
0.10619219594802894       0.1154457370370598       0.3472264314419254
0.09978925021179896       0.10474447473813533      0.5811551414861653
0.09777331568160544       0.10489696933050045      0.5752923709303414
0.09604909572134729       0.10444699030311919      0.5832195907314905
0.10552569430519895       0.11099657996223654      0.47993316763604815
0.10506226356873807       0.11281723413437061      0.4197813517281821
0.10389017269917705       0.10958359653668644      0.49684396264114855
0.10233229303345699       0.10807987351385763      0.5217799877817096
0.10093507614360595       0.10641490346731869      0.5514859228546457
0.10462108915580691       0.11478766222332662      0.33695814080014347
0.10476097992754674       0.11640729437872899      0.2496267283636464
0.09856138062231375       0.10668898309507895      0.542059891003246
0.10355011174144586       0.11744816683729169      0.2199754392675671
0.09616912059093445       0.1063841829576707       0.5487828968316346
0.09478211852546407       0.10520013046710977      0.5711266471217813
0.1032792001430506        0.11169641689904604      0.4367605653542324
0.10341854314453194       0.1137785546392164       0.37168090832818146
0.1014074677509254        0.11039943795274557      0.4653639151023086
0.09989480234374201       0.10866591109759943      0.5030764844377628
0.10266938121031352       0.11569952756656166      0.3067823636921822
0.09701536442733229       0.10886983258744934      0.5028416325898646
0.10175146246312758       0.11790301172654623      0.27593946192598257
0.09485445380567965       0.10792107728201082      0.5247302772876732
0.0941396690131358        0.10650457694822962      0.5500058130153124
0.10093581485252662       0.11340539474665096      0.39238670990451485
0.09889983206185371       0.11121065434989863      0.4525135328303677
0.09990479747040981       0.11621146016955367      0.3460039730528617
0.0962522900873382        0.11135148528938524      0.46236336976916464
0.09447567147946417       0.10986653404050177      0.49422815607729054
0.09930374549984111       0.11899387863809383      0.3348090905186572
0.09312452977989963       0.10816165625215998      0.5256080580243698
0.09710878517956899       0.11416532920329937      0.41314831153949394
0.09749387535489004       0.1172987699576052       0.37319387003097054
0.09363173365340645       0.11278031576391102      0.456193743209436
0.09197055917318955       0.11006899522562721      0.5005688792071141
0.09631546233986674       0.11992744124032474      0.3793920462014125
0.09408098925750875       0.11687252075133854      0.41109423617547797
0.09113842619520485       0.1148162098626138       0.4449193973896729
0.0903307604901054        0.11225817317990544      0.4770419744735235
0.0928644504236007        0.12103864635016966      0.40288203085711105
0.0900246883268189        0.11800237641832953      0.4208699062186965
0.08828800086342838       0.11480399450428334      0.4524232188156598
0.08800748413583899       0.12256592242485517      0.39569177490612717
0.0858332424280454        0.11794324229094003      0.4185103678040338
0.08375928555299172       0.1260337552581245       0.34265487738694084
0.08083556350206822       0.12930243522139973      0.2804510673012885
0.0826962964591653        0.1214693967862172       0.3626658432888954
0.07645861088975837       0.13048274838663138      0.14991728321813894
0.07852550361568178       0.12552942642763318      0.24595558238554216
0.07395807925037287       0.1271460961806356       0.11866512743088278
0.07103679569866037       0.1317024435629611       0.04825581431349223
0.06680971511956683       0.13509870964945686      0.016848725689640957
0.005627909238879349      0.15128444722015916      1.430452605932235E-4
0.062272214731956814      0.13581754908075755      0.0065113264635460215
0.009313548358985988      0.15117421939689196      1.9863824255019697E-4
0.02991667039404431       0.14890259248487844      5.473677756884368E-4
0.025980434245696706      0.1491092649144779       4.7997153476942047E-4
0.006411643798539194      0.148008509856949        1.2883933019012029E-4
0.058030663453337496      0.1366809228257873       0.0030384183384406073
0.055603755512081486      0.13945757636328276      0.002211081071614159
0.05131107238192045       0.14028011590358197      0.0013137614661822398
0.013324851488556689      0.14940982953439605      2.593543198118234E-4
0.009944102103424834      0.14722558123481216      1.9374409547611422E-4
0.04588971847518897       0.1419295620658322       8.79873427132446E-4
0.04015997146934006       0.1435702329684095       7.175847007017152E-4
0.033929337656780176      0.14534406120128174      6.115089291110574E-4
0.021127263146423946      0.14850458641066996      3.9655038050230557E-4
0.01692107597032324       0.1475338144262018       3.227117270949776E-4
0.02816037140084756       0.14469936068986625      5.192702968377464E-4
0.02402760917444075       0.1454284979261837       4.504385972198337E-4
