% Model:              
% Version:            COMSOL 5.4.0.295
% Date:               Apr 3 2019, 08:46
% Dimension:          2
% Nodes:              321
% Expressions:        4
% Description:        Magnetic flux density, x component, Magnetic flux density, y component, Magnetic field, x component, Magnetic field, y component
% Length unit:        m
% x                       y                        mfnc.Bx (T)              mfnc.By (T)              mfnc.Hx (A/m)            mfnc.Hy (A/m)
0.004070344071051515      0.18921809168812703      8.075955374742957E-5     -6.751461891357099E-5    64.26641090399508        -53.72642665530195
0                         0.19100000000000003      5.2974692202756476E-5    -1.0929022106441028E-7   42.15592061420189        -0.0869703945700344
5.6639914450522176E-18    0.185                    1.538755615332171E-4     -3.889657928808585E-7    122.45028119526303       -0.30952914315323493
0.006732492802413052      0.18487745546892806      1.4979837778959968E-4    -1.1779189153900188E-4   119.20576146180986       -93.73580897288275
0.00487248510982674       0.19435572012599353      -2.178775309393362E-6    -7.680341758896398E-5    -1.7338143018826357      -61.118217778173175
0                         0.19700000000000004      -4.205360985812298E-5    -3.697619229217911E-8    -33.465199418891665      -0.02942471890008373
0.004527469510604303      0.2001063729085509       -9.058900851979512E-5    -6.854059420196258E-5    -72.08844247859606       -54.54287184849022
0                         0.20300000000000007      -1.330269328125213E-4    6.18986452022661E-9      -105.85946960733106      0.00492573767731604
0.011078387562640667      0.19054243951294908      5.063488747542922E-5     -1.7812030009709052E-4   40.29396317308232        -141.7436311273188
0.014635219352751784      0.18442020050552177      1.355374762064392E-4     -2.477213815792842E-4    107.85729656227473       -197.1304119394833
0.004460851344508727      0.205705392567645        -1.7386845814719334E-4   -6.511229069240839E-5    -138.3601228094607       -51.81471459866602
0                         0.20900000000000005      -2.2039259133619575E-4   7.038620261932305E-8     -175.38285165993793      0.056011560361664874
0.022875128114083914      0.18358030535371775      1.126190179612737E-4     -3.5920133378690623E-4   89.61936697345827        -285.8433391869398
0.019907487667339553      0.19148019284806567      2.3824398089089414E-5    -3.0557329444990056E-4   18.958853610338426       -243.16750144288451
0.004108368885058738      0.2106216481617039       -2.4430650456937924E-4   -5.7716580854832644E-5   -194.4129391585971       -45.92939570704832
2.983724378550861E-17     0.21500000000000002      -3.0389196042779375E-4   1.6285196183738895E-7    -241.8295383398501       0.12959347359316575
0.027708111808444583      0.1887852931328553       5.6034007305969055E-5    -3.9863048398403327E-4   44.590446219961756       -317.2200599658675
0.031067199533083126      0.18237277514248554      9.150978068588464E-5     -4.129701406024302E-4    72.82116968706897        -328.631196131159
0.006484847566392381      0.2149021794957898       -3.056092667285934E-4    -8.749541653992443E-5    -243.1961272727257       -69.62664020106676
0.009865273244334338      0.20875197867303694      -2.2219595957886738E-4   -1.4134002142425294E-4   -176.81792651011853      -112.47481533192122
0.014130534275953304      0.21453514397663645      -3.1182177803661115E-4   -1.9336640136639004E-4   -248.13988669115236      -153.876093026762
0.03602801009079155       0.18729518893245636      1.1729617755173019E-4    -4.390057964795354E-4    93.34133231571235        -349.3497127785632
0.039188627963441636      0.18080169091671391      9.903145907517426E-5     -3.246451277367813E-4    78.80673116708361        -258.34438415004263
0.017870878673729784      0.20783996127724677      -2.1996656375559393E-4   -2.615222805397279E-4    -175.0438296832066       -208.11281838281536
0.022345167801401677      0.21383566932559966      -3.240968102876586E-4    -3.151903152656502E-4    -257.90804698798553      -250.82048344610553
0.025731901668581306      0.206880713725111        -2.184137963453142E-4    -3.9091082056726703E-4   -173.80817663911648      -311.0769470069475
0.030487689149706062      0.21282739675688114      -3.4425325028813206E-4   -4.555433138180203E-4    -273.94803229403834      -362.50985093300216
0.0443269439960605        0.1857085958384067       3.367905936947073E-4     -3.5428170305211E-4      268.0094388668339        -281.92842143879164
0.04722579677956999       0.178870691055116        2.0844857506383593E-4    9.94178287209884E-5      165.87810550935743       79.11419436204352
0.052673857446285964      0.18342398196776769      9.758046492531828E-4     3.9345378769826895E-5    776.5206671034861        31.31005759520433
0.05516996544879426       0.17658220440457428      6.806908849984264E-4     0.0014071765474962551    541.676595325482         1119.795516685081
0.03373729897884703       0.20608006872573434      -2.1696084328257963E-4   -5.509220767336466E-4    -172.65195332904293      -438.4098588530616
0.03857567628174501       0.2115110332805502       -3.78461204428628E-4     -6.39423533584674E-4     -301.1698572666423       -508.837080496437
0.1306487968217318        0.13650478706358343      0.4100118088468596       0.3783685633879488       326277.0305201351        301096.1358688559
0.12596751113571705       0.13548869376546882      0.37213646457657173      0.39949793142941536      296136.78921051696       317910.3527098925
0.1308147545195113        0.1308147545195113       0.4292754829463354       0.42868346675878727      341606.57529534947       341135.463782156
0.13468130607437662       0.13468130607437662      0.45080077913220307      0.38116550966960516      358735.8617428392        303321.87500029645
0.13372307431495484       0.13924667225076043      0.4269180157362007       0.3455650667725405       339730.5624969995        274991.9426836535
0.13810379772378878       0.13810379772378878      0.46815717002833085      0.3396354175400003       372547.63876960875       270273.2777528543
0.14300006035581067       0.14300006035581067      0.49393899996464796      0.27835532121704437      393064.1671512062        221508.12653812472
0.13994796937011528       0.14387823389319818      0.46212153707614084      0.28210004964125396      367744.634674462         224488.0867343731
0.14081813047934208       0.14081813047934208      0.4818834671396359       0.3061783414785621       383470.67894766986       243648.98256995727
0.13716405047450142       0.14177468564578824      0.4464610010294811       0.3118011906670808       355282.37605798844       248123.5037830222
0.14487099699787942       0.14487099699787942      0.5059964628878556       0.2537015184225889       402659.1912780848        201889.25363437287
0.1422313661080245        0.1455822150244283       0.4765271938592801       0.25621598925187433      379208.2921020715        203890.20594307865
0.14661108138380127       0.14661108138380127      0.5196641678466861       0.23026025310594522      413535.6053026823        183235.28739701063
0.1442709710473926        0.14738776650420854      0.4907929769594224       0.22868911147843943      390560.64158939384       181985.01261543573
0.12821629401328064       0.1424216660210703       0.37307951196997186      0.33736696540918615      296887.2424816648        268468.1009039222
0.12005156461415657       0.14075731538251574      0.3131121142918522       0.36601281931029767      249166.7036575138        291263.74714117293
0.04172165728378459       0.20467173143053397      -1.877838891813584E-4    -7.818065089368473E-4    -149.4336709811694       -622.1418521935864
0.04660028121558059       0.20988905114519152      -4.437823540827496E-4    -9.209647627257887E-4    -353.1507765461368       -732.880472006319
0.07665554270326737       0.17467976783562822      0.018457074735347006     0.010684285986604883     14687.673395735057       8502.284640878175
0.07072070205561792       0.17094906346850955      0.005557200522965        0.012691119681612836     4422.279664913728        10099.27215349762
0.07829891344874487       0.1676134844001101       0.014906612077523385     0.030858457975329417     11862.30498445597        24556.380614835984
0.0630060216661947        0.173940338144431        0.002011791674642563     0.004685505077282454     1600.9329474524295       3728.6064696583785
0.06125936848639844       0.18277448490315623      0.0030091711365705944    4.817470342715893E-4     2394.622304973335        383.36210912092076
0.07011823189784795       0.17933381909435134      0.008807163053734296     0.0027057851555918936    7008.517673090626        2153.1954122856155
0.14552833348177205       0.15826087373074296      0.4748246586004043       -0.026864716905797958    377853.4575908799        -21378.26245161076
0.14500464344845831       0.15610088247596926      0.4559946581397989       0.06895649803229857      362869.01933223987       54873.837600734354
0.14717762777466806       0.15672825489560352      0.526958653338406        0.052932450896827375     419340.372419279         42122.30605099552
0.14881078238213738       0.15517844904114786      0.5542771333635739       0.10212546990463207      441079.72808809235       81268.86675452394
0.14667304104121356       0.15445426162059497      0.5060107667133881       0.11007584313834011      402670.573900778         87595.57275237457
0.1462112938666381        0.14929904328921306      0.5080992623229651       0.19881748179883016      404332.54590022756       158213.9250068337
0.1485904471266036        0.1485904471266036       0.5394981884494409       0.2038941674740342       429319.0174042569        162253.82310549644
0.14827942972275818       0.15070138970499378      0.5346626687081982       0.1762836440157474       425471.0330580708        140282.06665679105
0.15045747836038695       0.15045747836038695      0.5634587756408272       0.18138015829437418      448386.2468587244        144337.74385670046
0.1483235283756827        0.15302922388069987      0.5368776667647522       0.13989927218263798      427233.6725062684        111328.30351412662
0.15042761821037356       0.15361162612105272      0.5731378947220279       0.1380730369573863       456088.6450914654        109875.0316973899
0.12074280075707061       0.1482354313678781       0.309793185529421        0.3094115035174672       246525.5840659598        246221.85117150133
0.11361746736664924       0.1460002435244147       0.2563777929912752       0.3282646566366505       204018.96526776065       261224.71373043337
0.11398876236407321       0.15362319017442727      0.265191618953128        0.2665628709503077       211032.7851146634        212123.99278254225
0.10694937234634745       0.15095307799022292      0.1975263392792894       0.2776637946846416       157186.46643572857       220957.8272085692
0.049631970349345016      0.2031814737789588       -1.2329361223378116E-4   -0.0011741535916704293   -98.11393919330824       -934.3617403172585
0.054550362650968         0.2079645593235729       -5.797668659336441E-4    -0.0014287738972957743   -461.3638127711783       -1136.982141576472
0.10691357848870228       0.15822353982647552      0.2165903694131949       0.2054275586093491       172357.13959104812       163474.05699988976
0.10006733717385766       0.15560053994422213      0.13477940387020979      0.2085506506477226       107254.04176461407       165959.3346780802
0.09968145947675794       0.1627125797783595       0.15706386289364818      0.12920107771362127      124987.45080315914       102814.95085461471
0.0929868010202101        0.15993265719054334      0.07696753022665834      0.13146713128152812      61248.814465737705       104618.21898783173
0.08476595265322377       0.171064252828351        0.045648664592538225     0.02693866800295287      36326.053077232194       21437.11086490713
0.08572560191461125       0.16393938262777977      0.036387304862278265     0.06859709700004055      28956.09717311672        54587.83534655339
0.09237436287603729       0.16708533975694276      0.09450151186457996      0.0634014509046759       75201.9137145265         50453.27155338645
0.1438630803671545        0.15977613747763975      0.17191838613179214      -0.11551242928095558     136808.30480627934       -91921.87054308534
0.14334118140099006       0.15745003842590824      0.36677693428265473      0.05779397332103692      291871.8105158787        45990.982674820734
0.14219360751672513       0.16126369083392425      0.16338289151949484      0.18999840840947335      130015.97400987257       151195.92938980213
0.14163419721801712       0.15903937133324864      0.26828522434911545      0.1189933053085505       213494.59806839924       94691.86367349439
0.1401559414607037        0.16303776272159698      0.2307958477203141       0.2606372358336595       183661.5000488617        207408.52218367488
0.13952723560458544       0.1604644750255143       0.2644147254374123       0.20777677294371863      210414.55289825238       165343.50236837595
0.14988424406760706       0.1519958992476419       0.5591389334789103       0.15955967082338102      444948.625691495         126973.5516482838
0.15202795795510773       0.15202795795510773      0.5874254449098892       0.16641155778159988      467458.3162768236        132426.11004282092
0.05633858184326384       0.20128984888817145      2.8895676108629546E-5    -0.001799345460038098    22.99444843335387        -1431.8736214751186
0.06241851081160365       0.20573995603203019      -8.824855903537565E-4    -0.0024412413102852457   -702.2597195608488       -1942.678109060161
0.1371230386304997        0.16202214943895343      0.287706933524441        0.2524958133091328       228949.9031611306        200929.78399078432
0.1375990658279023        0.1652013834182043       0.2795061053296615       0.2949945492651361       222423.89143789792       234749.20350356025
0.06321274946537436       0.1983708273419815       5.225547353187365E-4     -0.003035414285764579    415.83584581026975       -2415.5059395559383
0.0701980956869567        0.20321719258449777      -0.001622269164800786    -0.00461675729760046     -1290.9607830180287      -3673.898724843469
0.07080577113382613       0.19397362295942938      0.002521522482934979     -0.006001806769882044    2006.5638363822559       -4776.086074545644
0.07788420911452107       0.20039723044644492      -0.0035664177682878475   -0.009148079422761477    -2838.0650847688835      -7279.810299648708
0.08548865223215206       0.1972731363859006       -0.008465615470901702    -0.019460744012943645    -6736.722742546146       -15486.368029529944
0.07951726696848631       0.1921145477331382       0.004360965998864376     -0.01451828123449911     3470.346476874752        -11553.281118344188
0.13448512613686056       0.1677460904103361       0.3225645319034043       0.3094844690602277       256688.69859275082       246279.91530552987
0.13402532076619053       0.16363751811893576      0.31514421892873873      0.2740293125126179       250783.80114671608       218065.5981922845
0.13086450243499342       0.17058570280783072      0.36550576892751785      0.308060809435472        290860.24926709273       245147.0029727288
0.1300386925674966        0.16563850298843344      0.3425906559348217       0.27744548400673574      272624.98174560815       220784.10109097697
0.08714490911847597       0.18961821841996868      0.0078301001705003       -0.03314968486332789     6230.995735199075        -26379.681039686067
0.09298531097307033       0.1938523457254036       -0.021390800805151062    -0.04471255042206077     -17022.25842416943       -35581.11708958292
0.09447222495187148       0.18682009228459942      0.016706788070319663     -0.07857458004665874     13294.839522900409       -62527.66407897774
0.1003169358179971        0.19016180580781158      -0.06133959050688482     -0.12445335815557675     -48812.495182017075      -99036.83567423042
0.12628941794755286       0.17399995090363748      0.4188569935851853       0.28789108904672306      333315.80488846265       229096.44946947493
0.1251945636733643        0.16826762583332258      0.3710698033413129       0.25868539819822783      295287.96716953727       205855.2991447162
0.11992651834414916       0.17168211007186185      0.40598256584915093      0.21019360592568603      323070.66082011635       167266.7569469142
0.12046839858537518       0.17807965897955644      0.501143342526246        0.23293840110047107      398797.20080323453       185366.48985531283
0.11370326767330702       0.1754716871788795       0.44590960447981515      0.09226576675426175      354843.5886255727        73422.7642855231
0.11406151945723374       0.1822497456215154       0.6581486222329601       0.14910993015440965      523738.03258748044       118657.91224080778
0.10055214784090619       0.18351754019538224      0.09644472757471484      -0.17005657241799862     76748.27564333545        -135326.72052794675
0.10750000000000001       0.18619546181365432      0.27526068401124776      -0.8122236892892772      219045.4924962316        -646347.075233621
0.10708817620243195       0.1794464511111848       0.38960783066691834      -0.12663678186076013     310040.0605897509        -100774.34905195021
0.009567481971972767      0.19782476548047645      -5.9226617403190894E-5   -1.4647138090084715E-4   -47.131044611651525      -116.55822145932824
0.008263998637317582      0.20275235927719043      -1.3252890754887815E-4   -1.2316395488431943E-4   -105.4631536948638       -98.0107611529331
0.015094065199710757      0.19653481804177092      -4.46121988772168E-5     -2.3145701281043806E-4   -35.501259867538785      -184.18763851032682
0.013798627025925858      0.20257242230144698      -1.3483615130453118E-4   -2.0618214957816722E-4   -107.29919993801424      -164.0745414133893
0.021058284986098793      0.20013769924269856      -1.0302666843123885E-4   -3.192322157144927E-4    -81.98601775560697       -254.03692562569864
0.02611294808266535       0.19509230684240855      -2.3870670248479015E-5   -3.9242285739328155E-4   -18.995675824810384      -312.2801876819334
0.028892086584738935      0.20056347966283972      -1.0621833032563245E-4   -4.4912039526866996E-4   -84.52586159146087       -357.39865475197354
0.03283262090144775       0.19389239267873562      2.4072340805183915E-5    -4.836489847305891E-4    19.15616015468878        -384.87563320624935
0.037199081509981344      0.19929953007051793      -4.2284352331242195E-5   -6.18324999980404E-4     -33.64881844478252       -492.0474009208869
0.1421428220229321        0.1480262459361159       0.4642715274316642       0.23116914729013174      369455.5426378692        183958.56240781446
0.1403993451138048        0.15048050550840197      0.4296955090938837       0.21624537232706384      341940.8214834003        172082.5996329978
0.13960197702520344       0.1470502310294795       0.44400956624323745      0.25473976884993604      353331.5862384979        202715.46707277073
0.14293202274789654       0.15256698630985385      0.4432713916785171       0.1687365197888806       352744.16558429814       134276.2560226188
0.14050824329171216       0.1539860656881152       0.39448610436315934      0.17821814438031477      313922.0674523105        141821.4931339609
0.14354322879725784       0.15000048345727077      0.46981689441515284      0.20030709238715586      373868.40547127323       159399.31944890408
0.14580119797375016       0.15203123025039586      0.4938838526066786       0.15934117443839171      393020.28227810987       126799.67774969002
0.14464584126480431       0.1541672234901447       0.4610318790615294       0.1245836376495952       366877.51237793645       99140.50880151316
0.13665808658960632       0.1453981477570764       0.4268153879617476       0.28374488985100316      339648.89390898595       225797.00898426262
0.13675356803737412       0.14920789033601026      0.40712490804397244      0.2532527806109683       323979.70785515785       201532.15943001458
0.13373080772863344       0.14320429445734514      0.4129772662605274       0.31338578857657096      328636.86654970376       249384.48673356447
0.041044556342271714      0.19221038588554107      1.8078626477764341E-4    -5.84177521916159E-4     143.86513841241074       -464.8737012806537
0.04490522439329567       0.19788468220666558      1.1767543598721374E-4    -8.491561770331618E-4    93.64313658929485        -675.7370151592214
0.14290812861050273       0.15511807331394598      0.4116424492950929       0.12476278503442008      327574.6529588446        99283.0697606975
0.14110801845942864       0.15666557215255072      0.34881957563717786      0.139133494085392        277581.79854937055       110718.9166666856
0.13742655879711993       0.15295234117214504      0.38281220302815183      0.2221307358748187       304632.271939143         176766.02313558804
0.1384413099656362        0.1562294338119795       0.34709669569937507      0.19563371804649476      276210.7742570948        155680.36631272885
0.13964585265882434       0.15828816412978647      0.30715676982781664      0.1762147997951044       244427.5911111828        140227.28216669784
0.1327493038256143        0.14727386549743535      0.38913939921610635      0.2878194143112414       309667.2946852688        229039.41252724137
0.13368376592047257       0.15209313008184422      0.37068361550366785      0.25508593026973575      294980.6486529214        202990.93357811484
0.04978988436420913       0.19154146472705066      6.162724490746882E-4     -7.905580228964165E-4    490.4140328079248        -629.1060857246023
0.051480463371190346      0.197729979413433        3.1050222244480296E-4    -0.0012345020855640365   247.08981771554818       -982.3855458738517
0.05681114988488184       0.18870998526113375      0.0016145499573926169    -8.785505985871918E-4    1284.8180329392198       -699.1283526074756
0.1354550868980066        0.15600079368004338      0.3473025596462826       0.23080075109339412      276374.5955808684        183665.40202917918
0.13732612601002459       0.15887302501868278      0.31252157826275034      0.21854539072973764      248696.77001698673       173912.89612293712
0.13153778274893768       0.1562343668968395       0.3435219329604558       0.2550029158968556       273366.0684556961        202924.8728391571
0.12745330066431865       0.15131806433126577      0.3453059645226802       0.28267244415608583      274785.7556644959        224943.583816544
0.05673665590583806       0.19475242746631863      9.158881919368111E-4     -0.0016144718135869271   728.8406653312104        -1284.7558480744822
0.07722760472920893       0.1806961589547209       0.017868308765553804     -0.0016045259867650658   14219.148323650652       -1276.841210565306
0.08355141234355828       0.1780498458512635       0.03637281621457705      -0.0024434001262294267   28944.567473614894       -1944.3960402038717
0.06278685876641413       0.19087250094920682      0.0024768370481331827    -0.0021785114936163598   1971.0042972176736       -1733.6043639577576
0.06788903777420512       0.18665469553554861      0.00541135031645993      -0.0024202800009753512   4306.21575833245         -1925.9976291084222
0.074460910162164         0.1863207667387029       0.009686152769748982     -0.005985778980563521    7707.995464244018        -4763.331565061252
0.1343149779458487        0.15962246509876912      0.3233292677253737       0.24720851543040645      257297.2560238802        196722.28602579134
0.12727695575229617       0.15787113394654342      0.3358281376700856       0.26195416732355403      267243.54069769836       208456.5029653254
0.13040833285134104       0.16096759856988066      0.33340348169678813      0.2620142244988411       265314.0607804604        208504.2949469007
0.12114761844279545       0.15693063694548415      0.3158512032611091       0.2595377026583204       251346.40140264234       206533.54148393119
0.11410797813530155       0.16086714568494492      0.29000584188334877      0.21327737012943435      230779.31630630782       169720.7385286961
0.1066552547248435        0.16552705838559786      0.24871342385819592      0.12861169708794254      197919.85410170807       102345.93665491788
0.09909142257689674       0.1699063435663755       0.17061526307635347      0.042961999933012314     135771.31242762893       34188.073272262925
0.0920154760048498        0.17496408702299637      0.08914433084314112      -0.00460666904194762     70938.80451152609        -3665.8707460718474
0.08158117819703811       0.18499978466757522      0.018413581857435617     -0.014806895098812672    14653.06286319061        -11782.952734095974
0.08903817754981434       0.18259889960913978      0.041265988689412766     -0.03498716460749868     32838.430407471424       -27841.900960266135
0.12525430954222963       0.16262648219029466      0.3412926223518133       0.25489504413785874      271592.03944043285       202839.03122083526
0.11960744640865589       0.16440083760540247      0.33912036179294         0.2242578652129599       269863.40941229166       178458.73887939285
0.11356237136113154       0.16854767906734525      0.3414364854620069       0.15223775379051654      271706.5220660123        121146.95520483819
0.10676503625135199       0.17262751503298004      0.2997657004782537       0.033633674852383444     238545.965002593         26764.828035511993
0.10019343048776463       0.17659284633367825      0.1770897492036102       -0.06099150712366063     140923.544783293         -48535.49922677567
0.09546386468309244       0.1811413694084353       0.08347767041447289      -0.0744877591947607      66429.41942129715        -59275.47537842471
0.18922226826734947       0.004421614120028387     1.2265984772280931       0.028049588662848745     976096.0541992129        22321.153436933826
0.18487810328331084       0.00671467991533874      1.2537404996890829       0.04543272445928263      997694.989400102         36154.213379134446
0.185                     0                        1.2553430072294902       2.1453252234699367E-4    998970.2243820913        170.7195569274827
0.19099999999999986       0                        1.216489294185757        1.2839781041234762E-4    968051.4219401706        102.17573104650576
0.19416558531563086       0.005088670361735965     1.196043355310085        0.029345853844309735     951781.0607490808        23352.688492870966
0.1969999999999999        0                        1.1820209748967805       1.1759379403546878E-4    940622.4049656186        93.57816798837545
0.19028697739059683       0.01075944370368434      1.2150977969741585       0.06737281159718626      966944.1036425481        53613.57997845584
0.1844230154509893        0.014599704516330868     1.249070357620201        0.09870558019431375      993978.6084240823        78547.40499339259
0.20299999999999993       0                        1.153924723735037        2.882181812712209E-4     918264.1186919045        229.35674119135365
0.1999094185699939        0.0051939425096953215    1.1643602170716785       0.025094655728896433     926568.4204325493        19969.692522216083
0.20592218247043792       0.004686116920620346     1.1384930872425938       0.012913297978903773     905984.0125530561        10276.076024805583
0.20899999999999996       0                        1.1369306749925459       0.0037140064755030104    904740.684389344         2955.512446258062
0.210959239918657         0.003993596099224925     1.1254664612782275       -0.006272637332699461    895617.7529828657        -4991.606188609405
0.215                     0                        1.1987533969457593       -0.068462360097487       953937.6433605929        -54480.61512626195
0.18989346144563418       0.019340806068879605     1.20730291666873         0.12284407841235216      960741.1349854547        97756.21154447117
0.18358592808618826       0.022829958579308078     1.2432079611271412       0.15440275931459949      989313.4615229069        122869.81185973347
0.21491495285989048       0.006046737734600284     1.0891899803560474       -0.03346846358739213     866749.8466991467        -26633.357088122826
0.18890072920535417       0.027932158572069005     1.2011102477937992       0.17867387404151558      955813.165673572         142184.15127542944
0.18238014228156185       0.03102392143745312      1.236161833186116        0.21007275530031247      983706.3310655466        167170.58707489446
0.2099590642629567        0.009235125840903994     1.1026208555667814       0.019621270326997686     877437.7975983401        15614.110811420056
0.2146079215352673        0.01297844421772086      1.0516200189454101       0.02741948455078833      836852.6213477732        21819.7325164491
0.18744812021749013       0.03632800415242862      1.1939302198522213       0.23084822519409506      950099.4809813718        183703.1807181562
0.18080542668073535       0.03917138857376923      1.2245243090977318       0.26508535042924325      974445.4836454598        210948.2193103067
0.20837262567852066       0.016299495295436887     1.090346556811323        0.07315306765357499      867670.2209987507        58213.361597011484
0.2139941503003111        0.020772665626919984     1.0352331170299456       0.0966714294185728       823812.339138732         76928.67923862564
0.18550839427076704       0.044550443814721806     1.18132605796946         0.2797719291951584       940069.4076455125        222635.427348826
0.17886403751459143       0.04725099029627654      1.205966693494547        0.31833198800071544      959677.8023692289        253320.5471729189
0.20755017571107595       0.024340330449731922     1.0830246381829964       0.13504833978662778      861843.6232856767        107468.05416697846
0.21306443157012356       0.028784509717903747     1.0345553969411283       0.16868846618075906      823273.0266278923        134238.0161762891
0.1834217248129379        0.05265587014429503      1.1610539263697242       0.32652232777830204      923937.3578899753        259838.2124789443
0.17656519703148588       0.05522437140640508      1.1810604681459747       0.3690637322939185       939858.0579792992        293691.58655260544
0.20685573028030066       0.03202786863756274      1.0872166553286895       0.19312244072407647      865179.5245369918        153681.95531604163
0.21183409208948564       0.0367602697028094       1.0566916786543084       0.2427147662239575       840888.519909529         193146.27402968318
0.18100796238733052       0.06077822622827251      1.1357369694928987       0.37096147389119044      903790.7637350196        295201.7613321902
0.17391512541100387       0.06307558286115791      1.1488720513234578       0.4162156467814742       914243.3297412699        331213.8878873097
0.20549411248243377       0.038878945891344704     1.1083473287922583       0.2294570758239538       881994.7801999304        182596.1392239704
0.21030173415776823       0.044701013525818255     1.1738449786236427       0.24126988694297227      934116.1538577647        191996.47563098386
0.20376561307355237       0.0464216215928456       1.1139512949875923       0.23085792752453993      886454.274804467         183710.90158740524
0.20861355892316064       0.05201329669818059      1.061494484905498        0.1985183455028461       844710.4716874765        157975.87990601346
0.14566705445519826       0.14190846479786665      0.5224908898415145       0.28020303881368364      415785.03919379995       222978.49348283978
0.14409440957994266       0.13975687371313214      0.5146969547816375       0.30444023161750555      409582.8227392168        242265.83868983763
0.13657545030621066       0.1303992548661574       0.48294926438213254      0.41194377484093236      384318.81344505516       327814.4402093457
0.13547655458182517       0.1259805665911919       0.4911773134767914       0.4560842606762064       390866.48687214387       362940.3227651539
0.13986626209967926       0.13321754547134085      0.5008253662508056       0.3752475726460836       398544.163323123         298612.5303492965
0.14198167020449848       0.13642982540352938      0.5073896007207361       0.3403388080993269       403767.8151406413        270833.0181750593
0.1473749112965527        0.1440445136906575       0.5334629192377266       0.2554103758023409       424516.30276458367       203249.1191295058
0.14918812944269613       0.14590952275924016      0.5487657322520977       0.23348474965890886      436693.8944368244        185801.26022394537
0.1749727754204639        0.07692357442119223      1.0591859397258652       0.4312954298180152       842873.3898040289        343213.9979424038
0.16757096895839096       0.07838986134919478      1.042306919885862        0.4870836789692367       829441.4925936153        387608.8760366994
0.17091559405695922       0.07080155159427452      1.1042230466580187       0.45690486513644407      878712.7807580811        363593.3390460044
0.17828057251086427       0.06903949044605828      1.1030787134974915       0.40749522574307573      877802.1493628719        324274.3973167913
0.1710428633425921        0.08457889857685222      0.996532872052155        0.44728603654714827      793015.6627033186        355938.918462304
0.16388849940609101       0.08582283939849403      0.9662850168328756       0.5054413147568391       768945.184322937         402217.4184320874
0.16728272467754102       0.0922892251367381       0.9207157344117766       0.45423854538887903      732682.3015705944        361471.5492075618
0.15987991387950817       0.09307745773215463      0.8848810138158868       0.5145153002051148       704165.9369848305        409438.26662027254
0.20205651666473076       0.053940627019660375     1.0775620525518141       0.25426114055513366      857496.6357593496        202334.58677766347
0.20667246806660772       0.05925783444623142      1.0213198355747106       0.25769080684669254      812740.5015475848        205063.82849494973
0.20001656324703065       0.061378488648082305     1.052266138791291        0.30204478137382434      837366.7871842819        240359.59995377492
0.20448707906258112       0.06640809059484887      1.004885162803669        0.31827913484867393      799662.2044995396        253278.48797089187
0.15065213471762035       0.14809951656351564      0.5635508988755537       0.20948583371147564      448459.556199626         166703.52971454078
0.15203980238637513       0.1497046643252386       0.5807260211746488       0.19332285738628213      462127.0842601702        153841.44182838165
0.14203839275708693       0.12730211700470948      0.5423607219553556       0.41655053126283753      431596.94919041946       331480.3804901783
0.14073125709925025       0.12008211055467304      0.5664591387506185       0.48263162095323836      450773.8599586936        384066.04083580925
0.16292401471568713       0.09971721669032134      0.8424864737124013       0.46047800068029776      670429.4338969438        366436.74996671267
0.15555401094549998       0.10013965088199216      0.8039379680276504       0.5168687151560865       639753.5077542735        411311.05473324005
0.14791559099352167       0.12093638332040722      0.617721719261771        0.4385871796148209       491567.32537867455       349016.58806215855
0.14596353845057475       0.11366461825470398      0.6456299796744954       0.5020227172240485       513776.0133675793        399496.98495316046
0.15814100309585302       0.10689876883830707      0.7659958946529284       0.4625027868942832       609560.1651105614        368048.0236400131
0.15091259157949327       0.1070064937410859       0.7245121801166078       0.5130099569892165       576548.4739792187        408240.3525509721
0.1532933030234679        0.11407699579730575      0.6916660795621995       0.45407231616595967      550410.377656581         361339.2681949921
0.1976434650662064        0.06853989533179597      1.0450134752859206       0.3498492322130911       831595.3009469723        278401.173218089
0.20205204686402012       0.07348449059536168      1.008610460397896        0.37910392658642406      802626.7021325877        301681.31930888194
0.15376965435742518       0.1502660753423672       0.6003703988364104       0.19182697749217184      477759.583304337         152651.0584312845
0.19624304682913374       0.07491544830331257      1.0500021832992958       0.3852015057409468       835565.1886468264        306533.6186255639
0.1993576257321954        0.08050799377963583      1.055468147407985        0.44389906018939423      839914.8646801304        353243.6483149443
0.15331536059161344       0.14778799042389407      0.5906604391257421       0.21511701305982325      470032.6428784568        171184.6798581734
0.15591520852040652       0.14803866978610053      0.6141785526355208       0.21728735705144456      488747.7629648449        172911.78473055502
0.15495866599998828       0.1446862349943553       0.602380585318885        0.24359024567570564      479359.2388804488        193842.95844128868
0.15859210710086358       0.14516729509537674      0.6295802902651525       0.24252936384796553      501004.07634464646       192998.73550668266
0.1964122733931592        0.08744837826129705      1.2560448997462652       0.33007482671067023      999528.7726999111        262665.2013060197
0.19145355063196973       0.08019274817159508      1.0771191880404922       0.3780746175043054       857144.2153788654        300862.22116693907
0.18956752092114537       0.08807534644483668      1.0658000307266902       0.306443252419566        848136.7161882337        243859.7919986567
0.19316201607078487       0.09441099272579331      1.0073581984611746       0.18648429452768078      801630.1837462123        148399.4864154264
0.18629291576067372       0.09515692327488993      0.9706136353294122       0.27782644672147877      772389.7894753512        221087.2615869022
0.18967932321939265       0.10122625323024223      0.9090712588910117       0.22377040264388784      723415.9223763831        178070.8284921924
0.15720246289560724       0.1408882961883364       0.6194638900353382       0.27123572424870107      492953.7008302918        215842.5312864552
0.16185104605357029       0.14152469357453143      0.6473713848871715       0.26561911072339356      515161.7796051963        211372.97225650772
0.1828916216413694        0.10210162483753771      0.8898427158532799       0.2911182932243755       708114.3340118317        231664.57695567593
0.18595764013263855       0.10791087098295528      0.842518545317108        0.25641326965845         670454.9556690538        204047.19670248716
0.17941933278321748       0.10794730813861997      0.834463519005208        0.3084741596014006       664044.969397683         245475.93658340583
0.18200642033529638       0.11444939037291267      0.7921237190759295       0.2817536820545877       630352.0271563503        224212.45616664938
0.17529401019181134       0.11415962915289034      0.7841046819025866       0.32400333160003536      623970.6801314744        257833.65901194062
0.17783597868926          0.1208278307495133       0.7527527754932333       0.2990222677453809       599021.625729459         237954.36003112793
0.16011523314998033       0.13603779923268697      0.6430364441215387       0.2975155736364529       511712.14335089107       236755.37095531131
0.1657277881137935        0.13696459486637244      0.6692646356485957       0.2842326894310656       532583.8750003517        226185.18755628806
0.16364008694207688       0.1311851515376521       0.6722197134961093       0.3145351236893894       534935.4512336174        250299.09855593517
0.1699148403062013        0.13173438064422704      0.6958395233655986       0.2949500190357503       553731.4987117171        234713.76747294143
0.17119801763636167       0.12019998335859046      0.7420865204033783       0.3302693837674324       590533.6896203115        262820.02489250526
0.1739386537906137        0.1263738292428817       0.7287073682184843       0.30207912837546086      579886.8985972884        240386.93242922905
0.16746647062274808       0.12587905237758618      0.7057983091250133       0.32514945974782944      561656.4486157373        258745.71881263153
0.19666734867956875       0.00975121917011456      1.1770340239782964       0.054264443433370446     936653.9155174516        43182.27203275723
0.1962008309586647        0.016123903291724223     1.1712751255517746       0.09405458964372342      932071.1297607264        74846.26431139185
0.2027013936009425        0.01163764887544826      1.1383792838160929       0.0555970525970687       905893.450663714         44242.72871081791
0.19512922605709687       0.024591827866823193     1.1670770044150842       0.1494217486352549       928730.3711077118        118906.04950367741
0.20187828458645454       0.020173739099642488     1.128618174014253        0.1121539444468983       898125.8062885865        89249.27322988845
0.20113583185074532       0.027983704320925673     1.1257639331324438       0.1650693371666445       895854.4735630117        131358.00481487098
0.1949674971441537        0.033478433327521435     1.1578781310503132       0.20234311135313018      921410.1402733137        161019.53186222236
0.20168031727125071       0.03459541422233136      1.1215064375158945       0.20447908323601624      892466.4662001826        162719.28427955546
0.1921404028398795        0.041856570117420895     1.1574424949472821       0.2479537528110796       921063.4720773803        197315.32709034625
0.1990050203718165        0.040751763407013857     1.1329612951224999       0.23142481071778         901581.9522527078        184162.01289920465
0.19034450507112527       0.05023528508544382      1.1394497268319057       0.2894314724939527       906745.2821500382        230322.24766889252
0.19712273584140425       0.048244083015055846     1.120315833973461        0.2580443062599492       891519.0140049773        205345.13438994912
0.19526267209756737       0.056116638582544405     1.09642717556093         0.295352934558961        872509.0236540368        235034.39745877867
0.18814388867454904       0.05848501200278623      1.1175831590611025       0.3325816812032571       889344.420404152         264660.09272655635
0.1455703065554264        0.13635351261982592      0.5379724941217247       0.32908785351933906      428104.90843474044       261879.79299552203
0.1480451697730674        0.14181520462035885      0.5446094969542108       0.27511465113842154      433386.46747526585       218929.28322841058
0.19281688684574091       0.06392776243422639      1.0795881490513328       0.3389469920100164       859108.9521247474        269725.44612261635
0.18535690792087223       0.06672671222672737      1.0971621543019678       0.37227722400604174      873093.9011525549        296248.80200545175
0.17861496561427273       0.08305434064914796      1.027706281864788        0.3974329869072326       817822.6740268683        316267.12207031297
0.1474753498404963        0.13926005715759046      0.5457549701282872       0.2990312380225531       434298.00606443296       237961.49835089227
0.14446047657443156       0.13192603728507077      0.5438323904880794       0.3690707589164501       432768.0657982984        293697.1781611512
0.1486046653458951        0.13626426006060305      0.563067206073476        0.3208465802495021       448074.6456976829        255321.59610419365
0.14769796733557966       0.1339057730403863       0.5628925403998186       0.34235116688538475      447935.6511709277        272434.40241543687
0.1499127529096793        0.14316696649916458      0.5593013111084376       0.2593182322436071       445077.8417034292        206358.89247711096
0.14979578036341026       0.14069602095651504      0.5623707548245681       0.28147261681753094      447520.42740325176       223988.791557605
0.15198744922191967       0.14494461129169828      0.5768332700991907       0.24122020657297724      459029.331380743         191956.94124868713
0.18351506986855587       0.0759312953447252       1.069294532445447        0.38963209564287105      850917.55229915          310059.37004408526
0.19070854585127708       0.07185211363817438      1.0709435576825201       0.37279555255135594      852229.8048879672        296661.27475611365
0.1852005335415517        0.08361294387259419      1.0529762770847975       0.3623812186867531       837931.8972827337        288373.8111883093
0.17459722479579307       0.09103004040073304      0.9566676092077134       0.39890099577033594      761291.8945065659        317435.326405641
0.17136454285927177       0.09950907391735955      0.8769380910456887       0.39480177380738407      697845.1598774596        314173.26921446767
0.18235046873115496       0.08969803158537015      0.9990880334892447       0.34476220468236934      795048.9955688718        274353.04533229436
0.15085342854034878       0.137969251320618        0.5767340018945439       0.30164855205065655      458950.33625343605       240044.29067687437
0.1492431576446901        0.12857292094412504      0.593287215725022        0.37727962324540604      472122.96527932445       300229.58483677154
0.15142627445762444       0.13383270616459453      0.5914538008539054       0.33147218357071223      470663.9800819426        263777.182563715
0.1527810376668373        0.14128969080256928      0.5863519237320419       0.2719694933988398       466604.0352669825        216426.44622311974
0.16564344611187157       0.10660020993027923      0.802460036393601        0.4111885621430334       638577.407128719         327213.4610395637
0.15625967013174608       0.12200119437775857      0.6669437387923391       0.39090730417899316      530736.9639649532        311074.14875406947
0.16059160853720783       0.11398766175331658      0.7323350492452355       0.4110579700645134       582773.7154341292        327109.5391654382
0.17894939391214018       0.09657257455870552      0.9271601556872223       0.34274307228128637      737810.6090773634        272746.27082034753
0.1728052709127741        0.10751634807668009      0.8213617817783804       0.35759509459860733      653618.9381839795        284565.1346539114
0.17734972488909526       0.10283790262805974      0.869694416883642        0.33649765178075375      692080.8271322757        267776.3230986114
0.15492932333722975       0.1366654924245438       0.6094771817352601       0.30312015457173763      485006.5308744204        241215.35475435713
0.15677871540268226       0.13059883693313848      0.6368055520097915       0.33758314199609946      506753.7569536069        268640.12876586214
0.1618372268384904        0.12589665196372624      0.680596097613669        0.34616366722880737      541601.1659213477        275468.29379141313
0.16848877765225612       0.11402354745727697      0.7655212916812859       0.3645086756376088       609182.4880658464        290066.78763802885
0.16415808848216246       0.11993890993229048      0.7172387314940262       0.36404603919176526      570760.4474711746        289698.6332519765
