% Model:              
% Version:            COMSOL 5.3.1.275
% Date:               Feb 15 2019, 22:56
% Dimension:          2
% Nodes:              263
% Expressions:        1
% Description:        Magnetic flux density norm
% Length unit:        m
% x                       y                        mfnc.normB (T)
0.13150454689761276       0.005511673543811217     1.1688956429830795
0.1311583901344208        0.011013677739386406     1.1708508358194816
0.1271315506783437        0.008304198836555504     1.1980437509477857
0.13162                   0                        1.201054472385283
0.12786909335023955       0.00397403677920122      1.1952914942684347
0.12587360158458238       0                        1.2057800015034212
0.13058213698700988       0.016496360201746618     1.1922844027688373
0.12660655202398408       0.013378045400630463     1.2103142001630667
0.12874378720858348       0.02736533674543348      1.3997088808088556
0.12748491566775685       0.03273256294861293      1.2939716563767905
0.12383839797796739       0.028319426040089427     1.3059562290008706
0.12977679839921547       0.02195010244279906      1.2421443389138436
0.1256936657369105        0.01842710394215987      1.2387636801637354
0.12490443040838126       0.023575237596111454     1.2814349325144627
0.11922583276960505       0                        1.2331481398631523
0.12222077673550602       0.005190970721794027     1.2222165736590025
0.09552993669310739       0.09054201011359787      0.9803001705009763
0.09416781891031942       0.09195785057118976      0.968182795680416
0.09390451824566612       0.09036903402622999      0.9347546660169582
0.09306939453977338       0.09306939453977335      0.9626946982565037
0.09307419529553423       0.09154428399784904      0.9284922784867742
0.12600239226517437       0.038042365113818866     1.277286902431035
0.12225914099432283       0.03323673590448203      1.2971960671290261
0.12429881785065292       0.04328542804374456      1.2997233040481164
0.12036626905152503       0.03810417637282918      1.299855101944811
0.11183809146713844       0                        1.2587308179233287
0.1148209873949444        0.005383717090821477     1.2508217733632563
0.0972385422796           0.08870451113296562      1.0022744000835742
0.09489485780479895       0.08841861070467678      0.9426733064367722
0.09917103478352259       0.08653860560446609      1.0354262628160826
0.09638280107874253       0.08599704859825803      0.9702604048886679
0.10139823040429793       0.08391795559281039      1.0865172196863355
0.09807601911803666       0.0832172266802926       1.012310767006235
0.09198850305054881       0.09198850305054879      0.9007727338510061
0.10395053156754311       0.08073482140207663      1.1713215274623534
0.10000176412451002       0.07995252022524459      1.0742599310093193
0.10648281679963056       0.0773642949067353       1.3555913816550096
0.1019601866414434        0.07632214585779615      1.135546215586492
0.122377181072602         0.04845255362438151      1.377884900918725
0.11882054711807614       0.0432970176449248       1.3237424962308497
0.12024085313491913       0.0535346769616368       1.6375041030575888
0.11690871866193672       0.04803102851771749      1.3657651020369508
0.10484171152027844       0                        1.2773934740618798
0.10837921053905847       0.005367587205113867     1.270225989263305
0.09062475780530037       0.09062475780530034      0.8277364310389629
0.09215192337442253       0.09036376518180295      0.8799378983110704
0.11781282238074979       0.058685290172937554     1.367763687680845
0.1146683294950641        0.0529029307684617       1.3691017088400816
0.11516428716348065       0.0637260650136766       1.2659193030323102
0.11215110521587741       0.0572479274131211       1.306093726289771
0.10927353611953797       0.0733697397019508       1.2155254605098866
0.1042205758231087        0.07210888408296467      1.167190457033475
0.11230019646977481       0.06864758024031117      1.216551082417553
0.10682271905515332       0.06741132651393415      1.1867956433943396
0.10952358406385199       0.06269205625974154      1.2313773771351295
0.0990094788938549        0                        1.2869997526607726
0.10227080794831378       0.004630868777956938     1.2846893236553252
0.08922433321302906       0.08922433321302904      0.7661190548487947
0.0910815960742607        0.08871585020544816      0.829931046552816
0.09432616235934706       0                        1.2845333715703675
0.09682686811635731       0.0039790621638524145    1.2931007664947305
0.08793895422023548       0.08793895422023545      0.7224812707358611
0.08976349130226473       0.08721626419349181      0.7843307577404182
0.09038000000000002       0                        1.218005605228093
0.09295791201167208       0.002760226703779768     1.290160631032711
0.09030072138433552       0.0037847215840271825    1.3104867890164371
0.08632545180967412       0.08632545180967408      0.6827387623004658
0.08840189824032893       0.08556856183575866      0.7485982636681121
0.06999223865226145       0.06999223865226144      0.6493039657928749
0.06871204114108445       0.06871204114108445      0.6628971691410482
0.07041521270841515       0.06823302071336858      0.6883314509171342
0.06756867513185362       0.06756867513185359      0.6769899503578302
0.06922207875079574       0.06726709592290162      0.6970845547152759
0.09006302461897091       0.0075628034803657766    1.3389533319576372
0.09309308896352138       0.005950411482965625     1.3101907534214132
0.08966732670480135       0.011327617649550663     1.3465735277196151
0.0928657618599123        0.009642999849216105     1.3231996994070165
0.08911432183042924       0.01507255932821896      1.3366687730069413
0.09268481157916635       0.013503030939888918     1.3240723648003148
0.08425764143042604       0.08425764143042602      0.6495225597878987
0.08683471261384935       0.0833998003128019       0.7223550478995652
0.07146867199573069       0.07146867199573066      0.6364407367036471
0.0720266785581004        0.06942069299599757      0.6812831909517169
0.08160848914280877       0.08160848914280874      0.6254719653090061
0.08483962944678325       0.08057981898431964      0.7051831291890984
0.07334668388471281       0.0733466838847128       0.6242813596000216
0.07393002774797891       0.0708922512524408       0.6751591232097315
0.07564451208697899       0.07564451208697898      0.6155737001644385
0.0762525616688812        0.07267752034309902      0.673087349337936
0.07841863870206482       0.07841863870206481      0.6139638370682684
0.08211467511465258       0.07757119090061838      0.6894490538012787
0.0790020507578365        0.07479863246526286      0.6780761278749834
0.06658993244121894       0.06658993244121893      0.6905201132667154
0.06798292767525672       0.0662584663210754       0.7079955609766024
0.08840498015432136       0.018791058616109087     1.2966632130311162
0.0921969101831203        0.017494537702902133     1.3187179875055985
0.0875405461028101        0.02247659200194222      1.3550361481347055
0.09127763635979708       0.0214158651996874       1.3245425086175107
0.06558699360284452       0.06558699360284452      0.7057898199633641
0.06688235219991974       0.06525835088296893      0.7214233223271029
0.06465054298392174       0.06465054298392173      0.7212826565515509
0.06569648856371095       0.06449192434930597      0.730638798877707
0.06390831088364017       0.06390831088364016      0.73432796121994
0.06494961292578888       0.0639155462153788       0.7392670689839771
0.08652253618695079       0.026122693807832786     1.3683564242560244
0.09014921245768262       0.02527922737900484      1.3385052996759417
0.08535273634206057       0.029722967532241573     1.3691427001496235
0.08897331996177045       0.029156004778915903     1.3413764068757583
0.08403319879457355       0.03327109707165781      1.3653935611673853
0.08770880752269912       0.032957306857186626     1.3343613719433247
0.06463644979722162       0.06317177975655933      0.7542865179937044
0.08256623846173827       0.03676085780119082      1.3599935981083224
0.08619337438637113       0.03651614165072591      1.318960125625347
0.06553235791007661       0.062241902820733316     0.7795642695759039
0.06573897943116852       0.0633245120272218       0.7567096295131096
0.07503526967393889       0.050381074869034495     1.151842167034703
0.07711359791018267       0.04713849188663824      1.1933093951030258
0.07867566834533403       0.05019269046161473      1.1356728449687548
0.07908029382947414       0.04375901653195631      1.2400559552400348
0.08094755498250224       0.04696790939043763      1.1869112869385783
0.08089897345974903       0.04029764872990499      1.2874412579889989
0.08286457557197716       0.04346541277945448      1.2372593870300979
0.0846022844993024        0.03998349881718851      1.2834815409321183
0.06664897008787506       0.06104473102754673      0.8122386619535198
0.06698431261911963       0.06253620397567336      0.7815332675917038
0.06803314643746562       0.059498196492148825     0.8547203490574624
0.06867479315683156       0.061453899899239675     0.8165611171854086
0.06968501370294186       0.057554698029099224     0.9091108968068591
0.07088921165774424       0.05976134680190108      0.8707310149853206
0.07143608869029607       0.05536632218806074      0.974746902079283
0.07287615805141073       0.057468275690836096     0.9413921624073214
0.07311895595160775       0.05312403110219373      1.1091623424683947
0.07453694936184896       0.055462155007226184     1.0103874392576613
0.07654508240158271       0.05281843543446436      1.087165995452455
0.12329202854834037       0.010618078572791293     1.222465421988358
0.12170145426160536       0.015105086194858399     1.2413290579358809
0.11955984077405266       0.029311939495597128     1.294064563596287
0.11984602070954781       0.02507708749811921      1.2857889821804158
0.12059062234126679       0.020057791816813237     1.2642176334832735
0.11811022714247044       0.01041854040152604      1.2444266984801626
0.11639990861118932       0.016167858401462308     1.261398325366993
0.09292928078600855       0.08837395842917933      0.8867474323452674
0.09646204723140754       0.0797495670752619       0.984292899961056
0.11642992938013601       0.033010878579092164     1.2951986629333903
0.11518355593115688       0.03841124199924953      1.3019846001927489
0.1151727700168651        0.027248418353225824     1.2878440668238993
0.11516683309906385       0.021973503024106847     1.277745658996871
0.11155310957565906       0.030111888680260337     1.2906916603659886
0.11128715841583259       0.01192353134553031      1.2680245884454282
0.11165537275837278       0.01836464308031547      1.2762964539269626
0.09387822611900155       0.08595617659105485      0.9053288529011541
0.09503812636749537       0.08314716087609227      0.9373760193821038
0.09182767821425249       0.08644771994627988      0.8479049767712503
0.09322335556918648       0.08017450018416         0.9036428284455171
0.09426862884492059       0.07623572261165115      0.9511209296929328
0.09816062018766304       0.07577150239373102      1.0413783181940868
0.09999533986270615       0.07186809013232673      1.0902977745024982
0.11378874014058324       0.043497677311626515     1.3147836092663316
0.11240723472163547       0.04807872086461726      1.3247209574725551
0.11089361040405313       0.0351711670846607       1.2931680428890642
0.11078165782393515       0.039550178043091744     1.2958927986533695
0.10919967845145914       0.024230647900567545     1.2871752433112327
0.10697963706287424       0.030448738227613237     1.2907275467948063
0.10504526192136204       0.010250477632125485     1.282717768115259
0.09933682302682748       0.00861479531924773      1.2961376129506286
0.10606694582921243       0.017354843151116656     1.286501149152969
0.0920699545749352        0.08364429072065616      0.8590833767696491
0.09010648785148173       0.08540216574019965      0.7989898359478508
0.09064099928633682       0.08095941960713063      0.8362891865953221
0.09054158725661893       0.07731053085059468      0.8618105933885962
0.09168106115985429       0.07333701308618848      0.919581043671735
0.08884342240445177       0.07409650973412224      0.8577919999316702
0.1083435843430178        0.05187303700454586      1.2782391533705886
0.10715643170977784       0.057580068437004715     1.2374436467972818
0.10168256856034878       0.06741428945350869      1.1263876937785595
0.10353721481542916       0.061554228546038314     1.1750238680504843
0.08623863787425078       0.071901024471365        0.8362841132614366
0.0892247110312027        0.07139781490105743      0.893337270704596
0.09552479491940574       0.07107791969448063      1.0089319134459105
0.09159836514278229       0.06982985373572491      0.9495382697604681
0.09786021867316287       0.06800502156337467      1.0668439067066793
0.1070411676727893        0.043949528120974815     1.2812306959566413
0.10299428959232593       0.04868513816247492      1.2426146826291622
0.10584923454554561       0.03667959153744588      1.2859506893016814
0.10210655381290451       0.03993914680986678      1.2722349997988072
0.10353492736080616       0.022118671847865735     1.2942909095059871
0.10402062658956583       0.026304676943157267     1.2940143304481022
0.1011830452029073        0.030440282404497046     1.2942890276340482
0.0955442457898802        0.0079726551165525       1.3071768179637338
0.10051037492800519       0.013635893322418003     1.297358312498249
0.0961617326042335        0.011531577255679128     1.3096631972514696
0.1001606580270852        0.018897071560633767     1.3006617862841943
0.0893105921213366        0.08338848697296694      0.7868001873763398
0.08804120016421936       0.08028598692178511      0.7799347469319865
0.08619541284337633       0.07641274692010343      0.7810382051114917
0.08262382979504579       0.0736088191891509       0.7531995281821087
0.10198642673263938       0.05466683872823736      1.2011339622312232
0.09814081453096438       0.06384011511705812      1.0964249183199384
0.09844254970913888       0.05883932848227262      1.1369055262651397
0.07941924433056761       0.07139288240471854      0.7378211672301541
0.08295114531758441       0.06965378985519163      0.8155746282210138
0.08776206857467436       0.06782467347788654      0.9113197574926853
0.09309413476965211       0.06618755038595905      1.0077211636553636
0.10037399106058102       0.04398691433353466      1.2507165946659495
0.09722627815260222       0.048949372625081894     1.2049532491936543
0.09972785584396819       0.03597879533726813      1.2824535039411422
0.09851389926038792       0.03983914274767458      1.2664608723734179
0.09920584486978232       0.024285044335242777     1.303280707298622
0.09606960981703963       0.02764272721177983      1.3092068003804571
0.09596428198431461       0.03197611603756148      1.3002521865065075
0.0962020352619183        0.015892407910151743     1.3102887594070658
0.09549772424989927       0.020292336679388515     1.3120729947735918
0.0765202362360738        0.06972141096951458      0.7274960941467161
0.07411159436617222       0.06846776243106636      0.7220077278566522
0.07224232587804393       0.06747021293111755      0.7214142421161753
0.09556041700783556       0.05457341908830364      1.1458585788939395
0.09278767864459052       0.05988286919326893      1.0671881695763459
0.079165642207984         0.0678971216060923       0.7921477989078114
0.07616937369066562       0.0670132673094377       0.7721922258251427
0.08189692740037001       0.0647691830437913       0.8779121182699455
0.08737414889041693       0.06289028081566655      0.9704355316270484
0.09547685871326604       0.042405383071265054     1.2470463538579977
0.09252226889715102       0.05118802963413889      1.1585845788352886
0.09226567835587585       0.04694930275901228      1.2009612511215189
0.09476078061480311       0.0370041579100859       1.281086946428643
0.09397433342465997       0.024299551529152103     1.3186046269248488
0.0928080025506688        0.02850437291340088      1.3205832760530396
0.09171725765854565       0.03267261054399114      1.312326204392131
0.07067570784814767       0.06644093356941268      0.7270135191473953
0.06929204351168045       0.06591812822304996      0.7257362888339769
0.07392864349719919       0.06622226343922488      0.7630567397129943
0.07210827946094558       0.06568931297966658      0.7556456249223267
0.0903848929444867        0.05462750207895982      1.1060378111363935
0.08651679265963926       0.0582218883846627       1.0278620329897146
0.0779715793349026        0.06484919956056696      0.8322129879629534
0.0753225936088133        0.06492002459841695      0.80284667499186
0.07933601616312264       0.06254418463128843      0.8891825817346799
0.08218238928790544       0.06045463114392132      0.95390473877541
0.09183578500169452       0.03971857610597921      1.2665917218896534
0.0907004146886617        0.04297744681584819      1.237754599820586
0.08834077966030254       0.05010296942000829      1.1516482590769275
0.0886127288039254        0.04571882989108282      1.2062476046053792
0.09008952584144499       0.036438481526861716     1.2969874402278627
0.06842031183340004       0.06471808300561359      0.7442049415336528
0.07052079793526216       0.064417749869775        0.7675524907625428
0.073173922146075         0.06389540508880281      0.8022223042908205
0.08482203825477262       0.05421512318353687      1.0773989873992678
0.08247463027615345       0.05691811611449541      1.0183724025944794
0.07583988456548843       0.06195671587917484      0.866997056752309
0.07858415041322585       0.0601850283369134       0.927469737349616
0.07952983546185263       0.05764257972378491      0.9857964028013889
0.08302617914527825       0.050362889073580865     1.1329237341336909
0.08836108792834223       0.039786386795436196     1.2734150269624709
0.08674514315257861       0.04308417585601364      1.2379496504003205
0.08506001972055743       0.04670522507019664      1.1900109838041415
0.0670782485050786        0.06392579004050884      0.7517511550224549
0.0687470463831527        0.06322566600226938      0.778703062682475
0.07079802424884138       0.06238923766168008      0.8128433963819729
0.07278693765446477       0.061651559134938416     0.8458090053081218
0.07368496370337363       0.059832985562649585     0.8931750590322423
0.08031101390820063       0.05399341691569109      1.0626819277533504
0.07603262658776007       0.0583270303063975       0.9469692167644704
0.07721278448843641       0.05566883532140467      1.0176068839949837
