% Model:              
% Version:            COMSOL 5.4.0.295
% Date:               May 24 2019, 14:09
% Dimension:          2
% Nodes:              146
% Expressions:        1
% Description:        Magnetic flux density norm
% Length unit:        m
% x                       y                        mfnc.normB (T)
0.0064125708202768285     0.15233068519050746      0.0029976450207680823
0                         0.15700000000000006      0.0023997867364594044
0                         0.14800000000000005      0.0028117188646888426
0.006916951295279596      0.14374969848621413      0.0030536319410662716
0                         0.13900000000000007      0.0020946888124768067
0.006212353862934799      0.13591812688832927      0.0021396252655564
3.980102095125915E-18     0.13                     2.802996439081243E-4
0.009138726281979526      0.12967838556190875      0.0025023995800441275
0.006443554659155033      0.16091442433680206      0.0022609950749830697
0                         0.1660000000000001       0.0012443103803547809
0.005993927437127121      0.16832644706742375      0.0013034675264091866
2.187939519238383E-17     0.175                    1.4921155905042803E-4
0.015006091737414873      0.1371625503935234       0.004597612227524194
0.019214347274590426      0.1285721931788186       0.00699291961711141
0.00974399297751922       0.1747285168507249       0.0015509338631973103
0.026003761120453876      0.13610090767814034      0.010567222177832312
0.029610078959915378      0.12658294997347622      0.017007807438692405
0.09187596625093111       0.10011259347887873      0.7590200805365791
0.08523441047875385       0.09815852112954476      0.7099639766795223
0.09192388155425119       0.09192388155425119      0.9012858390521143
0.09813490550236934       0.09813490550236934      0.861423069080884
0.09606569461551409       0.10549728670544631      0.7394072336868032
0.10377229486930341       0.10377229486930341      0.8510510013154914
0.10827741203300195       0.10827741203300195      0.8540577369836426
0.10174155908697469       0.10971247900119423      0.7658278933884488
0.11181247646190196       0.11181247646190196      0.8603509854567472
0.10665680764948883       0.11308520734680146      0.7947179046645464
0.11458502889894107       0.11458502889894107      0.8662898559970923
0.11063691062146955       0.11563058987038918      0.8190211116772756
0.11675143214430356       0.11675143214430356      0.871029671475159
0.11352286553436472       0.11752515679175154      0.8352205385035377
0.1185213614324876        0.1185213614324876       0.874805071109103
0.11590068220667488       0.11924726857596125      0.8468531118736126
0.11794256430791526       0.12090091743265897      0.855590375413341
0.12048267075609008       0.12048267075609008      0.8789319760677806
0.08699848183730712       0.10768182390748336      0.5955235031130354
0.07732767441483321       0.10450086492270554      0.5077013616759697
0.0776128110206441        0.1143729345640984       0.3988275156645205
0.0685701746848172        0.1104451499328678       0.3195346548005087
0.014232577331021377      0.16531177740976927      0.0029467746480072825
0.02050336949444577       0.17379474054002392      0.0039050834137963515
0.037278199092088085      0.1334717613866425       0.02535527892861276
0.039811466745847846      0.12375397818068014      0.03914515522974014
0.04755644564496377       0.129256884664278        0.056510867367948574
0.049748846207461665      0.12010433922646731      0.08650010183150181
0.11845329469446561       0.12881699024595356      0.8431394048164577
0.11792364019095287       0.12693277710212028      0.8322258503305769
0.1197957435375205        0.12756950979874704      0.8517759411486266
0.12006301331009728       0.12262135946307624      0.8646443849155501
0.12231112997124105       0.12231112997124105      0.8824157279055771
0.11916671744922261       0.12591024600248962      0.8464939830221243
0.12112505542732113       0.12630803991721337      0.861446701509515
0.06799237382363768       0.12023230606566829      0.23498656706724916
0.059356319065399205      0.11565823527534269      0.17614268690205037
0.058072589081613446      0.12524155251749772      0.12199677474992376
0.025020758007336635      0.16403898781255047      0.006231694668027133
0.031184660078719964      0.17219906206415495      0.007985075275817561
0.11709785611280019       0.130050344458544        0.7973920852813728
0.11650456922815698       0.12813907650651446      0.8077598721441467
0.115558772442372         0.13141982389126866      0.7464933511927082
0.11473252037014765       0.12927674745910234      0.774360823896917
0.12061041293480455       0.12467217806698515      0.861133016613321
0.12244108458983889       0.12503271893574058      0.8722709286359779
0.12183580318500681       0.12379886526301388      0.8726686775413655
0.12374368670764582       0.12374368670764582      0.8844468533357911
0.11362368908991939       0.13309642097966917      0.7414929060850834
0.11299539292366272       0.1305321408432412       0.7548224026867921
0.041747180501968545      0.1699475593238575       0.015667416875683664
0.03517207101500384       0.16196479386719395      0.012313940958538215
0.1112844729379348        0.1350583802765531       0.7377608041610965
0.11065613878143335       0.13191485282492227      0.7410488490202723
0.04517205727032664       0.15979435223134655      0.023897464169016138
0.0521507081446926        0.1670488061615739       0.030900396891908783
0.10843729261227755       0.13735484545846663      0.7382288876357311
0.1076907518945154        0.133545459997295        0.7288005843251698
0.05487272800263319       0.15711044876526756      0.047035721439203905
0.0623541983195976        0.16351438454130046      0.06297643067024522
0.0637470153814515        0.15402825305170806      0.0899726045498705
0.07207864581643132       0.15946682669843731      0.13609512694465653
0.07260072034750949       0.15069425418105473      0.1865665124454984
0.08058006594072496       0.1553443046042835       0.3317862977775849
0.10475692780449321       0.14018197486468847      0.7487590736463949
0.1039597286938455        0.13555395509094187      0.7171846569885391
0.09928983996874075       0.13809475920875205      0.7083784424421943
0.09989559438417946       0.14368670858027005      0.7882016618299367
0.09355673120714485       0.14109756598190154      0.7090260417351809
0.09390809468936326       0.147669461134703        0.9174438223383504
0.08005534980785982       0.14741524625770397      0.38682636307720686
0.0875                    0.15155444566227672      1.4791240216138315
0.08730491199834382       0.14411132343482078      0.6403770046894267
0.01202225236650487       0.15651763635311178      0.00341472796304996
0.014070219020237511      0.1485868879658666       0.004306673032165077
0.1133883303536404        0.12008019951677487      0.8183160314113523
0.11527753946733776       0.12170454413779112      0.8270414598519576
0.1175667188079299        0.12298905324534765      0.8417599244325823
0.11507490447004604       0.12409455927970636      0.8128575933175668
0.11751464634127015       0.12494909716434113      0.8330473281664418
0.11449599933940491       0.12597237103712983      0.7973472640219426
0.11324913628120326       0.12530184802446237      0.7892055316397724
0.11333585194519967       0.12670784810811372      0.7822952665370108
0.111866168010583         0.12298829241919683      0.7882699498784237
0.11051770851966247       0.1192728491229238       0.7948526104023589
0.10639700944502388       0.117610650005238        0.7614829459567929
0.020107385166249145      0.15658861626766188      0.005342311333022137
0.022878736096713845      0.145995427953336        0.007512246318549629
0.11468687950224025       0.12758451668072318      0.7888003807551978
0.11613322449833531       0.12617308309264352      0.8135118922994206
0.11903080364734049       0.12436183882037703      0.8492750325939019
0.11128192424464478       0.1263878158226631       0.766671780436267
0.10893451097567357       0.12505973780384744      0.7522835907752349
0.11271319981928286       0.12826887457819006      0.7677021167691581
0.10718938583324382       0.1220409777312153       0.7477680376644155
0.10107181467269324       0.11547447735620989      0.7129083193072644
0.10230942937358534       0.12015979860388833      0.7028546815953268
0.09447022054547399       0.11233509583431608      0.6511520002293969
0.029025530628246914      0.1542912361357678       0.009703175761099051
0.033059428907680724      0.14324236927905595      0.015251101012761885
0.10655613128375926       0.12531424662603036      0.730079102777764
0.10829069103316742       0.12735640672228146      0.7393827699329631
0.11062716774969367       0.12909042632715034      0.7501816800057514
0.10352420703405277       0.12412684155780344      0.7028126964674768
0.09598378673812144       0.11989338713056141      0.6247285788644836
0.10006476129006972       0.12396576474698226      0.6642369180172729
0.08648605417194853       0.11884385710899702      0.49436850421124995
0.09174872858854191       0.12413981349497102      0.5520077154484362
0.07736516396959266       0.12437047812563422      0.33255425088002943
0.03888223960342435       0.1515175656354865       0.019220853800125528
0.04546054044914159       0.14150025054700874      0.03653435097564016
0.056414135660413124      0.13469335587853562      0.08652130696638999
0.10486511147545752       0.12768691504549892      0.7101688841527537
0.10764954946198671       0.13011124292316853      0.7292734488721929
0.10139058254325668       0.12806601552586028      0.6765686654355232
0.09535695352508439       0.1276445996604074       0.6034909504098105
0.0873326536530523        0.128740579481812        0.4811777050285925
0.06748949121595199       0.13156272502546248      0.18107973020986798
0.06400182793752571       0.14007989406680704      0.1257857057684902
0.0789985555276124        0.1338527131428532       0.33544531717722265
0.0482721981840465        0.15123764456947392      0.034804254563174944
0.05696226767267415       0.14623249495584145      0.0698235550516678
0.06606131187610863       0.1465092341814565       0.12611607692132581
0.10415732885008781       0.13127948337304035      0.7051430818711375
0.09938824903146509       0.1327133116554775       0.667900583000586
0.09382621975562834       0.1343189093816654       0.6101288243285641
0.0870920972054022        0.13642285382460073      0.5062720413470138
0.07299472804138228       0.14151127465187116      0.2239251098677138
0.08171719908029282       0.14050836774773853      0.4097260070498584
