% Model:              
% Version:            COMSOL 5.4.0.295
% Date:               Jul 2 2019, 02:03
% Dimension:          2
% Nodes:              163
% Expressions:        1
% Description:        Magnetic flux density norm
% Length unit:        m
% x                       y                        mfnc.normB (T)
0.006415696759932467      0.13288139622254969      0.0028768588591352295
0                         0.13579577551610478      0.002837434237897564
3.879400209700218E-18     0.1267108267952721       8.318058141236127E-4
0.010078570754878063      0.1263093663933137       0.0032683735244934966
0.007694044273395775      0.14065237441720274      0.0039701314657344415
0                         0.14518409279702493      0.0035861756593495516
0.007467851869683488      0.14883334122612635      0.003907616051996215
0                         0.1545724814334307       0.0029952335230876356
0.10524049435183214       0.11075482753538331      0.8857832803588607
0.10629126679892989       0.10629126679892989      0.945233627130468
0.10974806377168025       0.10974806377168025      0.9685725071833281
0.10079543656237352       0.10793208697909454      0.8376212269109194
0.10185455126730689       0.10185455126730689      0.9269406969382499
0.08923279258249427       0.09889796255452818      0.7725039455268701
0.08199200735832186       0.09660716514055435      0.7027090652227933
0.08959808487669098       0.08959808487669098      0.9682012855954278
0.0961597719509733        0.0961597719509733       0.9267318691917027
0.016213340644090694      0.13467727417464984      0.005885465307008267
0.021321715864167503      0.1249040354021805       0.00928112810394179
0.11244147722569761       0.11244147722569761      0.9916686914895475
0.10859177001904768       0.11323616762316716      0.9237699481480224
0.11454009361922167       0.11454009361922167      1.0123041539079276
0.11138322835310513       0.11537249389716743      0.9585483886684504
0.008525704586695992      0.1584326038904915       0.0030387040476702984
0                         0.16396087006983648      0.0015112971697321606
0.006589963970528576      0.16688951977532177      0.0016053142227061036
1.819684597729291E-17     0.17334925870624224      2.212064292841732E-4
0.09423170073308706       0.10506000086964715      0.7611434756043253
0.08386083897365032       0.10649424516633463      0.5726873500359696
0.07306922812324275       0.10352063334724608      0.4485271969963562
0.029534412391037566      0.13158641791492887      0.015686071713197136
0.032352868107475306      0.12251092013515266      0.023715653769349917
0.04122037042594488       0.12942367018411569      0.03686406605970853
0.04312726476352129       0.11914559438417595      0.056084824055929766
0.11625629392899087       0.11625629392899087      1.0305543660062104
0.11365059035817977       0.11703514409066351      0.9894477973956395
0.11779098218988727       0.11779098218988727      1.0474029533034288
0.11551048411852116       0.11849763431095443      1.015804680189768
0.009838591087305995      0.1730698345160718       0.0018485765703406892
0.053559429448944734      0.11483475582002584      0.12569186620372605
0.05308831404113577       0.12492936647114765      0.08857281813412239
0.06356654666149202       0.10961262597289513      0.2529397110372742
0.06367647360099173       0.12059706775366377      0.1814223270479651
0.07434331677622877       0.11467088218441888      0.3439371100607477
0.11866573336224161       0.12636617118360863      1.1161199321270623
0.11806933935043554       0.12468717203279384      1.084365421912857
0.11998250610902066       0.1251166005044994       1.0957266876201865
0.1173359475805581        0.12760188438803022      1.1674915164991992
0.11679768276372808       0.12591233369671068      1.0979249997509652
0.11722252743895158       0.11989232999533707      1.0404906820596869
0.11949295472980519       0.11949295472980519      1.0655561178732287
0.11951948251409124       0.12349068630815742      1.0798736685639005
0.12128612142192498       0.12385330938020896      1.0879436193343557
0.11906952044821181       0.1214860212560563       1.0654491211242727
0.12118712126925907       0.12118712126925907      1.0803666710299216
0.11599329458996643       0.128823604607886        1.276505065133746
0.11552074890454425       0.1272185260679443       1.1172918491054376
0.11446646889273666       0.1301821531287289       1.0057977667835865
0.11401562828589129       0.1282701092790338       1.0399392685576843
0.014612532902506994      0.1655835970392711       0.003335000321859635
0.02052142644106754       0.17213028946361397      0.00451660894046307
0.12076083126010485       0.12263544768683804      1.0812980265951664
0.12257643634484504       0.12257643634484504      1.0877321989837179
0.1122350482583899        0.1293823011535404       0.951411518847704
0.11254610785000074       0.13184589148630937      0.9139323314392028
0.02477519771686245       0.16358175909913758      0.006829091159575252
0.031125755413194657      0.17053197015211452      0.00899278784733002
0.11023054702123856       0.13378786192103598      0.8459471236273953
0.109843987357299         0.1306185437169456       0.8738822302954558
0.03399110379548299       0.16042353029421919      0.012733667735258837
0.04161095820476248       0.16828099610854816      0.017087386415535828
0.04335283182661716       0.1579405525852901       0.02322529787100751
0.05193691105092201       0.16538598116071476      0.03231268631528281
0.05356451914897628       0.1556186202427367       0.04469315342686792
0.06206164084539883       0.1618589454728419       0.06309445600863907
0.10741544803547855       0.13605839561504854      0.7909887542985649
0.10682931081273524       0.13218423525516768      0.8057619775133386
0.06307386421471772       0.15244524605261947      0.08671583317621767
0.07163274947687158       0.15785662702714584      0.1296295630384419
0.07190676689725571       0.1488251257008629       0.17391436107344047
0.07991407958815933       0.15383011856454187      0.29136576549406673
0.10377433595012682       0.13885551012514366      0.7443803305689559
0.1030857218185587        0.13412173218282092      0.7422383708975927
0.09829785804247551       0.13670439012515068      0.6804992291055073
0.09896325440767156       0.1423244173395631       0.7142307039279291
0.09289927316376387       0.13976071862510991      0.6339000308709833
0.09303070956412791       0.14627116110839666      0.7294542303255631
0.07922507113757293       0.14584697007865038      0.33101753813710416
0.08667462935312112       0.1501248617668065       1.057161147108304
0.08653044498742345       0.1428379437368569       0.5425602407500641
0.1143476237008986        0.1242651655342987       1.0174179696233925
0.11454665769484865       0.12261535592130128      1.0093601028926602
0.11619378341272267       0.1240037214556204       1.051767563766613
0.11102842504082007       0.1181640287506924       0.9420394854726029
0.11318550377476438       0.11938214994214573      0.9778668220366623
0.11495749257929788       0.12063018627049295      1.009015840544261
0.11665393196985979       0.12179266681300363      1.039559185858783
0.11794857649484958       0.12316556698854794      1.0652864430646247
0.11502769242681611       0.12559831160083604      1.052011149580666
0.11272423005687213       0.121621620442884        0.970418770211956
0.11124189760668426       0.12034454189754513      0.9414875413223547
0.1127207603318403        0.12365555355405163      0.9751080282701866
0.11324923672981065       0.12545284374924237      0.997270694868278
0.11405695235561147       0.1267368087788852       1.0351508010550323
0.014771602996283554      0.14474605061769294      0.005437083370797686
0.014366458692257358      0.15122192740897877      0.004906594855453691
0.10895391611970665       0.11989907902606928      0.8987590706547358
0.10809473488303215       0.11677345695972594      0.8951651071319185
0.10482163281316212       0.11523747267321875      0.8456190879623567
0.10091932285572126       0.11336823086635987      0.7901546019110954
0.09681194074505825       0.11144451180777601      0.7349083344740199
0.023677341468939933      0.14166127825468025      0.009377947754559154
0.0373330221808104        0.1365916107472797       0.02475144313655305
0.11031741304125808       0.12265583132593433      0.9205922186196426
0.10767765353102308       0.12220083799433337      0.86683195650639
0.11113940076735368       0.1253225043506491       0.9381137426218706
0.11246984653040017       0.12716792650254902      0.9766514383940049
0.021360951513414647      0.1494722126626651       0.0073579342523023145
0.018554300345664677      0.15723680499842055      0.005356101698516695
0.10531351415842993       0.11985647227092987      0.8301222253705175
0.10131683688550593       0.1182755166008166       0.7647319488482158
0.09650019231766123       0.11649791303893144      0.6897679111975886
0.09090657304975279       0.11263687636151651      0.6232431673161456
0.08425179127527048       0.11659547750974635      0.4791916677739179
0.03210573822847009       0.14207563374885376      0.015827137654200924
0.028136850584533905      0.14771784303438026      0.011303191721954532
0.0432480071497606        0.13708072293893386      0.035612699673022497
0.049858704188804275      0.13412105864875273      0.058242740512458924
0.040484147445209055      0.14276955157301785      0.026453657285490567
0.1054770891640023        0.12330104277041765      0.8197440223660489
0.10800118355083402       0.1251942785012698       0.8645484598568084
0.11007797651152422       0.12780855108040567      0.9024215425320673
0.027684956662250612      0.1551287298899792       0.009529135611733644
0.10243537225899013       0.12272554393146143      0.7642947968253601
0.09791071478394962       0.12196723467240032      0.6850547572037499
0.09151936208468356       0.1210202966021879       0.5758598643120537
0.061522106420387156      0.12826493698144212      0.13442759446670888
0.05701772180993654       0.1325577208406171       0.09342070967007046
0.06710726844211694       0.1279037255373695       0.18522998484874836
0.08515545109132035       0.12496706524120244      0.4496728220208608
0.07254833341663672       0.12396318130834726      0.26339047009234645
0.07938495999743068       0.12199047611928211      0.3690425007124641
0.03585526504959425       0.15025136061572303      0.017186863708075765
0.047941106407970856      0.14139584017458415      0.043569728512375776
0.05663670529807694       0.13933903128311803      0.07820414240092455
0.04570817887673649       0.14901829873863065      0.03213767679576792
0.10417455829115324       0.12632962347274743      0.7835920038537666
0.10707528640314332       0.1286763043969078       0.8301046044381991
0.1003382431050686        0.12651866316229063      0.7132375273646337
0.09535428205178823       0.1267654746987139       0.6246171803500008
0.09040628166319765       0.12720614401809716      0.53613630418154
0.08735270664114803       0.13032116865906387      0.4782812440039336
0.06443049866405993       0.13459094708319383      0.139312110262916
0.07140236043109498       0.13131585751124514      0.21908372085948905
0.0795976905407482        0.13095235461010368      0.34060125966509164
0.05520838252586035       0.1469402867441664       0.06021995166819507
0.06406912639394355       0.14357187112796307      0.11357004190462909
0.10332322458440377       0.12983591590412105      0.7565893147921714
0.09886533256722212       0.13108360801411353      0.6808333213524569
0.09279266580103783       0.132555472011584        0.5809010841653628
0.08636410555875912       0.13603846188265842      0.4724110643423394
0.07309151124685123       0.13915315542530218      0.22175583498611587
0.08100906466328338       0.13896896186509616      0.3690420606479425
