% Model:              
% Version:            COMSOL 5.4.0.295
% Date:               Apr 5 2019, 14:21
% Dimension:          2
% Nodes:              412
% Expressions:        6
% Description:        Magnetic flux density, x component, Magnetic flux density, y component, Magnetic field, x component, Magnetic field, y component, Remanent flux density, x component, Remanent flux density, y component
% Length unit:        m
% x                       y                        mfnc.Bx (T)              mfnc.By (T)              mfnc.Hx (A/m)            mfnc.Hy (A/m)            mfnc.Brx (T)             mfnc.Bry (T)
0.14219360751672513       0.16126369083392425      0.5138105849214295       -0.09902017230933731     -468574.15590840764      -494281.434856697        1.132079617784264        0.5531688160023436
0.1438630803671545        0.15977613747763975      0.3033236332571756       -0.2405951039452624      -628098.1502594117       -601578.3405126714       1.132079617784264        0.5531688160023436
0.1437843011638772        0.1621397186335401       0.4455769341167038       -0.0012158474798006358   -520287.1216740189       -420157.42651200097      1.132079617784264        0.5531688160023436
0.14229180296348892       0.16387910921410265      0.554031881927575        0.010735619342306898     -438091.21192700136      -411099.64069325244      1.132079617784264        0.5531688160023435
0.1401559414607037        0.16303776272159698      0.6051263202632723       -0.04290472921227243     -399367.7241859049       -451752.62460579287      1.132079617784264        0.5531688160023436
0.14556035790804242       0.16166115515568835      0.37281501697912073      0.09484483449155673      -575431.9730134915       -347354.8914047627       1.132079617784264        0.5531688160023436
0.1404795374205261        0.1661699620594801       0.6354751128568936       0.033319283206875494     -376366.9605756881       -393983.91813529097      1.132079617784264        0.5531688160023435
0.1375990658279023        0.1652013834182043       0.6776829626918138       -0.01814465831099536     -344378.4465827928       -432987.4451998689       1.132079617784264        0.5531688160023436
0.14501265706397484       0.1641185004863455       0.492627474972813        0.09329434752388666      -484628.4257102239       -348529.97552430676      1.132079617784264        0.5531688160023435
0.14771020838009488       0.16404880599496127      0.4621368562177495       0.1869731572796222       -507736.67662831343      -277532.61535482784      1.132079617784264        0.5531688160023436
0.13448512613686056       0.1677460904103361       0.7475877051023221       -0.012486429833056145    -291398.99277232593      -428699.18314554816      1.132079617784264        0.5531688160023436
0.13798242234163813       0.16922870792025435      0.7183588339147372       0.048787450004665965     -313550.9895842327       -382260.8933427276       1.132079617784264        0.5531688160023435
0.14687564754965954       0.16673023300797996      0.5454438866352697       0.18069696131229493      -444599.88765090756      -282289.22303108283      1.132079617784264        0.5531688160023435
0.1498585479377249        0.16643477879376778      0.5198745951574283       0.2526264187526906       -463978.3596987931       -227775.27681414437      1.132079617784264        0.5531688160023436
0.13086450243499342       0.17058570280783072      0.8206539158250358       -0.02255819195561955     -236023.52320321207      -436332.3770857942       1.132079617784264        0.5531688160023436
0.13503481631450184       0.17248483272427742      0.7984144152047019       0.051715843472967093     -252878.41108712353      -380041.5205055936       1.132079617784264        0.5531688160023435
0.13130941625649564       0.17596531897968623      0.8880332273673889       0.04181682834185344      -184958.04465990595      -387543.79283825174      1.132079617784264        0.5531688160023435
0.12628941794755286       0.17399995090363748      0.9118161296698045       -0.052656570165883466    -166933.44245751982      -459143.3564725223       1.132079617784264        0.5531688160023436
0.14915879687888123       0.16900804110496276      0.5804479222259197       0.24902523105936214      -418071.00530606677      -230504.54739697734      1.132079617784264        0.5531688160023435
0.15170777342351816       0.16848855176103086      0.5584906734762184       0.29807155596917284      -434711.9799499396       -193333.28525465578      1.132079617784264        0.5531688160023436
0.1266752948329518        0.18009080114725642      1.0058183590675736       0.02353026927688597      -95690.96878936153       -401402.8226826874       1.132079617784264        0.5531688160023435
0.12046839858537518       0.17807965897955644      1.0422436873207206       -0.12092273145219663     -68084.91619301292       -510880.9613040714       1.132079617784264        0.5531688160023436
0.12108359124388779       0.18479754884642974      1.1856845100514308       0.005563841713230007     40626.11227727669        -415019.23104677466      1.132079617784264        0.5531688160023435
0.11406151945723374       0.1822497456215154       1.2108411754846078       -0.2796590691903811      59691.86301727259        -631184.1651104364       1.132079617784264        0.5531688160023436
0.11496196460540178       0.18774566947818794      1.4174139554051322       -0.036866212790768474    216249.38222006144       -447176.14966567897      1.132079617784264        0.5531688160023436
0.10750000000000001       0.18619546181365432      2.2536815420775023       -0.32649752388301423     850040.4306316698        -666682.1250681428       1.132079617784264        0.5531688160023436
0.11194733272335358       0.19389846804866634      1.5732793225043906       0.28951976825182263      334376.7328423466        -199814.5199569836       1.132079617784264        0.5531688160023436
0.15371416317097808       0.1707168733241848       0.5928208556012592       0.3414731783107709       -408693.79812877165      -160440.034140975        1.132079617784264        0.5531688160023436
0.15083713625199788       0.17150433064357096      0.6185957833297606       0.2948199542236382       -389159.47833911754      -195797.6114011704       1.132079617784264        0.5531688160023435
0.12171511108879195       0.1941215753910888       1.268651999654452        0.24303497440341193      103505.56983083037       -235044.44719308973      1.132079617784264        0.5531688160023435
0.1175365816167529        0.20357933110818205      1.3130301183899167       0.44699705532130807      137138.88869686957       -80465.52632931684       1.132079617784264        0.5531688160023436
0.15268733430495413       0.1740610005616547       0.6513351519935558       0.3386360610500039       -364346.94330792286      -162590.23050374832      1.132079617784264        0.5531688160023435
0.15607667671814274       0.1733407104361194       0.6267756643159109       0.38709382098893075      -382960.1045636451       -125865.03038260249      1.132079617784264        0.5531688160023436
0.1285138810134152        0.20388634525949756      1.1639350791156093       0.41260815909301957      24142.638739792154       -106528.20643506137      1.132079617784264        0.5531688160023435
0.1238480514009054        0.21451111744476997      1.1837975597756152       0.5230041045871797       39196.02911649252        -22861.252041256386      1.132079617784264        0.5531688160023436
0.15480846422277003       0.1776597317462957       0.6932423446827659       0.38703611022091483      -332586.2915574831       -125908.76825878995      1.132079617784264        0.5531688160023435
0.15911377185190417       0.1767137463004017       0.6630220440601339       0.4401655591416886       -355489.6735851735       -85642.98530883992       1.132079617784264        0.5531688160023436
0.134954374538995         0.21443038391719627      1.111833494517827        0.5056314729624075       -15344.145696672675      -36027.63393457585       1.132079617784264        0.5531688160023435
0.1300083756990153        0.22518111212019734      1.1257951433256241       0.5561311242708601       -4762.881784891968       2245.076209030433        1.132079617784264        0.5531688160023436
0.1630169037728039        0.18104861345878226      0.7014475373803011       0.5023470229118155       -326367.73452493903      -38516.85517690983       1.132079617784264        0.5531688160023436
0.15717940625200275       0.1818646962540314       0.7352106792809191       0.4376534598752571       -300779.30153543217      -87546.85681260221       1.132079617784264        0.5531688160023435
0.1419233361843863        0.22534702043469898      1.0943918171018867       0.5558074421052951       -28562.85606124981       1999.7637488383255       1.132079617784264        0.5531688160023435
0.1370433146384681        0.23736598379147436      1.105666993678316        0.5676747599039828       -20017.617554713215      10993.774648379092       1.132079617784264        0.5531688160023436
0.14987465313233178       0.2377501409122816       1.1068063859463302       0.5777116792482861       -19154.094166260205      18600.56192009601        1.132079617784264        0.5531688160023435
0.14406205532736363       0.24952279926979237      1.113666944461192        0.5626010694214831       -13954.609404300898      7148.522648340433        1.132079617784264        0.5531688160023436
0.1527238887371359        0.2496881526242168       1.1246253761963865       0.5693596181837461       -5649.425693866163       12270.696189491759       1.132079617784264        0.5531688160023436
0.15000000000000002       0.25980762113533157      1.12788424907471         0.5522612425229524       -3179.588896278926       -687.832406972456        1.132079617784264        0.5531688160023436
0.16103994241124023       0.1880521358188585       0.7860239513137021       0.5097965714170564       -262268.90430357243      -32870.98627971023       1.132079617784264        0.5531688160023435
0.16803318713690724       0.18661976054088492      0.7425797813341619       0.5763524652477585       -295194.40145008825      17570.43988722129        1.132079617784264        0.5531688160023436
0.15898291174706047       0.2544099718415658       1.1387428665157022       0.5667352581213089       5049.947488853365        10281.74439715915        1.132079617784264        0.5531688160023436
0.16579100625338003       0.19552528403212424      0.8398091448650273       0.5887348844972253       -221506.14516620213      26954.836225263618       1.132079617784264        0.5531688160023435
0.17448147408386128       0.19378130872338178      0.7893685482710341       0.66768206671601         -259734.09888257468      86787.3804790549         1.132079617784264        0.5531688160023436
0.16774570960808718       0.24871947432414523      1.153156625387808        0.5867462907657895       15973.856884235553       25447.719453075242       1.132079617784264        0.5531688160023436
0.1594126411886501        0.24381149185626946      1.1274706017102536       0.5865454074134934       -3493.0842427085167      25295.47384115716        1.132079617784264        0.5531688160023435
0.17175489526408105       0.2048343463993366       0.9090606432680842       0.6764468464593357       -169021.77236921657      93430.03772315964        1.132079617784264        0.5531688160023435
0.1827264766555402        0.20293831176428725      0.8527836952942559       0.7907784107915226       -211672.98404616988      180079.7216036195        1.132079617784264        0.5531688160023436
0.17636559893686754       0.2426832823077021       1.1779752728219037       0.6187833288989284       34783.43031276574        49727.97174313519        1.132079617784264        0.5531688160023436
0.16723573263239175       0.23760993519534104      1.131687505244247        0.6179955257467413       -297.174519009649        49130.91095335449        1.132079617784264        0.5531688160023435
0.17974736109036965       0.21581467922246475      1.019522297963486        0.7724026100010449       -85305.0182412009        166153.0571794459        1.132079617784264        0.5531688160023435
0.19218686299925508       0.21344513523273623      0.9490865188446239       0.9701680020558611       -138686.93451403815      316035.62726530596       1.132079617784264        0.5531688160023436
0.17437338319379844       0.2325949583440162       1.1392543283845529       0.6624394546980684       5437.57455852276         82814.10611063398        1.132079617784264        0.5531688160023435
0.18472784382634896       0.23638025238007498      1.2234309716719853       0.6742369595482733       69233.42633032314        91755.20712520888        1.132079617784264        0.5531688160023436
0.1824177235021753        0.22683311317111843      1.1525824287396116       0.7498601589137012       15538.684337248787       149068.56898916946       1.132079617784264        0.5531688160023435
0.19283074277385465       0.22981798154470728      1.319509010296646        0.7906390150059934       142049.11570979372       179974.07623069975       1.132079617784264        0.5531688160023436
0.1891599477767999        0.2218883998394713       1.1346229065292683       0.8884749447782845       1927.5094070352075       254122.03735094564       1.132079617784264        0.5531688160023436
0.2007391819076575        0.22294344764321827      1.548688810720019        1.1791464591525598       315740.0590154786        474416.3627255782        1.132079617784264        0.5531688160023436
0.14381222841992383       0.16729843601280808      0.5969672429065025       0.11513649694526358      -405551.331292567        -331976.2324378119       1.132079617784264        0.5531688160023435
0.1463686178479737        0.16954524770690257      0.6131933610805925       0.19572191066710073      -393253.8697944735       -270902.10417621274      1.132079617784264        0.5531688160023435
0.14411908657284045       0.17052612402837647      0.6561202947243027       0.16331703329479969      -360720.3760745961       -295461.13471949095      1.132079617784264        0.5531688160023436
0.14140139964700835       0.1700653155313888       0.6829513395938126       0.11054717368119653      -340385.6455064868       -335454.39188030193      1.132079617784264        0.5531688160023435
0.14607445489607415       0.1724908941394915       0.6707126450599133       0.21793548133953897      -349661.1156591622       -254066.86809888083      1.132079617784264        0.5531688160023435
0.14826070038074393       0.17135023111786968      0.6321018306988877       0.2473186943261234       -378923.5059561182       -231797.89861918133      1.132079617784264        0.5531688160023436
0.14293873205322222       0.1732307267512913       0.7150197215628675       0.17368864602773124      -316081.6383287055       -287600.6897943438       1.132079617784264        0.5531688160023435
0.13902197633007474       0.17387216716652212      0.7696701453417815       0.12261851947860403      -274663.13791689114      -326305.7521020687       1.132079617784264        0.5531688160023435
0.13654545438694865       0.177511009061035        0.8480841075123946       0.13073929067905557      -215234.7108365389       -320151.1764912584       1.132079617784264        0.5531688160023435
0.14562975131505923       0.17520343591643966      0.7190890748310981       0.2354032011468709       -312997.55410096224      -240828.4207089708       1.132079617784264        0.5531688160023436
0.1488495578144457        0.17420300701022806      0.6767607803104091       0.2782237952557715       -345077.35079437774      -208375.5196681936       1.132079617784264        0.5531688160023435
0.14248600842051676       0.17815438446176485      0.7920229776910757       0.21813467816982068      -257722.35810501204      -253915.90066941618      1.132079617784264        0.5531688160023435
0.13244369941772166       0.1811214646829643       0.9451559897892311       0.11944795915110162      -141665.80655276237      -328708.6585234643       1.132079617784264        0.5531688160023435
0.1383285487663848        0.18234032644340617      0.8902029271464998       0.20864072980742657      -183313.67111290156      -261111.1807233887       1.132079617784264        0.5531688160023435
0.14747956222523545       0.17802965152908432      0.7450295444182741       0.28686895047181526      -293337.77333465737      -201823.52354233628      1.132079617784264        0.5531688160023435
0.15097796532705507       0.17678150516348565      0.7020882056921904       0.32825960510280827      -325882.18438817956      -170454.346007422        1.132079617784264        0.5531688160023436
0.1430461172313496        0.18337450375616335      0.8538321311856804       0.276164924175123        -210878.39473838327      -209935.8982856896       1.132079617784264        0.5531688160023436
0.14633387602220332       0.18156779154662112      0.8018964059818348       0.3007510631865687       -250239.47754435643      -191302.5384989465       1.132079617784264        0.5531688160023436
0.12840819896422687       0.18659703161026084      1.0734440341982696       0.14476307239763686      -44438.776041852405      -309522.82324671565      1.132079617784264        0.5531688160023435
0.13474218622300238       0.1858490080748893       0.9730571551257434       0.20786262565262295      -120520.05235595186      -261700.8908304236       1.132079617784264        0.5531688160023436
0.14070782682921268       0.18803158865201583      0.9287511497370864       0.29624096748253675      -154098.71790957535      -194720.6529042522       1.132079617784264        0.5531688160023435
0.15121096055461497       0.1815256729540182       0.7649424617939233       0.3622463221908115       -278246.1579455379       -144696.46970255775      1.132079617784264        0.5531688160023435
0.14737432611843052       0.18677842767700878      0.8549546814454132       0.35519479952173294      -210027.63558264243      -150040.68250783585      1.132079617784264        0.5531688160023435
0.13378931097900554       0.1936017915189362       1.0568894450389978       0.2990758163087521       -56985.17935401243       -192572.17574420248      1.132079617784264        0.5531688160023435
0.14332682708197633       0.19433052335760242      0.961037736554229        0.38002911095726816      -129629.33749284258      -131219.23763522157      1.132079617784264        0.5531688160023435
0.1508384628872616        0.192701884995057        0.8890375985762136       0.4341173540964768       -184196.85112379334      -90226.80306969132       1.132079617784264        0.5531688160023436
0.1545139503055941        0.18801387805210482      0.8192186643998068       0.4411016728575357       -237111.2725313306       -84933.52280801516       1.132079617784264        0.5531688160023435
0.13926478686127378       0.203143552812031        1.053013324316156        0.43285206705737594      -59922.81636858961       -91185.73967303887       1.132079617784264        0.5531688160023435
0.1505760662414989        0.20215021289821616      0.9673332928980425       0.49114607796355475      -124858.05696126427      -47005.834966509385      1.132079617784264        0.5531688160023435
0.15770379180423316       0.19523943667413754      0.872968392932819        0.5117958016356344       -196375.3916462049       -31355.80831939892       1.132079617784264        0.5531688160023435
0.14562034173309615       0.21353434586813808      1.0539221570245245       0.5245459566080183       -59234.02961630188       -21692.71218110078       1.132079617784264        0.5531688160023435
0.1556405671521762        0.2121238780230723       1.0087198123091623       0.5677047827734077       -93492.01342960511       11016.528401116217       1.132079617784264        0.5531688160023436
0.16173251199620375       0.204624525052632        0.9359988368439436       0.5868529885383377       -148605.83586652912      25528.583633636823       1.132079617784264        0.5531688160023435
0.15404438450391642       0.2238242621153506       1.0694821350597932       0.5839540434101069       -47441.42286051939       23331.52912454107        1.132079617784264        0.5531688160023435
0.15991295134640182       0.23469127629416858      1.1080430862635047       0.6024570441794384       -18216.82288720471       37354.595955361365       1.132079617784264        0.5531688160023436
0.1660505415051315        0.21632196960112948      1.01795693963838         0.6439645671566835       -86491.37307525167       68812.34575216591        1.132079617784264        0.5531688160023435
0.1660130322334119        0.22766138609408734      1.088612204042864        0.6370399965287153       -32943.1131445922        63564.347446308464       1.132079617784264        0.5531688160023435
0.17369593809090966       0.22433791785755208      1.0864427041979767       0.6910358156409998       -34587.3351653109        104486.73562733666       1.132079617784264        0.5531688160023436
0.14929385760081476       0.15713473719924323      0.29324488204852006      0.3420019948211777       -172769.24069388004      -610202.336957558        0.5212085245271957       1.1471450099966367
0.14717762777466806       0.15672825489560352      0.23178780940556573      0.31715357679998873      -219346.3687847556       -629034.4729389198       0.5212085245271958       1.1471450099966367
0.14881078238213738       0.15517844904114786      0.2544088441706274       0.37739781477244283      -202202.3235432643       -583376.5288145363       0.5212085245271958       1.1471450099966367
0.1477141866725448        0.1586433045001471       0.2876389385716138       0.26910191155058727      -177017.8769559914       -665451.9017400593       0.5212085245271957       1.1471450099966367
0.14552833348177205       0.15826087373074296      0.18797030718248978      0.2250471384438032       -252554.80722638732      -698840.1632007096       0.5212085245271958       1.1471450099966367
0.14621309388678966       0.15978542583524724      0.2908920070442661       0.17254349391347115      -174552.43920532955      -738631.6610928149       0.5212085245271958       1.1471450099966367
0.1438630803671545        0.15977613747763975      0.08675125762882518      -0.0037306143002536762   -329266.76947176456      -872226.4023372433       0.5212085245271958       1.1471450099966367
0.15094424030540554       0.15570159871411648      0.30208284944613584      0.3949572865366531       -166071.11594047258      -570068.5443890286       0.5212085245271957       1.1471450099966367
0.15042761821037356       0.15361162612105272      0.26850288686960005      0.42448007525988496      -191520.72085902747      -547693.7931549333       0.5212085245271958       1.1471450099966367
0.15202795795510773       0.15202795795510773      0.27838054541828366      0.4642229120791678       -184034.6342676136       -517573.46490596444      0.5212085245271958       1.1471450099966367
0.15267035765564355       0.1542140968455719       0.3098302129070328       0.4397207703782926       -160199.5388417522       -536143.1647537375       0.5212085245271957       1.1471450099966367
0.14556035790804242       0.16166115515568835      0.40570142753511673      0.10777350607335734      -87540.59737373516       -787719.5836107009       0.5212085245271958       1.1471450099966367
0.15376965435742518       0.1502660753423672       0.286619672847337        0.5023492692300888       -177790.3587576238       -488678.23536950676      0.5212085245271958       1.1471450099966367
0.15449231366695956       0.15258582825074313      0.3160135731125962       0.48043619890572004      -155513.28959588017      -505285.72803828586      0.5212085245271957       1.1471450099966367
0.14841800777637798       0.16121746022472117      0.3871833653979806       0.24222686598416562      -101575.07892424986      -685819.9795863256       0.5212085245271957       1.1471450099966367
0.14771020838009488       0.16404880599496127      0.48556264847114966      0.20919561395227473      -27015.320834098926      -710853.727383419        0.5212085245271958       1.1471450099966367
0.15591520852040652       0.14803866978610053      0.29473263650924886      0.5441062326040128       -171641.70032944193      -457031.43951490085      0.5212085245271958       1.1471450099966367
0.15687822703124632       0.1507251908637553       0.325472889524918        0.523039806076079        -148344.25642782627      -472997.2772063433       0.5212085245271957       1.1471450099966367
0.1498585479377249        0.16643477879376778      0.542159656271796        0.2760665927552987       15878.458002488827       -660173.5044029687       0.5212085245271958       1.1471450099966367
0.15088225694618382       0.1634575816996006       0.46848100400823234      0.30116004149624725      -39961.169178916105      -641155.6643727539       0.5212085245271957       1.1471450099966367
0.15954788989326651       0.14879425255863296      0.3359947519422554       0.5627024969458962       -140369.94016948302      -442937.69002416614      0.5212085245271957       1.1471450099966367
0.15859210710086358       0.14516729509537674      0.30364113613221017      0.5903233392752533       -164890.12056502968      -422004.3872190279       0.5212085245271958       1.1471450099966367
0.162950166741183         0.1458714370425554       0.3455927858790499       0.6094277565780752       -133095.7756694611       -407525.51841600676      0.5212085245271957       1.1471450099966367
0.16185104605357029       0.14152469357453143      0.31483682912709937      0.6399401260301766       -156405.12112943002      -384400.78306482546      0.5212085245271958       1.1471450099966367
0.15170777342351816       0.16848855176103086      0.5801195379045848       0.3223410110012174       44647.51895982974        -625103.0167718269       0.5212085245271958       1.1471450099966367
0.1531225560807591        0.16568952622384941      0.5220808430593978       0.3473117404887461       661.113363574453         -606178.1832930138       0.5212085245271957       1.1471450099966367
0.16695896397610066       0.14226313263197576      0.35762810232099324      0.6556912652973623       -123974.44184369706      -372463.2989043423       0.5212085245271957       1.1471450099966367
0.1657277881137935        0.13696459486637244      0.3312370729568877       0.6913581962669765       -143975.69316074825      -345432.0209580017       0.5212085245271958       1.1471450099966367
0.15371416317097808       0.1707168733241848       0.6144353807550987       0.3659027477398893       70654.83332184858        -592088.4180497915       0.5212085245271958       1.1471450099966367
0.15503269565885758       0.16784309039879616      0.5623963168462155       0.38305430527923784      31215.432107687473       -579089.5839349705       0.5212085245271957       1.1471450099966367
0.17152820254222742       0.13788301815267193      0.37457770243704575      0.6978211113079998       -111128.66735845552      -340533.9025029455       0.5212085245271957       1.1471450099966367
0.1699148403062013        0.13173438064422704      0.3569322118277152       0.7395580865269878       -124501.84380491544      -308902.25528482225      0.5212085245271958       1.1471450099966367
0.1739386537906137        0.1263738292428817       0.39998019301957394      0.7707109843969902       -91876.61048676656       -285292.0758198325       0.5212085245271958       1.1471450099966367
0.17465271226687648       0.13306115074722702      0.3888373079660733       0.7278089578439275       -100321.58780376388      -317806.69293687853      0.5212085245271958       1.1471450099966367
0.17989100414854298       0.13069846491950524      0.41185677393901154      0.7322162948228733       -82875.57924696          -314466.4573841598       0.5212085245271958       1.1471450099966367
0.15607667671814274       0.1733407104361194       0.6483365923680356       0.4116142155873333       96347.90667900706        -557444.5796502345       0.5212085245271958       1.1471450099966367
0.15751063925073974       0.17004176969407284      0.595587044220068        0.42547789648528805      56370.043185611816       -546937.5637247193       0.5212085245271957       1.1471450099966367
0.17942612195045557       0.13908377835029204      0.41321784205854334      0.7054515658737829       -81844.05201311102       -334750.9283973145       0.5212085245271957       1.1471450099966367
0.18714821162981998       0.13597113478921166      0.4290010011795868       0.7205650190767754       -69882.30062396819       -323296.7341856751       0.5212085245271958       1.1471450099966367
0.1604490757947899        0.17238429627231222      0.6242562927998836       0.4707607240688308       78097.91283422116        -512618.583500439        0.5212085245271957       1.1471450099966367
0.15911377185190417       0.1767137463004017       0.6846483559326564       0.4646486365178441       123867.89079183356       -517250.8165782961       0.5212085245271958       1.1471450099966367
0.1862792360441147        0.14682331557049602      0.44580581331368974      0.7043780180134976       -57146.258153143695      -335564.54958117224      0.5212085245271957       1.1471450099966367
0.19629838257619076       0.1426191231202691       0.43933991916676596      0.7260226548276708       -62046.63441500972       -319160.49748400814      0.5212085245271958       1.1471450099966367
0.16464498632945376       0.1753715657612714       0.6530713141275267       0.5288947168650127       99936.26083228197        -468559.9534281487       0.5212085245271957       1.1471450099966367
0.1630169037728039        0.18104861345878226      0.7231009931762585       0.5267857801393667       153010.40170725647       -470158.27583078964      0.5212085245271958       1.1471450099966367
0.20748880012500434       0.1507494373756197       0.43218359960527186      0.7584672857280769       -67470.27076051933       -294571.3385097621       0.5212085245271958       1.1471450099966367
0.19460221645322495       0.15672680261868788      0.47781287720336874      0.7365144955435226       -32888.72276314117       -311208.93409324327      0.5212085245271957       1.1471450099966367
0.16803318713690724       0.18661976054088492      0.764562294954207        0.6005838420587589       184433.12135004354       -414228.15037806093      0.5212085245271958       1.1471450099966367
0.17070166113242238       0.17950182654014668      0.6826577150920987       0.6048214793569642       122359.22255518893       -411016.5269350135       0.5212085245271957       1.1471450099966367
0.2067287183867056        0.164311263094608        0.4714427169877741       0.8028399860048535       -37716.54412789939       -260942.12618888522      0.5212085245271957       1.1471450099966367
0.22003189741562074       0.15986253099016132      0.40136888737675275      0.8176402486877032       -90824.14586110545       -249725.29302205643      0.5212085245271958       1.1471450099966367
0.17448147408386128       0.19378130872338178      0.8124216178612884       0.690961025267164        220704.77760572534       -345733.02918596804      0.5212085245271958       1.1471450099966367
0.1776983303957282        0.18524515303473385      0.7163890911221769       0.6911413495580113       147923.58080508615       -345596.36488954956      0.5212085245271957       1.1471450099966367
0.21925554965364935       0.1727658824771799       0.43475905264914566      0.8846131198350717       -65518.38465274033       -198967.84780224573      0.5212085245271957       1.1471450099966367
0.23233717576859483       0.16880283903254076      0.352314360639667        0.8848149984902777       -128001.62400987092      -198814.84786948006      0.5212085245271958       1.1471450099966367
0.23128104406442077       0.17753004335522568      0.36782195448930644      0.9401090740324713       -116248.71821638712      -156908.53622073345      0.5212085245271958       1.1471450099966367
0.2427050983124842        0.17633557568774194      0.2587985016831346       0.945319503803897        -198875.48691661673      -152959.65215523078      0.5212085245271958       1.1471450099966367
0.18571465410492044       0.19207089494066204      0.747836502502711        0.7955635729786813       171756.96637011648       -266456.7790512356       0.5212085245271957       1.1471450099966367
0.1827264766555402        0.20293831176428725      0.8795538655672505       0.8105215878559061       271583.0112403606        -255120.38854384306      0.5212085245271958       1.1471450099966367
0.23640140300654325       0.18470077600415724      0.34073812790933844      1.006577438460791        -136775.02715946126      -106533.44689692107      0.5212085245271958       1.1471450099966367
0.19572599657956338       0.20160007611329192      0.7825290362202473       0.9627742357135816       198049.7674631074        -139731.04804203968      0.5212085245271957       1.1471450099966367
0.19218686299925508       0.21344513523273623      0.9954717744909723       0.9722096281459914       359434.95504077227       -132580.14639618306      0.5212085245271958       1.1471450099966367
0.22984002181672147       0.19280447186538208      0.40778096996155916      1.053393362610589        -85964.55234260358       -71052.56240237082       0.5212085245271958       1.1471450099966367
0.22507183304647208       0.18394448370244013      0.4246203103968264       0.974643537791772        -73202.34153936543       -130735.53329539714      0.5212085245271957       1.1471450099966367
0.22296725704768217       0.20071273573102608      0.47825986373047025      1.11003946438058         -32549.960309409373      -28121.576194843976      0.5212085245271958       1.1471450099966367
0.21822406616642925       0.19125945904186725      0.4993059929122288       1.0131341369139741       -16599.50558451669       -101564.25180555426      0.5212085245271957       1.1471450099966367
0.21579018324658525       0.2084096850302429       0.5660555385582194       1.1904806160987662       33988.685552138086       32843.218681129576       0.5212085245271958       1.1471450099966367
0.21278024817968938       0.198135725687278        0.5754772658834703       1.0578847780393206       41129.23067726981        -67648.60541683827       0.5212085245271957       1.1471450099966367
0.2008693275004374        0.21113914642632692      0.8534010368732678       1.1311248806807195       251762.2876094897        -12141.34652190297       0.5212085245271958       1.1471450099966367
0.2007391819076575        0.22294344764321827      1.0992508991768561       1.6270604527797046       438087.14877176547       363718.64278600446       0.5212085245271958       1.1471450099966367
0.2084017640076336        0.2157978330718511       0.7062722132798621       1.3286087393195032       140256.19453241347       137527.85482678044       0.5212085245271958       1.1471450099966367
0.20635431060651963       0.20527038103866882      0.6936277826819781       1.1109671124090164       130673.22485510087       -27418.529674962618      0.5212085245271957       1.1471450099966367
0.1496426730586342        0.15884048859616173      0.33644522744690164      0.31512538458319217      -140028.5334870722       -630571.6006381755       0.5212085245271958       1.1471450099966367
0.1513683239494743        0.15784994663623264      0.3436826399680107       0.3667766226654665       -134543.4383540737       -591426.1251257454       0.5212085245271957       1.1471450099966367
0.15312856416968262       0.15637423019809715      0.344290138311842        0.4163217004746305       -134083.02709530757      -553876.8677962166       0.5212085245271957       1.1471450099966367
0.1518289256849867        0.16042941817426554      0.4024283399668499       0.3439313268189607       -90021.20721022226       -608740.1335084509       0.5212085245271957       1.1471450099966367
0.15330263490850704       0.15840206247112915      0.3785258475376367       0.3945322364684466       -108136.44445939315      -570390.6816243457       0.5212085245271958       1.1471450099966367
0.15500145162633217       0.15498333983431412      0.3485035607594211       0.4578996037409077       -130889.7556197525       -522365.77813800395      0.5212085245271957       1.1471450099966367
0.15536212099672575       0.15739868098606774      0.38443136579360154      0.43719875862988095      -103660.76625960157      -538054.5487360973       0.5212085245271957       1.1471450099966367
0.15435529581715934       0.1629255007860384       0.47089697203400654      0.3788731443603009       -38130.15368532591       -582258.4050212157       0.5212085245271957       1.1471450099966367
0.15488290097443713       0.16020320121883963      0.4246648858105404       0.40495189517502506      -73168.55869444669       -562493.8235839531       0.5212085245271957       1.1471450099966367
0.15662301570854786       0.15334422281496607      0.3475305307478962       0.4936646838605019       -131627.1962678999       -495260.1148469987       0.5212085245271958       1.1471450099966367
0.15768714750919197       0.15567677086730727      0.38340066903926884      0.4833159452966458       -104441.91141808165      -503103.2238813008       0.5212085245271957       1.1471450099966367
0.1565426697568889        0.1649060139326554       0.513104655116912        0.41135876778546115      -6141.766070561328       -557638.178604377        0.5212085245271957       1.1471450099966367
0.15811444186995613       0.1587002181091216       0.4253437504292874       0.46502055599550124      -72654.06031461908       -516968.9459911471       0.5212085245271957       1.1471450099966367
0.15788378675547599       0.16203693032582         0.471783750785206        0.44273776864864445      -37458.0812011247        -533856.6400488508       0.5212085245271957       1.1471450099966367
0.15976660293191777       0.1529748226174541       0.37267597307245925      0.5281706580762828       -112569.95130510765      -469108.7035963177       0.5212085245271957       1.1471450099966367
0.16022487081207876       0.15642780498474532      0.41171232837597094      0.5063487556134604       -82985.05174870093       -485647.1019040672       0.5212085245271958       1.1471450099966367
0.15791195939263208       0.16733744696244154      0.5539140403939361       0.4302445391461209       24786.87865029583        -543325.0173369849       0.5212085245271958       1.1471450099966367
0.1601896388553391        0.16476759194436064      0.5190686384058293       0.46717831186401376      -1621.7783517581702      -515333.6245032456       0.5212085245271957       1.1471450099966367
0.16235201763052867       0.16025232916576868      0.4678401753337984       0.5099897804074047       -40446.840851350295      -482887.6395522749       0.5212085245271957       1.1471450099966367
0.16368443178083303       0.150577666046306        0.382078604843116        0.5792059180278587       -105443.87833190325      -430430.0660093027       0.5212085245271957       1.1471450099966367
0.16373009930838558       0.1553406594340136       0.422614853629017        0.5493631651597771       -74722.238481051         -453047.3118875171       0.5212085245271957       1.1471450099966367
0.16662163274539085       0.1577407175997959       0.4587436101584622       0.5650780411341312       -47340.95186474242       -441137.3109761147       0.5212085245271958       1.1471450099966367
0.16776835900483758       0.14753634731131923      0.38826872630023584      0.6253546768140333       -100752.50486409455      -395454.81325513497      0.5212085245271957       1.1471450099966367
0.16064273109563754       0.16854079576008568      0.5719012480007958       0.46971850156711165      38419.0358076857         -513408.46380020195      0.5212085245271957       1.1471450099966367
0.1643233179957366        0.1653882911405635       0.5343243705320713       0.5192493153461274       9940.246307181           -475870.0169035613       0.5212085245271957       1.1471450099966367
0.16795972812460286       0.16194967639544855      0.5038360147219354       0.5653362918311519       -13166.289568664857      -440941.5877618872       0.5212085245271957       1.1471450099966367
0.16838129375454347       0.1533245917553985       0.4296318744655519       0.5987023629977762       -69404.1739481302        -415654.08701081946      0.5212085245271957       1.1471450099966367
0.17023807632203108       0.15776234892681265      0.47132585264980154      0.5966633209546132       -37805.11335199226       -417199.4375838747       0.5212085245271958       1.1471450099966367
0.17262685103160746       0.14412102647463465      0.3983857094247198       0.6669298275676235       -93085.03880009979       -363945.809673113        0.5212085245271957       1.1471450099966367
0.1721100914825615        0.14959061178849603      0.4218339989348118       0.6392568839482914       -75314.03316876173       -384918.5990393989       0.5212085245271958       1.1471450099966367
0.1648815214583883        0.17023676257885623      0.5922234082403507       0.524284436510682        53820.80845735584        -472053.99584448774      0.5212085245271957       1.1471450099966367
0.1699142708099232        0.16658259099886127      0.5520281789430512       0.5790426151788829       23357.6206888921         -430553.83008375746      0.5212085245271957       1.1471450099966367
0.1744359081657861        0.16170955847861496      0.5116310452220597       0.6232938406289624       -7258.586541774967       -397016.6811873096       0.5212085245271957       1.1471450099966367
0.17451636563776446       0.15472379118104607      0.4613122199129025       0.6365608102882333       -45394.252153822286      -386961.90118196135      0.5212085245271957       1.1471450099966367
0.1781877637371018        0.14843028958442672      0.4368814145445774       0.672680886784819        -63909.887573274435      -359587.19299487077      0.5212085245271957       1.1471450099966367
0.1706376280950222        0.17270034270998974      0.6136642583534855       0.5895879193888663       70070.41455067886        -422561.74774363055      0.5212085245271957       1.1471450099966367
0.1747025317364408        0.16835104144082924      0.5680499935923615       0.623892166397342        35500.24449241536        -396563.22164627694      0.5212085245271958       1.1471450099966367
0.18074510788521772       0.16636069602922057      0.5473222313647605       0.6714688416297077       19791.073931671697       -360505.778602902        0.5212085245271957       1.1471450099966367
0.18234715826575237       0.15695900614621908      0.4860849961697045       0.6800765937687655       -26619.4436043957        -353982.12954651675      0.5212085245271957       1.1471450099966367
0.187663509937057         0.16393858956104124      0.5226272352476061       0.7146409237112111       1075.2134474798338       -327786.4916179481       0.5212085245271958       1.1471450099966367
0.17851304788740371       0.17463952818438092      0.6178304455157344       0.6668428794125457       73227.8873160023         -364011.7060001288       0.5212085245271957       1.1471450099966367
0.18590952189824916       0.17045309216815965      0.5680465114598876       0.7151226762828513       35497.605451483374       -327421.38065069204      0.5212085245271958       1.1471450099966367
0.19476500126505916       0.16886262930715526      0.5340163270723262       0.7662095113411965       9706.786120011733        -288703.65528661595      0.5212085245271957       1.1471450099966367
0.18924435805650006       0.1798074522421695       0.6259555971710019       0.7701614381258599       79385.78278889332        -285708.566322252        0.5212085245271957       1.1471450099966367
0.2043277890634621        0.17789334617783403      0.5405064861166359       0.8568774194460902       14625.55227884248        -219988.1993118752       0.5212085245271957       1.1471450099966367
0.19788025112558366       0.18962034163511576      0.6543695961992763       0.8885457077508673       100920.20373345599       -195987.41539299654      0.5212085245271957       1.1471450099966367
0.21546276092279745       0.18398564944408066      0.49577167686280366      0.9460425722341383       -19278.095440302615      -152411.6525606279       0.5212085245271958       1.1471450099966367
0.2079910642341057        0.1897320586546026       0.5788727001422074       0.9558046042002751       43702.56470689629        -145013.19712238133      0.5212085245271957       1.1471450099966367
0.20436458273463448       0.19673594176986905      0.6537925899127803       0.9954436789388476       100482.9018158802        -114971.50814984381      0.5212085245271958       1.1471450099966367
0.19849236791337416       0.09456991567348656      0.7081656334856244       0.7268148354488755       81064.26038088695        -288376.2588642143       0.6012038618354849       1.1073183447022357
0.1964122733931592        0.08744837826129705      0.914715449385409        0.7753920324407153       237604.3755959901        -251560.53970802354      0.6012038618354849       1.1073183447022357
0.20436259078138294       0.09098808761984148      0.6998751494251115       0.5961648970195599       74781.0626720526         -387393.32322458253      0.6012038618354849       1.1073183447022357
0.19316201607078487       0.09441099272579331      0.6971132103196066       0.837447222355341        72687.84238081505        -204530.1100917426       0.6012038618354849       1.1073183447022357
0.19635894583396574       0.10100320450354054      0.6146290872970442       0.7654233127739376       10174.719020620718       -259115.63976166677      0.6012038618354848       1.1073183447022357
0.18967932321939265       0.10122625323024223      0.5887944141921603       0.8340605117158143       -9404.880635596166       -207096.83265889777      0.6012038618354849       1.1073183447022357
0.19257002706214543       0.10739220291599992      0.5494957709830243       0.7863213372839687       -39188.56312863774       -243277.43070629996      0.6012038618354848       1.1073183447022357
0.18595764013263855       0.10791087098295528      0.5204941282094153       0.8258537687207883       -61168.34791532919       -213316.5646319605       0.6012038618354849       1.1073183447022357
0.17783597868926          0.1208278307495133       0.4441270921666156       0.7872796295051581       -119045.44922717924      -242551.15954473428      0.6012038618354849       1.1073183447022357
0.18094703545017854       0.1254539850691703       0.4516701964896709       0.7710906762144424       -113328.67618302647      -254820.45449569233      0.6012038618354849       1.1073183447022357
0.1739386537906137        0.1263738292428817       0.447423022388333        0.7692889487332905       -116547.52738493029      -256185.9489467868       0.6012038618354849       1.1073183447022357
0.2053785364187728        0.10131655711133011      0.5937583952995534       0.6745637865483876       -5642.775251518004       -327976.31940825714      0.6012038618354848       1.1073183447022357
0.21427084925610862       0.09539952851424074      0.5841829001797817       0.5732454685369379       -12899.858017536966      -404763.5153000611       0.6012038618354849       1.1073183447022357
0.18977981682857054       0.1141595595362154       0.5043793996365711       0.7831078007980076       -73381.38938653092       -245712.90792795178      0.6012038618354848       1.1073183447022357
0.18200642033529638       0.11444939037291267      0.4738123798105194       0.810086360504402        -96547.54320035999       -225266.37871474927      0.6012038618354849       1.1073183447022357
0.1857691184127652        0.12080678909191106      0.47291096774196806      0.7771012913395602       -97230.7059930868        -250265.12540909508      0.6012038618354848       1.1073183447022357
0.26445886911407246       0.12576979067467792      0.03524036480729749      0.6198600399123586       -428932.8007695774       -369435.2321833555       0.6012038618354849       1.1073183447022357
0.26355479516764807       0.11734215495925246      0.12554488806542885      0.4636410173173788       -360492.7471501076       -487830.61147371517      0.6012038618354849       1.1073183447022357
0.27406363729278027       0.12202099292274005      -0.40364849130922986     0.5677029268487053       -761558.1860976389       -408964.1005713712       0.6012038618354849       1.1073183447022357
0.21605598999779813       0.10699503682569311      0.5095473062500491       0.6306751919970172       -69464.7328009485        -361238.63735209807      0.6012038618354848       1.1073183447022357
0.22590655033329238       0.1005800764074784       0.4856589628314885       0.5489951866047883       -87569.24678828497       -423142.3354946976       0.6012038618354849       1.1073183447022357
0.17989100414854298       0.13069846491950524      0.4444984137620214       0.7575529702889519       -118764.0317634383       -265080.42028696026      0.6012038618354849       1.1073183447022357
0.22791539176486955       0.11271373840055961      0.42491071187601137      0.6109500074235595       -133609.17261567133      -376187.97367717343      0.6012038618354848       1.1073183447022357
0.2382451188901193        0.10607356106462368      0.38833680309662144      0.5308013559536239       -161327.83152249028      -436931.0882656961       0.6012038618354849       1.1073183447022357
0.25278929880698986       0.12349573660274202      0.20443553466790743      0.6165404914835257       -300703.05014772527      -371951.05380850646      0.6012038618354848       1.1073183447022357
0.25114092921436376       0.1118151457412753       0.2733681315398429       0.5107511391777851       -248460.36666044217      -452126.7602177854       0.6012038618354849       1.1073183447022357
0.24022940426173378       0.11817370700637016      0.32975452728902804      0.6057961641017612       -205726.2066289248       -380093.97196567507      0.6012038618354848       1.1073183447022357
0.2696387814065717        0.13151018044843124      -0.03452709464284139     0.7931072877278412       -481808.21047649626      -238134.48996001921      0.6012038618354849       1.1073183447022357
0.18752990463753968       0.12873375810591342      0.4647009051959716       0.7572532626105867       -103452.95378970093      -265307.5629464574       0.6012038618354848       1.1073183447022357
0.18714821162981998       0.13597113478921166      0.4625888783023007       0.7449320620443496       -105053.61817099014      -274645.5628271398       0.6012038618354849       1.1073183447022357
0.25945735897249667       0.1327776258285216       0.12429183842551028      0.7306292968619826       -361442.4092650246       -285485.35224931285      0.6012038618354848       1.1073183447022357
0.26490561459621          0.1408013329319157       0.11579483011958598      0.8493609195236468       -367882.12770969473      -195500.9491639531       0.6012038618354849       1.1073183447022357
0.19596461890042471       0.13264037082863064      0.46951333217459235      0.7476277895227961       -99805.70835200434       -272602.523048933        0.6012038618354848       1.1073183447022357
0.19629838257619076       0.1426191231202691       0.4729190914230945       0.7502865037700172       -97224.54921209929       -270587.5348836279       0.6012038618354849       1.1073183447022357
0.2546699485456609        0.14108176083842855      0.2026133926665148       0.7964617551734908       -302084.01636933         -235592.20388660976      0.6012038618354848       1.1073183447022357
0.25982465882488387       0.14997048598485152      0.20612072149971347      0.8803884817664277       -299425.87960336666      -171985.75914952435      0.6012038618354849       1.1073183447022357
0.20705563708062882       0.13751714595721506      0.4553489299628901       0.7492240015746449       -110540.63515169092      -271392.78477143496      0.6012038618354848       1.1073183447022357
0.20748880012500434       0.1507494373756197       0.4659825047863899       0.7827504340873818       -102481.65421884561      -245983.7492541068       0.6012038618354849       1.1073183447022357
0.254404435492872         0.15899177086111402      0.2699468348773898       0.9016782766557063       -251053.30130621933      -155850.63489218507      0.6012038618354849       1.1073183447022357
0.2501524029160831        0.1483092243303401       0.2570580810609991       0.8326939019783465       -260821.4388308532       -208132.559777924        0.6012038618354848       1.1073183447022357
0.2198567136701071        0.1456735524674332       0.41631642298396015      0.779459749929658        -140122.61813724143      -248477.69520580172      0.6012038618354848       1.1073183447022357
0.22003189741562074       0.15986253099016132      0.4346408570011307       0.8422982402528548       -126234.88359822256      -200853.61734213994      0.6012038618354849       1.1073183447022357
0.23317893310060114       0.1548771588675543       0.3622521745942328       0.8369352239027249       -181096.867545685        -204918.14382788187      0.6012038618354848       1.1073183447022357
0.23233717576859483       0.16880283903254076      0.38421609695716247      0.9112187261299937       -164450.83509927127      -148620.11254384552      0.6012038618354849       1.1073183447022357
0.24871320785348205       0.1677550006385221       0.3147955127786006       0.9161377740244879       -217063.3547390101       -144892.06117377625      0.6012038618354849       1.1073183447022357
0.24486076098557302       0.15711576488762713      0.30755765789699113      0.8667934155727847       -222548.78512848602      -182289.19717990447      0.6012038618354848       1.1073183447022357
0.2427050983124842        0.17633557568774194      0.3277877200412582       0.9220860183527959       -207216.81184602727      -140384.00170916412      0.6012038618354849       1.1073183447022357
0.24042504907273243       0.1648919139802384       0.33900743293690583      0.8963277669322288       -198713.60819167396      -159905.68284719798      0.6012038618354849       1.1073183447022357
0.19890499874818324       0.10710265836813185      0.5595358488926419       0.7390982850646881       -31579.382041288354      -279066.8696995628       0.6012038618354849       1.1073183447022357
0.1965885238007552        0.11263514551296952      0.5244256121639362       0.7526851782601409       -58188.752177003094      -268769.62582662015      0.6012038618354849       1.1073183447022357
0.20536018639388262       0.11334331789784638      0.51406569192921         0.7074207566167435       -66040.3355836432        -303074.6565444415       0.6012038618354848       1.1073183447022357
0.19651555453574593       0.12121621071774132      0.48870319172809984      0.7488765100198875       -85262.08451781409       -271656.14190773177      0.6012038618354848       1.1073183447022357
0.25055584332666403       0.13374436887443156      0.22187855554014205      0.7230187518307285       -287483.32160357654      -291253.2373033489       0.6012038618354849       1.1073183447022357
0.21763837120207996       0.1195077004698616       0.4524451803577312       0.67794260173105         -112741.33088103468      -325415.58065533027      0.6012038618354848       1.1073183447022357
0.20725022874474056       0.12606504852624062      0.466898027790469        0.7252587991393646       -101787.79702068596      -289555.54872273403      0.6012038618354848       1.1073183447022357
0.2298951203872424        0.12541494661590194      0.37873262921494205      0.6768783347326398       -168606.64936812525      -326222.16805326607      0.6012038618354848       1.1073183447022357
0.24139056650681792       0.1295291136131184       0.2980235811943353       0.6878922953898158       -229774.47767631916      -317874.9000456032       0.6012038618354848       1.1073183447022357
0.2447271800872743        0.13957828737395855      0.27534601514190715      0.7623860388153648       -246961.3668883996       -261417.531018958        0.6012038618354848       1.1073183447022357
0.21942312018898846       0.1326588009420768       0.41937244947260166      0.7267112880037808       -137806.51469968396      -288454.73547245894      0.6012038618354848       1.1073183447022357
0.2330666989461126        0.13988341254248668      0.34947729518502124      0.7569796159690635       -190778.70185701302      -265514.9544495951       0.6012038618354848       1.1073183447022357
0.24167423584546782       0.1479100981723926       0.3067932665238189       0.8116986655514113       -223128.10258323443      -224044.44386711344      0.6012038618354849       1.1073183447022357
0.21358437296840643       0.05082015838583246      0.9951497390772698       0.4036179066679638       -99394.86068718911       -122192.61860013567      1.1262981680158406       0.5648472684931398
0.21030173415776823       0.044701013525818255     1.1127670660038556       0.4234212980858171       -10254.960812800564      -107184.01081854058      1.1262981680158406       0.5648472684931398
0.2187747763548286        0.046502014242110416     0.9712789297031454       0.3246077964581673       -117486.08596098066      -182072.85476263348      1.1262981680158406       0.5648472684931398
0.20861355892316064       0.05201329669818059      1.0001549773705654       0.45894283783660833      -95601.48727894707       -80262.92206818976       1.1262981680158406       0.5648472684931398
0.21289379052366392       0.05772568455353381      0.9505638312778487       0.44540994391115185      -133185.65887060505      -90519.24093759297       1.1262981680158406       0.5648472684931399
0.20667246806660772       0.05925783444623142      0.9605014640333053       0.4777302695963684       -125654.11898649635      -66024.29048453504       1.1262981680158406       0.5648472684931398
0.2847514161499473        0.06819358677868628      0.499876865762279        0.319878630860125        -474752.6033891264       -185656.99800848385      1.1262981680158406       0.5648472684931398
0.2821581766348898        0.059974571872594945     0.5412880620007142       0.235299036949656        -443367.8577667671       -249758.23827303768      1.1262981680158406       0.5648472684931398
0.2934442802201417        0.062373507245327794     0.2753789876250538       0.3355607808750187       -644895.2082423709       -173771.79946953634      1.1262981680158406       0.5648472684931398
0.29108371715148706       0.07259662257483496      0.4831029606721923       0.4017715338357955       -487465.2220083722       -123591.94890027936      1.1262981680158406       0.5648472684931398
0.22149209016553145       0.05607046130659697      0.9113095472178177       0.3952097124948248       -162935.72242149716      -128565.02652933347      1.1262981680158406       0.5648472684931399
0.2293501822442128        0.04874988615622282      0.8816887323247683       0.3172623660693525       -185384.76579596786      -187639.81455081108      1.1262981680158406       0.5648472684931398
0.2112110094604865        0.06467823084594429      0.9303927012444939       0.4787965766469495       -148472.9686446899       -65216.15697046975       1.1262981680158406       0.5648472684931399
0.20448707906258112       0.06640809059484887      0.9483663187189962       0.49719769674578806      -134851.1111860712       -51270.30353162313       1.1262981680158406       0.5648472684931398
0.23310338009017378       0.05954674136243915      0.8260228167961126       0.3775791012469483       -227572.88778702248      -141926.92619519593      1.1262981680158406       0.5648472684931399
0.24180674530638413       0.05139761037094376      0.7949254137274321       0.3036813863981071       -251141.00881417267      -197932.57667799803      1.1262981680158406       0.5648472684931398
0.24490658899779338       0.06268870174621904      0.746820649455004        0.3618297560777155       -287598.68033906474      -153863.05064350003      1.1262981680158406       0.5648472684931399
0.2550211250444592        0.054206413492670996     0.7124682571551396       0.2873643826814439       -313633.69482266187      -210298.91857302547      1.1262981680158406       0.5648472684931398
0.27219480205492774       0.06824795881264761      0.5844434262409671       0.32480056791201767      -410661.24091073166      -181926.75700183684      1.1262981680158406       0.5648472684931399
0.2688373226185425        0.057143136944371856     0.6301053834831088       0.26697489727652174      -376054.92564245715      -225751.7156648989       1.1262981680158406       0.5648472684931398
0.25810563068866554       0.06566977469854844      0.6660678439387545       0.34209465534183714      -348799.6716078722       -168819.90223650742      1.1262981680158406       0.5648472684931399
0.2814412996891634        0.07646822762292656      0.5378329419775313       0.367412920410251        -445986.4264842211       -149631.67825484584      1.1262981680158406       0.5648472684931399
0.28837903155094813       0.08268938360960952      0.5431035653408496       0.3972868507733159       -441991.9228582796       -126990.80355548946      1.1262981680158406       0.5648472684931398
0.2088001308824001        0.07121689957947011      0.9291059906753637       0.5110561548866986       -149448.14172757405      -40767.245832775334      1.1262981680158406       0.5648472684931399
0.20205204686402012       0.07348449059536168      0.9596229246678188       0.5171604544287759       -126319.94699943911      -36140.915136417374      1.1262981680158406       0.5648472684931398
0.2853166687048415        0.09270597909073411      0.5534582183424753       0.3787927647566303       -434144.3313858506       -141007.1140675          1.1262981680158406       0.5648472684931398
0.2777274817576232        0.08556510595685193      0.5515300428559852       0.3863311654948045       -435605.6583373912       -135293.9057794618       1.1262981680158406       0.5648472684931399
0.20648989749970248       0.0783003280497326       0.9442979235344108       0.5533925638691092       -137934.46930072855      -8681.29934558123        1.1262981680158406       0.5648472684931399
0.1993576257321954        0.08050799377963583      1.007458006323169        0.5429029431400604       -90066.66272013688       -16631.180251235142      1.1262981680158406       0.5648472684931398
0.2035101005020031        0.08402483501527672      0.9765916869794256       0.6143779485449199       -113459.64985637402      37538.34554735212        1.1262981680158406       0.5648472684931398
0.1964122733931592        0.08744837826129705      1.226735069147161        0.6163310598991658       76119.18706610287        39018.57091133844        1.1262981680158406       0.5648472684931398
0.2818936949637894        0.10264475018071757      0.52345976283148         0.3460792386947686       -456879.5812891708       -165800.06348993257      1.1262981680158406       0.5648472684931398
0.2749304038148093        0.0949421732873363       0.5320220779255741       0.39513500744806196      -450390.36809138296      -128621.64404107736      1.1262981680158406       0.5648472684931399
0.20436259078138294       0.09098808761984148      0.9293442532163748       0.713931070933166        -149267.56715064278      112987.7337774558        1.1262981680158406       0.5648472684931398
0.2720563011681083        0.10436545474496456      0.47206876819980453      0.4020536199194252       -495827.82331793365      -123378.16130700741      1.1262981680158406       0.5648472684931399
0.2781514535824174        0.1123911423110745       0.4224719091244083       0.28700726823854933      -533416.3246687977       -210569.56871034068      1.1262981680158406       0.5648472684931398
0.21250007482703748       0.08469175964308143      0.8852700406941213       0.6013960717838028       -182670.56136873484      27699.63194191593        1.1262981680158406       0.5648472684931399
0.21427084925610862       0.09539952851424074      0.819593443453526        0.6804142910109482       -232445.5856368124       87586.01377200753        1.1262981680158406       0.5648472684931398
0.2246998608423689        0.0890744785284448       0.7788919922017747       0.587926326495372        -263292.42924505053      17491.172204570572       1.1262981680158406       0.5648472684931399
0.22590655033329238       0.1005800764074784       0.7218426408740447       0.6553549731484981       -306529.0305021668       68594.04087524585        1.1262981680158406       0.5648472684931398
0.2382451188901193        0.10607356106462368      0.6240051180214277       0.6378507576006          -380678.1989872158       55327.934068607785       1.1262981680158406       0.5648472684931398
0.2374189948019512        0.0933518050347032       0.6832291860578444       0.5628858471410432       -335793.4219490899       -1486.5233508198191      1.1262981680158406       0.5648472684931399
0.26212822225105387       0.10683679890815277      0.46726914802865327      0.5009993028531414       -499465.36272365873      -48389.13970460586       1.1262981680158406       0.5648472684931399
0.26355479516764807       0.11734215495925246      0.35071454879374614      0.5942624576638935       -587799.841810946        22293.203611945868       1.1262981680158406       0.5648472684931398
0.25114092921436376       0.1118151457412753       0.5079817581056693       0.6195075994331579       -468610.06205732544      41426.00885782265        1.1262981680158406       0.5648472684931398
0.25173048360338          0.09870263304707316      0.5770965033317909       0.5288706975291756       -416229.33185125777      -27265.948116244115      1.1262981680158406       0.5648472684931399
0.27406363729278027       0.12202099292274005      0.04979474888481611      0.189068838977958        -815861.1448096617       -284795.2122126217       1.1262981680158406       0.5648472684931398
0.2696661966272655        0.11181770147789072      0.37956843514196265      0.44332473339657313      -565932.0387646107       -92099.58170322346       1.1262981680158406       0.5648472684931398
0.2172091210446561        0.0629396375694953       0.9085846317147617       0.45145718717681327      -165000.88323968346      -85936.15209088256       1.1262981680158406       0.5648472684931398
0.27260052444247185       0.07947379023439605      0.5696940215162395       0.37705096480691946      -421839.5298136046       -142327.1906002319       1.1262981680158406       0.5648472684931398
0.22554478434929906       0.06620272367577903      0.8507566015739849       0.4418525918688601       -208827.63012621537      -93215.28932734905       1.1262981680158406       0.5648472684931399
0.2164417644362401        0.07001147826325693      0.8916898439838942       0.4912259236196828       -177805.11647709226      -55796.195017542144      1.1262981680158406       0.5648472684931399
0.23446511420909089       0.07139285196332615      0.7808408982079332       0.44428519582079623      -261815.39103313826      -91371.66578670377       1.1262981680158406       0.5648472684931399
0.24703446756037978       0.07401380600257901      0.7008162241623915       0.4184552962051658       -322464.5455267842       -110947.6477076325       1.1262981680158406       0.5648472684931399
0.2606394778558905        0.07771863119280212      0.6213702614748415       0.39524564473508217      -382675.1058621074       -128537.79417860335      1.1262981680158406       0.5648472684931399
0.2678766901369892        0.08704987390197959      0.5674606973210237       0.4093569457889718       -423532.1230764396       -117843.11172058241      1.1262981680158406       0.5648472684931399
0.21284853477555835       0.07617286747375983      0.9001201000210747       0.5350046943535136       -171415.9882873419       -22617.1104233708        1.1262981680158406       0.5648472684931398
0.2225252395105798        0.07815771265798155      0.8318219604202479       0.5242149471017409       -223177.82886568434      -30794.45142257          1.1262981680158406       0.5648472684931399
0.23569191996007124       0.08191720644328367      0.7377214107679221       0.5020737894311792       -294494.81755536044      -47574.80708469818       1.1262981680158406       0.5648472684931399
0.2485207191896616        0.0849503608276298       0.6550301289469028       0.4712832442437483       -357164.9425668853       -70910.36645171726       1.1262981680158406       0.5648472684931399
0.25868607148368433       0.08910427848802395      0.5911352763546897       0.4504224054122942       -405589.61698678386      -86720.3931996662        1.1262981680158406       0.5648472684931398
0.2646076209787571        0.09696031138435798      0.5321624361531642       0.4484665105406784       -450283.9933022184       -88202.72813769356       1.1262981680158406       0.5648472684931399
0.21851181133424072       0.004282343309043922     1.0799047543861922       0.06375710416555647      -125857.55396372425      -93788.00272912312       1.2459698844973035       0.187507458320399
0.21491495285989048       0.006046737734600284     1.0883219899916945       0.11295764271948816      -119478.29370760638      -56499.865045115504      1.2459698844973035       0.18750745832039897
0.215                     0                        1.1979586375742368       0.07209909624820837      -36386.796532436274      -87465.7680853731        1.2459698844973035       0.187507458320399
0.22153211244559606       0                        1.055216364131889        -0.004322442354975263    -144568.40799207738      -145384.17583482442      1.2459698844973035       0.18750745832039897
0.2939637464633294        0.005695521308060831     0.57751347870189         0.07617013050712959      -506610.19630372355      -84380.40986725994       1.2459698844973035       0.187507458320399
0.2912906773310885        0                        0.5887754697083906       -0.006970281431677661    -498074.9508859091       -147390.92191848662      1.2459698844973035       0.18750745832039897
0.3                       0                        0.3600190840073568       0.13881600300576674      -671444.996353317        -36902.31333172314       1.2459698844973035       0.187507458320399
0.2998812590844032        0.008439813383774915     0.5806039786060669       0.16606714398867758      -504267.96613051026      -16249.200034940348      1.2459698844973035       0.18750745832039897
0.21916489477957016       0.010056606925302572     1.0411873088868198       0.10539524863135367      -155200.75794046806      -62231.25742957042       1.2459698844973035       0.18750745832039903
0.2146079215352673        0.01297844421772086      1.0480520287335109       0.13711969445168412      -149998.1193855065       -38187.912814538926      1.2459698844973035       0.18750745832039897
0.22605776214855489       0.006570620482116464     1.0041431652634651       0.05713676308337057      -183275.79875124432      -98805.43133952424       1.2459698844973037       0.18750745832039903
0.2295509208830046        0                        0.9821781528902241       -4.5221012401175376E-5   -199922.6572954155       -142142.55240925858      1.2459698844973035       0.18750745832039897
0.2854750206316411        0.006764437927800289     0.6444379805555321       0.05084209671019019      -455889.4092372004       -103576.03737955277      1.2459698844973035       0.18750745832039903
0.280598976163982         0                        0.6713265890893383       -7.060944856081922E-4    -435511.052279971        -142643.41564744528      1.2459698844973035       0.18750745832039897
0.29279717610388334       0.013082256066939166     0.6327848388295019       0.11341706039779399      -464721.1002288582       -56151.68126203847       1.2459698844973035       0.18750745832039903
0.2994353494911259        0.01839759427553535      0.6564285889338329       0.15118926871751123      -446801.95878917334      -27524.854283086996      1.2459698844973035       0.18750745832039897
0.21999265260132395       0.017608775662666443     1.01358070010246         0.1407525554832935       -176123.27341682522      -35434.63762050774       1.2459698844973035       0.18750745832039903
0.2139941503003111        0.020772665626919984     1.0321283679283086       0.1631789227113933       -162066.354286776        -18438.127144573566      1.2459698844973035       0.18750745832039897
0.23568465716482073       0.008011281799242511     0.9333005599731036       0.05526686272284912      -236966.04072014475      -100222.59269888759      1.2459698844973035       0.18750745832039903
0.23967574978801798       0                        0.9097556046449866       9.515887492065704E-5     -254810.30750751458      -142036.16120460167      1.2459698844973035       0.18750745832039897
0.27446566242157894       0.009353719059925087     0.7108179447642836       0.05222237872247848      -405581.31673202943      -102529.94830756937      1.2459698844973035       0.18750745832039903
0.2671008608529225        0                        0.7491431280627295       -5.16412193507713E-4     -376535.4006994075       -142499.65910266057      1.2459698844973035       0.18750745832039897
0.246589934079709         0.009500254868112823     0.8636740324697502       0.057735567328210724     -289734.6408272043       -98351.60917042557       1.2459698844973035       0.18750745832039903
0.2524588760866141        0                        0.8310750326799772       -7.358729778460711E-5    -314440.7930005092       -142164.05066895348      1.2459698844973035       0.18750745832039897
0.26030964818368396       0.010052364217382715     0.7853164757871102       0.05550373480693874      -349120.3192778972       -100043.0719223955       1.2459698844973035       0.18750745832039903
0.29009797024321665       0.02322635326954725      0.6705285253262286       0.12356181311542906      -436115.88938854914      -48463.16915986439       1.2459698844973035       0.18750745832039903
0.2985547833257674        0.02941158535856111      0.6806202954372482       0.13186188849959524      -428467.5317803785       -42172.70237212434       1.2459698844973035       0.18750745832039897
0.21933108988885716       0.024875286340662023     1.00763279303357         0.17560127647807708      -180631.07727903975      -9023.465207411908       1.2459698844973035       0.18750745832039903
0.21306443157012356       0.028784509717903747     1.0353691648937977       0.1907550838963967       -159610.21687432472      2461.3126844366393       1.2459698844973035       0.18750745832039897
0.28860062957848465       0.03408536499236444      0.6723247835335041       0.13256945629201408      -434754.53999446676      -41636.450411476355      1.2459698844973035       0.18750745832039903
0.29725876553480785       0.04046265330798246      0.6681736399682837       0.1090509452439875       -437900.61150822375      -59460.675589832455      1.2459698844973035       0.18750745832039897
0.21841363211861345       0.033074984274605236     1.015146558775782        0.21862191730894567      -174936.53937852755      23581.047379320273       1.2459698844973035       0.18750745832039903
0.21183409208948564       0.0367602697028094       1.0644540635572335       0.22219777470569088      -137567.33405712154      26291.120619718917       1.2459698844973035       0.18750745832039897
0.28778092638557434       0.044594582105732763     0.6409318256872275       0.14110453547363608      -458546.65627785         -35167.878785591245      1.2459698844973035       0.18750745832039903
0.29555674296246154       0.05144134222025415      0.605809144010859        0.07878839244305395      -485165.4581989793       -82396.07972720415       1.2459698844973035       0.18750745832039897
0.216726858988888         0.03973510392985013      1.0369029217467332       0.2692008748657707       -158447.81218553547      61913.86219648163        1.2459698844973035       0.187507458320399
0.21030173415776823       0.044701013525818255     1.1742335064994993       0.2841526246954627       -54367.615037424956      73245.50454538106        1.2459698844973035       0.187507458320399
0.2872652060360286        0.053140400133005264     0.5855810321452734       0.16810360673459         -500495.953402902        -14705.804261442932      1.2459698844973035       0.187507458320399
0.2934442802201417        0.062373507245327794     0.3755002238012912       0.0552315771259734       -659712.1395775964       -100249.33497109101      1.2459698844973035       0.187507458320399
0.2187747763548286        0.046502014242110416     1.0070610752401459       0.3409178427095389       -181064.37114988282      116266.76665313968       1.2459698844973035       0.18750745832039897
0.22535328808059496       0.03869995481296075      0.9676115871723999       0.25901074333815993      -210962.37604715204      54190.958370882436       1.2459698844973037       0.18750745832039903
0.2293501822442128        0.04874988615622282      0.9191882504600906       0.3263327688954119       -247661.48746985337      105213.0209727661        1.2459698844973035       0.18750745832039897
0.2375994734957907        0.040496289864166195     0.8818990329521997       0.2534688163792646       -275922.2650432327       49990.838991061355       1.2459698844973035       0.18750745832039903
0.24180674530638413       0.05139761037094376      0.8326608677527755       0.31198471949308554      -313238.9192349646       94338.9115151139         1.2459698844973035       0.18750745832039897
0.2821581766348898        0.059974571872594945     0.5753308163142244       0.2590328705988229       -508264.39396133175      54207.72819427098        1.2459698844973035       0.18750745832039897
0.27820847028216955       0.049790767802592506     0.6424818468229975       0.20294214023203602      -457371.92520330363      11697.647244229032       1.2459698844973035       0.18750745832039903
0.2688373226185425        0.057143136944371856     0.6670815057810734       0.27675134578777655      -438728.318910196        67636.21824366658        1.2459698844973035       0.18750745832039897
0.25064109373229226       0.04197370564616066      0.8018687650226072       0.23770925603457282      -336575.6590335348       38046.972658619896       1.2459698844973035       0.18750745832039903
0.2550211250444592        0.054206413492670996     0.7501155785691057       0.29585562791295555      -375798.39924701693      82114.98459816362        1.2459698844973035       0.18750745832039897
0.2659581309409016        0.04365862734000513      0.7187108267608869       0.21398011473268314      -399599.45394631306      20063.114879944646       1.2459698844973037       0.18750745832039903
0.22447052694351552       0.013869873213009472     0.997767527202005        0.11091894315041598      -188107.77166955938      -58044.95606367339       1.2459698844973035       0.187507458320399
0.23037133203589533       0.013680394283650772     0.9617871878175015       0.09867547079022161      -215376.57579892976      -67324.04723859686       1.2459698844973035       0.187507458320399
0.2810870248519476        0.017145814137003185     0.6860960868853859       0.09422157858068532      -424317.53522651456      -70699.56610119772       1.2459698844973035       0.18750745832039903
0.22722150913351621       0.02134256535983122      0.9695385702914058       0.14916390694813061      -209501.95276789294      -29059.83684092637       1.2459698844973037       0.18750745832039903
0.2794909653423249        0.0278595165804056       0.6945954458680718       0.12968010924088957      -417876.03524933866      -43826.2307233547        1.2459698844973035       0.18750745832039903
0.2384392871379411        0.018677805904609275     0.9056879391122399       0.11979889116083305      -257893.11263313922      -51315.015014830926      1.2459698844973037       0.18750745832039903
0.2682642292603144        0.02118391601617488      0.7411361259127377       0.10901688077995632      -382603.7529447343       -59486.4923890436        1.2459698844973037       0.18750745832039903
0.25297832640096474       0.020276295360083508     0.8194901512444384       0.1152621834132615       -323220.75083669735      -54753.298173827636      1.2459698844973035       0.18750745832039903
0.22468613325678505       0.029723543553609028     0.9765140274566912       0.1994954738403069       -204215.38853845964      9085.485370741411        1.2459698844973035       0.187507458320399
0.23311114706234354       0.030624926979985905     0.9241982451477725       0.19798386003850943      -243864.50928219265      7939.862472636664        1.2459698844973035       0.18750745832039903
0.2784203666392163        0.03895749933195751      0.680278689530951        0.16314473992716083      -428726.42829740996      -18464.033616379467      1.2459698844973035       0.18750745832039903
0.2701276233968467        0.03262427298908054      0.7226816076463469       0.15681875981773827      -396590.0758231903       -23258.371732168085      1.2459698844973035       0.187507458320399
0.24528319609196486       0.03077811254214201      0.8510556485859156       0.18306306878915946      -299297.8702031252       -3368.3169662983078      1.2459698844973035       0.18750745832039903
0.2584071002979107        0.0314891662020425       0.7786039907124965       0.16854175563897175      -354207.5820400656       -14373.739671239813      1.2459698844973035       0.18750745832039903
