% Model:              
% Version:            COMSOL 5.3.1.275
% Date:               Aug 13 2018, 15:00
% Dimension:          2
% Nodes:              333
% Expressions:        4
% Description:        Magnetic flux density, x component, Magnetic flux density, y component, Magnetic field, x component, Magnetic field, y component
% Length unit:        m
% x                       y                        mfnc.Bx (T)              mfnc.By (T)              mfnc.Hx (A/m)            mfnc.Hy (A/m)
8.192371512354984E-18     0.048799999999999996     0.0016946224829267867    1.0230526695131983E-5    1348.5377241622955       8.141194469819236
7.4537150645197E-18       0.0444                   0.0013155007452096492    4.966695941163293E-6     1046.8422312059383       3.952371049352958
0.0038889414642584033     0.04649300110413494      0.0019498929132562995    3.0817517076090866E-4    1551.6754782229818       245.23800882393766
3.581364596107025E-18     0.04                     9.631922836116454E-5     1.9179317794250412E-5    76.64840654238206        15.2624161604265
0.003252002483456011      0.04289861622002384      0.001199145661161399     8.462397869964074E-4     954.2497973051784        673.4162257075543
0.004778147457877703      0.039713590959151224     3.658104389770265E-4     0.001971345966508173     291.10269798904955       1568.7472755702286
9.669684408025554E-18     0.057599999999999985     6.610329651842226E-4     4.831046880505922E-7     526.0333197788087        0.3844424956705992
8.931027960190268E-18     0.05319999999999998      0.0013468647091081129    1.183605119533712E-5     1071.8008806529192       9.418830272133196
0.002662543962126635      0.0553739404587731       0.0010842960348771452    -4.511381359231151E-4    862.855368628199         -359.00432174713563
7.355227537883167E-18     0.062                    -1.0632942495812544E-4   7.0353496711737905E-6    -84.61426789102205       5.598553382736246
0.0028903731649324417     0.05863248554092806      4.6231732787136803E-4    -5.193968005719739E-4    367.9004400388234        -413.32284118572505
0.0044220223784840335     0.051502186205407405     0.0018026832025026275    -4.753774986238001E-4    1434.5297125351065       -378.2933937031923
0.010235966045549556      0.03866813932831986      0.0019203603401320608    0.006126130036307878     1528.174203248255        4875.019386510655
0.0076191742121695365     0.0433715019014573       0.0026104304187454476    0.0018248793781632006    2077.314523703921        1452.1928679056878
0.004986715820318916      0.06179913159039842      -1.7345408811310326E-4   -8.452621196473084E-4    -138.03037761348773      -672.6382227510109
0.015229342210113425      0.036987391579391724     0.006921939658707618     0.015374824600932951     5508.304562335722        12234.896672046782
0.013910161892355655      0.04220849538973026      0.008073400759707763     0.004136809813406414     6424.608192346769        3291.9686521734593
0.0189951407005859        0.03520205434012261      0.01767174861613138      0.031223933674487253     14062.73072667335        24847.216935340664
0.018357597973178912      0.039462560320079616     0.01873446020029237      0.010656082179150067     14908.409735174553       8479.840764025943
0.021813610869095907      0.033528590499030245     0.03599616053293616      0.053835119193338        28644.83440573092        42840.62665780555
0.021797233350354123      0.036953141536219584     0.0381007782911038       0.022263099939615477     30319.636003387743       17716.412019693398
0.010888770285494365      0.0610363390257782       -5.077756022068193E-4    -0.002217091951919601    -404.074985363396        -1764.3057171863159
0.006907470376734989      0.05647097628323289      9.706947362653561E-4     -0.001370055699793497    772.4543275495755        -1090.2556846668044
0.023941068772619332      0.032044113750027664     0.06201075459547961      0.08193579818366498      49346.59059364523        65202.436485551094
0.02417664060777514       0.034785724188202354     0.06495882476209391      0.03973448478620056      51692.59029163729        31619.698324667657
0.017012319035459224      0.05962030695187463      -0.0014853891259171373   -0.00476288862928249     -1182.0351090233107      -3790.18634373245
0.012879327977996465      0.055507158667094096     0.0014107150197731648    -0.0034966696384121855   1122.6113434544002       -2782.5612865632484
0.025740079704934953      0.030617777463160117     0.10001387775537729      0.11807905784880222      79588.51511278424        93964.32866135368
0.02606397576899589       0.03270072169538677      0.10309897012136364      0.06711798577260787      82043.55361249323        53410.79603041022
0.0271893898563826        0.029338321002362062     0.14975254628556353      0.16026776520809205      119169.28990972643       127537.03525579568
0.02733294257635495       0.03098893844041347      0.1454028591415071       0.1021366644088249       115707.91886032718       81277.7750579127
0.022854252790236514      0.05763404488147579      -0.003914713427987913    -0.009515248824802468    -3115.2299642624735      -7571.9944260833045
0.0182999927002445        0.05396878701149346      0.0020686118217629096    -0.007495000491434419    1646.1489838594896       -5964.331883439862
0.028284271247461905      0.028284271247461898     0.2056160831983539       0.2046879725605758       163624.08010106214       162885.5131223694
0.028287958315692755      0.029830736323134786     0.18979580581611613      0.13313438673868544      151034.7033687219        105944.97872484934
0.0283986253388037        0.05511368322718284      -0.00967176665088607     -0.01854424833313264     -7696.547354599318       -14757.043940708501
0.023440058990422893      0.05183389467512902      0.002944898391758367     -0.015526603311896538    2343.4756797585856       -12355.678332576636
0.029385531939147513      0.029385531939147506     0.24407633585094243      0.1340583702651451       194229.77671217534       106680.26145270701
0.030738826240571237      0.03073882624057123      0.25849510694901845      0.04649857996356791      205703.87018002212       37002.39423977798
0.02908594051113268       0.030974166616258347     0.2004171591419803       0.07954063895685122      159486.90778940602       63296.42933335325
0.03279724764537124       0.05261502206488359      -0.02017719552938545     -0.03191422463807956     -16056.50203116693       -25396.53303047758
0.028252572361964757      0.04971700003167965      0.0019759321961124727    -0.030407853187812264    1572.3968811286215       -24197.800718264847
0.03205461936069862       0.032054619360698616     0.24687022146002577      -0.027362836144762714    196453.08023777          -21774.65314726283
0.03023677309119136       0.03238783958946127      0.20045076528307795      0.017771670645701884     159513.65070677572       14142.246151322952
0.0331645312064104        0.0331645312064104       0.22512399743507114      -0.07934488566718068     179147.9850019937        -63140.653814965415
0.03155534108140199       0.033624735134720085     0.19263445784957553      -0.03727621083934266     153293.6308829365        -29663.46607408537
0.0365556548771886        0.050076782010227805     -0.0379909930498083      -0.05168787413421693     -30232.271684234158      -41131.90333186172
0.03239890746733285       0.047959101558290605     -0.004968900495791714    -0.05247847538673133     -3954.125378185104       -41761.04381862327
0.03442172003190781       0.034421720031907806     0.19226884439770897      -0.12735364368359886     153002.68494230925       -101344.80956504347
0.03270757989041421       0.03509810057827648      0.16510454862424798      -0.08145093222397203     131386.02520252627       -64816.59241444045
0.03591917002278075       0.03591917002278074      0.14504581750134468      -0.17129011822518866     115423.79415071972       -136308.34509166962
0.03386684321066984       0.03655667169098026      0.1323224273469463       -0.11492152500027586     105298.84197092347       -91451.64385726365
0.03778795880763198       0.03778795880763198      0.07713184116731799      -0.2070681420190992      61379.56895778803        -164779.59179597115
0.03546379336045049       0.038373105259460874     0.08504027210638104      -0.1459308367849906      67672.89833805185        -116128.07011933923
0.03999914800778335       0.03999914800778335      -0.012688845645619942    -0.21840523403973933     -10097.462533152431      -173801.36297283397
0.037271602289879024      0.04040024087768163      0.02752940247446528      -0.16147387973909544     21907.202420887024       -128496.83070351642
0.03971797584039278       0.047607587579523214     -0.06620809313985258     -0.07919011082125896     -52686.72647948071       -63017.487905991766
0.0359483413767804        0.04636256031375294      -0.02047326703172989     -0.08120017619926378     -16292.108246700738      -64617.04711022851
0.04213366798594499       0.04213366798594499      -0.09622902197885393     -0.1924293314332034      -76576.6225841662        -153130.39646731477
0.03956695926543658       0.04220287186080681      -0.03574267436375899     -0.16573148523212355     -28443.116521581036      -131884.92550326957
0.04207042707091633       0.045542059308629285     -0.10289503386447994     -0.11159511909865454     -81881.26629569974       -88804.57414739823
0.03934782459211207       0.044868279834901284     -0.05325684414721541     -0.1173145570505803      -42380.44999752004       -93355.95825618009
0.04384062043356595       0.04384062043356595      -0.14722558583627987     -0.1469762029731378      -117158.3986772204       -116959.94610026303
0.04139189986959518       0.04371749988476966      -0.08614891991973903     -0.14856075610465477     -68555.13223627157       -118220.89341762639
0.007470026658744555      0.04785397152918513      0.0028597112664646737    -5.2304236608453444E-5   2275.6859193671858       -41.62238900441719
0.011512146505995878      0.04684107722082423      0.005063622902371217     -2.602228058063314E-4    4029.5030743285442       -207.0787292466
0.009622539047792075      0.05144559249425096      0.0027376428205615963    -0.0016011259084247748   2178.5469365620834       -1274.1355141915212
0.015561547672512896      0.046436930010767284     0.008578605665182305     -0.0018422544967446053   6826.637482249503        -1466.0195479508798
0.014544880726114219      0.050500979392481236     0.0047321454643372085    -0.003766969194857599    3765.7217103957955       -2997.6588391824203
0.024754985271782135      0.037995444767804844     0.05740291484467939      0.0053583298103391545    45679.788227069315       4264.023380160671
0.018768631312132106      0.043924662104763985     0.01590929045714405      -0.0017767657788411472   12660.211086695976       -1413.9052820954494
0.022101086515839988      0.04089328169939487      0.0313764618473415       -3.3285294271082825E-4   24968.59499869331        -264.87595577555885
0.019069146808261765      0.04871654159673341      0.008633064429032965     -0.007866404071547047    6869.974389557036        -6259.885461724622
0.026689009681874376      0.03549239238817717      0.09335424506032332      0.016758799012515747     74288.94779981305        13336.228515627277
0.02760054046106559       0.03842962792383965      0.07425445404748685      -0.018889644674583168    59089.81704123763        -15031.901616047042
0.026165414816880454      0.04141852035484993      0.04393723080433746      -0.02089474034274948     34964.137341399          -16627.506050851116
0.023775943221160716      0.045872920321340535     0.018577494043844876     -0.017159852364516566    14783.50003669078        -13655.376632699797
0.028277635779475327      0.03327579237969348      0.14303514611323734      0.03472115609134279      113823.75269896614       27630.21810901238
0.029260280202152177      0.03576704337413588      0.12086995449507808      -0.01709641520473828     96185.25364592066        -13604.894944927675
0.03011480307108675       0.03398168395117441      0.16374253825719723      -0.00896183523982126     130302.17179023361       -7131.601887963474
0.02988608016732682       0.038241691487741106     0.08909237409325518      -0.04505170899074805     70897.4586436694         -35851.01090307567
0.02975926667657321       0.04087005166114146      0.05676154911613527      -0.05027678931083893     45169.40559693166        -40008.997708048904
0.03139510729379838       0.039043171969133206     0.0818703833310103       -0.06892697997626171     65150.38099979299        -54850.34787809071
0.03222141171411083       0.04058539748475603      0.059694153457313257     -0.08030487195265036     47503.0979820878         -63904.586628130055
0.02875954672174028       0.04490125107205595      0.02328465115699149      -0.04120536281866571     18529.336649028075       -32790.18587242821
0.03105373986861057       0.03506163612229934      0.15257461795776112      -0.04232835874762324     121415.02319167573       -33683.83763825653
0.0315356488617649        0.03690173953927488      0.11905978194806703      -0.06520212191303722     94744.76410239039        -51886.200012701294
0.03315314709670091       0.03862619471418077      0.08898549855902582      -0.09855494174037077     70812.40979582845        -78427.53072056886
0.034512772065088786      0.04091686765566147      0.04502403281621334      -0.11164512732842113     35828.98690316031        -88844.36943221137
0.03228676556109013       0.04347070133561441      0.02618732917780647      -0.07225862991375709     20839.214425112594       -57501.59065911169
0.036298982232882956      0.0431214936747453       0.001961860588270814     -0.11564383382097852     1561.1990514023685       -92026.4389535322
0.02968138585526609       0.028224970433957587     0.28567168561056355      0.18755968392110128      227330.30433157523       149255.2541039838
0.029254148064806654      0.027279934402457223     0.2765769719072157       0.25735225005709905      220092.96112210825       204794.41356204412
0.030188383208970094      0.026242361159552172     0.3787642033107823       0.32730684804329857      301410.97611587326       260462.51386959408
0.030592698365798025      0.027464070520831736     0.369003236817335        0.20737755249530387      293643.44578194065       165025.81282963313
0.03099709244585929       0.029034967021841968     0.3279340567108621       0.10060312191936352      260961.63066855818       80057.42071971655
0.03108583845833602       0.02517281564192289      0.5391616725889518       0.43115532731617495      429051.2265911287        343102.5079138666
0.03157027248155483       0.02643959734975803      0.5087658896602584       0.23794002634385994      404863.03107987967       189346.65676020554
0.03194542040192685       0.024072600926035297     0.857544268514634        0.6212430522105422       682412.0462711379        494369.5131040211
0.03239744678028181       0.025408306377953646     0.7068725394218008       0.257255537631405        562511.2939245013        204717.45225900607
0.03241711059120124       0.03030926769740046      0.3215724693127706       -0.004318821218470095    255899.24026697132       -3436.8087262483896
0.032766081771559666      0.022943057454041845     2.595750586915887        0.08107344463854287      2065632.6847067594       64516.197338556056
0.033298400126554474      0.02422876073064471      1.1022206103823091       0.0861334327668184       877119.2926005529        68542.80795156288
0.03354682271781541       0.021785561400603514     0.9694092746022699       -1.1325705595230586      771431.3896603989        -901271.0147422423
0.03412909773212188       0.0230764688101472       1.1784227823631495       -0.513830362644059       937759.0543260003        -408893.21062751574
0.03373059877930994       0.031512592361807534     0.2927248585868674       -0.08223195513286445     232943.04104987998       -65438.110697531665
0.03504852835125229       0.03271199148641501      0.25417207868316316      -0.14408135274545644     202263.71359183788       -114656.2974840321
0.03672780033425447       0.033949055716526524     0.20656193455319705      -0.20641353728589085     164376.76469382943       -164258.67390066388
0.03428669202808368       0.020601522996403568     0.7001625125985603       -1.0038413030901243      557171.6242385117        -798831.5273330141
0.034917652451240414      0.0218708405975763       0.876724702122238        -0.7749218834157617      697675.3503676184        -616663.2412784995
0.034984788285576225      0.019392384809852833     0.5017809975345032       -0.9366182156553573      399304.6305359917        -745337.0940573048
0.03566964920621591       0.020664852079375465     0.6350746549362131       -0.7949481930024213      505376.35282739036       -632599.6720915268
0.03855526977821989       0.03528947217400858      0.14367352335872174      -0.26158147794728254     114331.75716984727       -208159.92618296816
0.04105666324246879       0.037343838102160506     0.0280913586468819       -0.3094250476838411      22354.392934092553       -246232.62927664365
0.042550204126540994      0.039813473754624795     -0.0816353756238093      -0.27055122128215475     -64963.367808464354      -215297.8211330206
0.043781991059071705      0.04156518583231367      -0.14611499604808373     -0.2196132674326366      -116274.61940452638      -174762.68540233234
0.035640260967535656      0.018159619989580073     0.34535732321956414      -0.8917285983449154      274826.6256168952        -709615.0716150029
0.03637462743056961       0.019415211898738724     0.46073424075809716      -0.775237132650138       366640.6593417128        -616914.1086482842
0.036252311481466         0.01690473046962798      0.04345764318101117      -0.9026388330992514      34582.49363690863        -718297.1605722308
0.037012953566729206      0.01813391266665068      0.29960249731907335      -0.7254523638884295      238416.0920550342        -577296.6484527198
0.04536350907499806       0.04226289204967599      -0.2050977570439849      -0.19013131519578752     -163211.60925305393      -151301.6932498639
0.03682019413809677       0.01562924513957298      -0.13577614502665455     -0.5544755361483827      -108047.22317477067      -441237.6120077201
0.03763983046853713       0.016829058652071717     0.1259343225437294       -0.5950062498045418      100215.34968881821       -473490.9291348196
0.037343217059887704      0.014334717981813046     -0.1956649884102405      -0.3214222190839981      -155705.25047754092      -255779.67493392216
0.03817896463407218       0.015516616942961976     0.034331107543242693     -0.39683201016796915     27319.827336632647       -315788.87997662777
0.04682965300954987       0.04063229748617663      -0.29264199304028843     -0.2541350078512616      -232877.09874312967      -202234.21356112952
0.04483888603722355       0.04016174088605788      -0.18366762143762735     -0.28560249300063567     -146158.0491886468       -227275.24260209803
0.037820743023973064      0.013022726178285237     -0.2657351192875692      -0.045231881243696176    -211465.28893865552      -35994.38742639916
0.03872334574386524       0.01417643812801545      0.0032207256402539447    -0.17166048926598054     2562.9720299461237       -136603.07700127023
0.03825219023852209       0.01169486818890737      -0.37910242642420094     0.337219892403909        -301680.1255177157       268351.063924996
0.039120647048268536      0.012849754404322464     0.018797436189397856     0.09760900076590114      14958.524434985748       77674.77481076882
0.038637033051562734      0.01035276180410083      0.9751256811045422       1.2907561087517443       775980.3614181954        1027151.0751695004
0.03953746931900341       0.011390999538396632     0.22937245944577503      0.42782813258061525      182528.80364970196       340454.8104698984
0.04823721825414899       0.03895087643560278      -0.4405004177956086      -0.35904888703494203     -350539.094631081        -285722.0259162728
0.046045801290551774      0.03849063457906881      -0.23965240788999312     -0.4029798508937758      -190709.3266978377       -320681.17618089664
0.04958441896106717       0.03722076565968736      -0.7528299855412586      -0.5914395564774679      -599083.0675334571       -470652.6447673361
0.0473674142467212        0.036833108737629565     -0.3133319946076109      -0.6104635596436251      -249341.67885322182      -485791.465473785
0.03896454389873088       0.009042362454794341     0.8856649550139761       0.21871423137552629      704789.7775686771        174047.2552397976
0.039993853048121426      0.010004409687233587     0.682794319491125        0.36151281275258174      543350.455310397         287682.7557031408
0.05078742674591749       0.035561739053764856     -0.8198387046300576      -2.43549339757601        -652406.9118996501       -1938104.0654594833
0.04868324440736284       0.03529658248158145      -0.26848946126076195     -1.0286350979669916      -213657.124638651        -818561.8023963138
0.03928329984127991       0.007538060332744613     0.8250571434506574       0.1603528170237329       656559.6135672556        127604.71734018659
0.04041314620682606       0.00851610786896358      0.7686936152888951       0.18081755201136732      611706.942982037         143890.03600192498
0.05184974166256038       0.033994180230235795     0.7989669745962512       -1.4458125564001616      635797.7168708508        -1150541.0756770773
0.0498160155546723        0.033522534561006345     0.25298667858670654      -1.2273798639751825      201320.40216737447       -976717.8620155421
0.03958056801173771       0.0057774246743860745    0.8419918005488759       0.12320671479717288      670035.7855009943        98044.78841041715
0.040872493675187         0.006882419826220571     0.7967196572452385       0.11922962534326333      634009.3585453015        94879.92118187538
0.03981319188932463       0.0038613147480897505    0.8708153858172935       0.08454634142545521      692972.8658664911        67279.84079098138
0.04119114505434881       0.005085943096212272     0.8276469447690399       0.08280816045473116      658620.5119744879        65896.64032358637
0.05286369018995342       0.03239491101238943      0.8093593005799566       -1.1761323897035287      644067.6671234961        -935936.4177589999
0.05091054608021478       0.03200808062930764      0.5653683158808605       -1.1571130193564434      449905.8106998952        -920801.2837328296
0.03995327067697994       0.0019329154694331051    0.8916622102968504       0.043325012018292954     709562.2416849443        34476.94911113548
0.041406379738038186      0.0031752427584157135    0.8524047275533473       0.05129478516689855      678322.1295250776        40819.093070743686
0.04                      0                        0.898421949148126        0.0012963468382068146    714941.4709458984        1031.6000363108203
0.0412063814212605        0.0013908018391947726    0.870966052937594        0.024316142807209444     693092.7629512773        19350.1716234791
0.0538283264983272        0.030765423227862364     0.8422534316522162       -1.0509555276299205      670243.9849178102        -836323.8359602642
0.05201560107256325       0.030497454544812428     0.7214169668268466       -1.0180096989571668      574085.3815042727        -810106.3785226267
0.05474275075725413       0.029107236892724063     0.9106651755418259       -1.0103031212611902      724684.3209456509        -803973.6788494447
0.052994158389037996      0.028915485814056383     0.8328840333666531       -0.9261251416465445      662788.0546630897        -736986.9710736464
0.04232047646068361       0                        0.857185783026677        7.476594036506008E-4     682126.7725839625        594.9684492006587
0.05560610997502668       0.027421898793578082     1.279541476185438        -0.8541749260217081      1018226.7541300658       -679730.8087075442
0.05380423191897589       0.027270898171307508     0.9469551345578653       -0.8132053177481641      753562.9527556757        -647128.2303411785
0.05641759879434515       0.02571098104468806      1.10284910056458         -0.5098012389235794      877619.4291965185        -405686.9358453001
0.05454022623425431       0.02569750069168514      1.0053423159273505       -0.6447228416605406      800025.9953964585        -513054.13587264187
0.05717646024356782       0.023976079621483515     1.0224484324706122       -0.47096183776643485     813638.6104212893        -374779.52244085696
0.05520923484447038       0.02378360060467049      0.9731890690866862       -0.5223692205736734      774439.2545407307        -415688.2178668035
0.045276608431992674      0                        0.8325062087333599       -1.5368769975070707E-4   662487.3913730372        -122.30078553874046
0.043574502213807355      0.002379416031695956     0.8344052374712562       0.021378943185480836     663998.5904265859        17012.822430250333
0.05788198644282681       0.022218812871808016     1.0019533352627776       -0.4517371677267223      797329.1302724105        -359481.0161102023
0.055865043973093186      0.02214114842598498      0.9669240491574902       -0.46135098652544415     769453.7100892267        -367131.45002923417
0.05853351926435307       0.02044082000629156      1.031562513568472        -0.4477180755936708      820891.3657136135        -356282.72421161784
0.05652065266438215       0.020256843735708838     0.9845450745001184       -0.4057056677667956      783476.0765173611        -322850.3123274187
0.048653306010462874      0                        0.8327341245851364       -6.932142040285416E-4    662668.7610451333        -551.6423359632803
0.04681930291257643       0.0025824624981721747    0.8220590150510025       -4.7814062911653594E-4   654173.7787931092        -380.49222308482666
0.059130450946390065      0.01864375956926493      1.2223629306318786       -0.3003405686762803      972725.5133117953        -239003.43057930437
0.05726710264561923       0.01864666162478298      1.0205162001029553       -0.33325000625640566     812100.9887587155        -265191.92890556
0.05181520568540271       0                        0.8509600212133281       -4.5023920199486605E-4   677172.4687484264        -358.2889728561665
0.049690290413587315      0.0023973417774515167    0.8334138092360289       -0.013039583650590754    663209.6369047995        -10376.5709692589
0.05967222466012579       0.0168293078916359       1.0355876312103929       -0.13743002873740293     824094.4525598037        -109363.34201409451
0.05785379717660313       0.01691283759329206      1.0100895979945985       -0.23404201196473706     803803.7624327289        -186244.71547680208
0.06015833502911168       0.014999157527180064     0.9685213400902762       -0.1438291521991052      770724.7938267706        -114455.6026660207
0.05832370022460823       0.015140012106772871     0.9685851689275475       -0.18280885559621649     770775.5872015883        -145474.66504555172
0.0544164204698027        0                        0.8725256914901948       -1.0968055356641204E-4   694333.8838766929        -87.28101130574942
0.05278634275514621       0.0024287715018169545    0.8567946938844969       -0.020322385930485132    681815.5537331251        -16172.04088128948
0.06058832860068628       0.013155015673699023     0.9479611915457419       -0.15488710086624694     754363.5474689392        -123255.23862018094
0.05883452665621226       0.013334625584249853     0.9487036040616341       -0.16057549901327078     754954.340577527         -127781.92203704904
0.06096180426896545       0.01129860258051183      0.9658623831716796       -0.17003092653405738     768608.8631414553        -135306.3121819507
0.05932975884537165       0.011518010417908509     0.9538626888365358       -0.14635224409960987     759059.8097963057        -116463.41540522291
0.057229066467770644      0                        0.8988369213646602       3.906786598253309E-4     715271.6953434345        310.89219935859245
0.0556039072108889        0.0022087536852430857    0.8827682841988914       -0.020536712482233373    702484.6801750233        -16342.596532022348
0.06127841364900116       0.009431649943774835     1.0898181060395356       -0.07499659568866514     867249.693236197         -59680.39459457691
0.05963225933722812       0.009773568764565668     0.97301704714337         -0.10747676604814908     774302.3638277355        -85527.29292047059
0.061537861401761824      0.007555899291120478     0.9487057401582693       0.006436996513189046     754956.040429219         5122.399068696657
0.05981239202930162       0.008012960099754173     0.9533565052850271       -0.053754571474691974    758657.0017246335        -42776.5288199191
0.06173990550962903       0.005673100357131619     0.9064969030068277       -0.01625866824082005     721367.3150551552        -12938.237093088605
0.06001986709538577       0.006465817271010352     0.9275125397904759       -0.03417071729275221     738091.0274368626        -27192.19283068611
0.06188435750215585       0.003785009451160461     0.8991559807682297       -0.04038104998799003     715525.5947495246        -32134.21856414767
0.06034637072877627       0.004732418606373973     0.9109753991783713       -0.03283169901589642     724931.1890717517        -26126.63594242616
0.059901902404913956      0                        0.9295691039395115       0.00332236711807508      739727.5891873855        2643.8557480381182
0.05855397538247376       0.0021796048888841728    0.9089041413453064       -0.023424420522547788    723282.9344590012        -18640.561576133594
0.06197108263187627       0.0018933878190076669    0.9229215350774728       -0.0648925932377024      734437.6219676994        -51639.884919160184
0.06042716498275575       0.0030266104220623004    0.9135724621640494       -0.036692553157142434    726997.8661302099        -29199.006048106745
0.062                     0                        1.0259909627798258       -0.07077647596248698     816457.6664701104        -56322.13002027257
0.0606432065492929        0.0014332715497744556    0.9316213432383342       -0.02996263163598864     741360.7093314609        -23843.504664545973
0.03183983566029033       0.02768884886528939      0.4382364916586224       0.1259065755036362       348737.5194535995        100193.26929588322
0.0328302364343011        0.02867665273427578      0.4186872137123571       0.019799474027101714     333180.69835847203       15755.920810164165
0.03313361976159075       0.026904820170508777     0.570482084434727        0.05643504704294443      453975.21841577406       44909.58350254128
0.03369139239170152       0.025462417957769844     0.7840551778402742       0.016280382385707327     623931.2860503736        12955.516660557721
0.03415129028646722       0.029837948465207664     0.37768915063611774      -0.08148935433854397     300555.4763795881        -64847.16776173129
0.03491790481718348       0.024564349886873813     0.854411693269947        -0.23425847783994927     679919.2220971417        -186416.97354705576
0.03540995919170043       0.023080972013655283     0.8679922106243069       -0.5107689081664505      690726.2544305999        -406456.9825617047
0.03554750846010383       0.03099719314258665      0.3292012149580488       -0.16001554928197306     261970.0031621553        -127336.328198954
0.036692040982173706      0.032226190321188265     0.2744543843277752       -0.21067959260978225     218403.85959504117       -167653.49286216794
0.03460439318719204       0.02815308977809858      0.4890113784737185       -0.09363760920234308     389142.8905613698        -74514.44181930023
0.03497905085308499       0.026505679381357113     0.6251806126262194       -0.13233984901713883     497502.924123411         -105312.70569556375
0.03574436427861681       0.029372624529451507     0.41215679913812886      -0.1681602758971332      327983.9595588332        -133817.6957036283
0.03858644155698679       0.0326495191106898       0.24691119768691638      -0.2883250649633468      196485.6880830645        -229441.7965310424
0.036932228656871055      0.02061083135583166      0.5562356633370197       -0.6735478923313118      442638.2767204301        -535992.3823682799
0.03626160699606577       0.02563843290088234      0.6473636944313391       -0.2755771936287932      515155.6597348944        -219297.36284707402
0.03652190638495453       0.02209832081784971      0.6908673971213145       -0.5967735989661318      549774.8063644434        -474897.3409110015
0.036651258193820514      0.023961253180852647     0.7041537645296817       -0.4158186777675115      560347.7616083268        -330897.98998317734
0.03767107857539837       0.030165785677512685     0.3638440480934094       -0.26361490540450366     289537.8938431571        -209778.0763391458
0.036787797509091336      0.027620813387790665     0.506079099058347        -0.24452374665582594     402724.95105314447       -194585.81491812505
0.04138412863391111       0.034066500035569        0.15158956149057576      -0.39471934023682553     120631.14016178976       -314107.6706633122
0.04320501120052813       0.036068802031930636     0.011353798537229221     -0.43057569327020084     9035.065800347807        -342641.24979586096
0.04378632565957816       0.03806229708731541      -0.09081077935910402     -0.3700042003566269      -72264.92210514432       -294439.98725760594
0.04520420915460755       0.036320590933446244     -0.09252904763594101     -0.5229345671235716      -73632.27655422733       -416138.1063566848
0.03801618622083957       0.01955715667856816      0.4384290881978713       -0.6138393369222099      348890.78290981887       -488477.8236771055
0.04081374627642191       0.030689426338795116     0.31692305148306915      -0.40333348557067045     252199.35111648843       -320962.58971527923
0.03816275802653038       0.021551494071377467     0.5606766561904643       -0.5522671752056006      446172.3065447376        -439480.2542068458
0.03797202360714854       0.025540068667537476     0.5747686176627606       -0.3633341639520518      457386.33317562          -289132.1409356509
0.03819168425430414       0.02342109428845851      0.6033622723100922       -0.4635656513570974      480140.4405665468        -368893.8243054811
0.0395256509643942        0.027604732912086812     0.45998346882218794      -0.37356003903315027     366043.2140180397        -297269.63376863615
0.03830454748773978       0.017968292737081698     0.29446296458461496      -0.57374190209424        234326.18185567594       -456569.2988862229
0.04416205692290104       0.0341855955902111       0.08757806501155117      -0.5436174845005205      69692.40976505868        -432597.0490471982
0.04329728850521459       0.0321935797170924       0.2236515425307651       -0.5202020490917929      177976.24261949267       -413963.6375974582
0.04644959341258893       0.03471920233639074      -0.031951187665241486    -0.7140970795349273      -25425.94727289988       -568260.4002773501
0.03957157245085849       0.018637028095903604     0.3855701731640005       -0.49371907921262054     306826.99483924365       -392889.159777338
0.03950458208770069       0.02072948976868245      0.4960431456675791       -0.5138692931398151      394738.59309924144       -408924.1905316987
0.04386771487961641       0.029821350037098952     0.3557901026205373       -0.5502782754791137      283128.7676761561        -437897.53809292335
0.04200260629467001       0.028185677325116388     0.4207580494709086       -0.46360393947996636     334828.6170949967        -368924.2930255627
0.03991706521831081       0.022895276352639736     0.5420770581637817       -0.4709088497111132      431371.2167173936        -374737.3558862105
0.039920315448422485      0.02484510156751012      0.5340582368350647       -0.4326227626974289      424990.0414562134        -344270.25588683924
0.04149171426287177       0.02619568162415214      0.4866754653578763       -0.45265435570102514     387284.02996627236       -360210.89110947604
0.040873329598281445      0.021576117451646767     0.5164562386183744       -0.47034111744906737     410982.81633380847       -374285.5689069239
0.03927883308412403       0.016852493463871694     0.249732516631106        -0.4294889974027117      198730.82236309742       -341776.4847011188
0.03946912367303389       0.01527384436064265      0.16378105864817605      -0.27404972199726657     130332.82534340415       -218081.8395441235
0.0458633808054724        0.032148823651349794     0.22181160382271775      -0.6963746630344226      176512.06591763333       -554157.3493294066
0.04645878885223567       0.02920397704329904      0.4349278586209877       -0.674509567248824       346104.592939516         -536757.6589521277
0.04795462107092642       0.03344180074423341      0.0930945874611818       -0.944706013889147       74082.31884773933        -751773.1593954924
0.04101261900863152       0.01796999877103568      0.40580915522732264      -0.3969464427262237      322932.6650318733        -315879.94251311215
0.04101182947517391       0.01988180647936945      0.4729243669419943       -0.4533151226062802      376341.25353711867       -360736.71270549047
0.0442009594013793        0.02668997615118828      0.48751450161531257      -0.5285209356532713      387951.71380529396       -420583.59718385834
0.04241630876662295       0.02340629102458073      0.5293597734363422       -0.4655524803144988      421251.12308199826       -370474.8925537239
0.04228326701480361       0.021077420407621318     0.5181944008327839       -0.4451526093774566      412366.0018754027        -354241.19106338907
0.04080895490801764       0.015950282166269467     0.31796588915054164      -0.2839478197293572      253029.21496459175       -225958.49545046795
0.04040816520893633       0.014061702520140091     0.23946428272358458      -0.10253198212170687     190559.62144706817       -81592.35889839743
0.04040073403346504       0.012426034503390707     0.282222991904168        0.12383734156404498      224585.92107866146       98546.6252463859
0.041005398876557714      0.011150595080742759     0.4972751610039139       0.19761063795214287      395718.99975295505       157253.54918813216
0.04861898790067512       0.03135086644434068      0.3832207947677727       -0.911907392020167       304957.4189144788        -725672.8454102419
0.04883116195663535       0.028796576518519197     0.5540736740462665       -0.7748719192054935      440917.8203077545        -616623.4810232901
0.047369451591308114      0.02641614517051159      0.5747506984209023       -0.6167039648716139      457372.073496029         -490757.42216843966
0.042578506578111325      0.017240600487705614     0.45882262554740194      -0.3206777120670839      365119.44429135387       -255187.2150743797
0.04282560669076768       0.01930078438132688      0.5042127921957921       -0.3960464861870679      401239.7912406347        -315163.7798542395
0.04566380791712188       0.023740036725206637     0.5779690446928036       -0.501774191159229       459933.1520848014        -399299.21419464453
0.04429041863690611       0.021244634554850796     0.5594872904807757       -0.434713859867696       445225.83938553283       -345934.29814250657
0.042320829814450615      0.015005019906844894     0.4195148099844212       -0.189359276512015       333839.2785463892        -150687.3243859611
0.04201365227228342       0.01275066644150715      0.43865091213131613      -0.006269573172970625    349067.30478733795       -4989.167807773068
0.04246171888612335       0.010818104174781537     0.5825830634990161       0.07815654717340349      463604.87158743985       62195.00408821033
0.04139418263431555       0.009615783607615483     0.6645198474472233       0.1715748438037469       528808.0925194889        136534.92250793087
0.05029782870159631       0.03029112438854072      0.584394836653639        -0.9427756072979262      465046.63485403697       -750236.9906396426
0.05110179100620222       0.028804676358531952     0.6983773252911063       -0.8615965261250499      555751.0173168805        -685636.7304180351
0.05035994889913198       0.02637563804895562      0.7148475236568911       -0.6885681637949597      568857.584734974         -547945.1346183883
0.048702017140995715      0.023690678960894357     0.6776446474709076       -0.5378100198038308      539252.4765237989        -427975.61548064905
0.04401120134634091       0.016037153914893985     0.5193955554931114       -0.24806451365238552     413321.8503834476        -197403.46776732057
0.044935625223669964      0.018343954225502602     0.5672558660231485       -0.34330108248864305     451407.87537729007       -273190.32123433024
0.04700369196551904       0.020992494489214083     0.6375406499298336       -0.4309554867314027      507338.7292917632        -342943.47982938227
0.044104498573014086      0.01398971391055305      0.5381545035859685       -0.1433127122073943      428249.74696436006       -114044.6327785651
0.04399213167057402       0.01182007011279048      0.5905062630219272       -0.036959883140437355    469909.9534333131        -29411.740489497042
0.0437328856396068        0.010127784896138524     0.6513600304441207       0.026190878174334638     518335.8428883461        20842.03862681496
0.042632062268875566      0.009443724856986007     0.6699771661871667       0.08915130235886926      533150.8887869392        70944.35226747095
0.04206529423432107       0.008033242268624305     0.7388113790489808       0.10514375491320471      587927.4149409262        83670.74164839643
0.0522847247636184        0.027419970123430996     0.8180794373771887       -0.7944426634829924      651006.9315020811        -632197.3844820472
0.05268211534888541       0.025759152200272938     0.8670456975854351       -0.6760606996060211      689973.0432864131        -537992.0108623161
0.051528945319686284      0.023770902175647486     0.8023106813915065       -0.561807112567554       638458.554194425         -447071.8951465555
0.05352206652382238       0.024238473335593785     0.906693049693265        -0.5766521318926537      721523.403628743         -458885.1861759772
0.05039887220502442       0.020949957981552636     0.7586585916260437       -0.44031612172957857     603721.3248821022        -350392.43648157566
0.04613620125163949       0.015633013449177165     0.6148782126984024       -0.23679921756692854     489304.53475230274       -188438.82998034926
0.048030858951987436      0.018038158323809703     0.6782703714297459       -0.33141628286910035     539750.4118290995        -263732.6981987958
0.05085760076707572       0.017688280976357575     0.7766395248734262       -0.3228464051334452      618030.0969207339        -256913.00618218232
0.04589410188397985       0.012870880775063643     0.6357822513534023       -0.12560584998464372     505939.44016493927       -99953.95953157557
0.04539530410279605       0.010232968242202458     0.6830468489765656       -0.03335294598559946     543551.4118898187        -26541.431101425707
0.04418321126966501       0.008324057093932141     0.7236853673079914       0.03093856043473864      575890.5172517037        24620.124126679963
0.04270150870260842       0.006343740716392581     0.7831134824105357       0.06785655409022805      623181.908637724         53998.53002321182
0.042699787172507865      0.004401065365868425     0.8192889094497022       0.04897817551061094      651969.3987964417        38975.59368068074
0.053561972599857975      0.02211650393596625      0.8868043730519319       -0.48080559816140844     705696.4976336209        -382612.93806821835
0.05292484175943614       0.019606636420634795     0.852561907726891        -0.38788547794691114     678447.2095329552        -308669.45584406634
0.05480915303340864       0.020523831720835377     0.9234836799146533       -0.4149972170338671      734884.9626155536        -330244.2923016003
0.05304085631195928       0.017363579438803584     0.8500709015093406       -0.3089565444173412      676464.9297689763        -245859.80622305293
0.04884178768126856       0.014542893395094403     0.7180644812868887       -0.21417783823578102     571417.5582776306        -170437.30827980445
0.051871097786260055      0.015021312594445363     0.8091701908540837       -0.23731266059756898     643917.1783851989        -188847.4149619618
0.04785085901561291       0.011084954879653816     0.7240552071214045       -0.10355403517293889     576184.8264239882        -82405.68287442609
0.046692084101847164      0.008193854925721078     0.7520757919069544       -0.028244659120931975    598482.8993087172        -22476.38557520955
0.045287752447227596      0.0051368739355236144    0.7962370321049189       0.013971961562233208     633625.29766159          11118.533736596877
0.05505673686061642       0.018502948347625257     0.9257159768801337       -0.33948563682423166     736661.36809808          -270154.08604638214
0.05449339398147087       0.015988655913139107     0.8896152150529447       -0.2578623171027966      707933.2946271782        -205200.31202019934
0.053737286695416706      0.01352993631724226      0.8575700806610063       -0.19548689942707265     682432.5869245726        -155563.53176763406
0.05125179411232447       0.011463652767153542     0.8011388264653174       -0.14315552914430546     637526.021673977         -113919.5504712605
0.04892383632703562       0.00875865223917861      0.7761741354968662       -0.07021717042013488     617659.751822024         -55877.04881145242
0.0485261261334918        0.00563026946161204      0.8053298503772901       -0.027672064838132567    640861.1325350112        -22020.729522741134
0.05408429411383491       0.011409361068271196     0.8627321685089168       -0.14740651492350507     686540.4459129205        -117302.37747012534
0.05331115481902343       0.00964029164492369      0.8487548616278335       -0.11330549690151318     675417.6585067369        -90165.64955679626
0.05634115762803865       0.017134429579472112     0.9628527647039536       -0.27524290545505953     766213.884861659         -219031.3447707397
0.055424128216658805      0.014289906710853915     0.9019023386673599       -0.20566135713216127     717711.076925255         -163660.10795285544
0.055244725456205866      0.012825954516239524     0.8899003577627737       -0.17432229442906957     708160.2039859577        -138721.27424753597
0.05655675081585219       0.015483693226937358     0.9422448343270937       -0.2219353064380308      749814.6149298047        -176610.50533113573
0.05490625813629764       0.009596394310090989     0.8770775605767875       -0.11278433544254622     697956.146203885         -89750.92244507838
0.05139403524630452       0.007721810138301898     0.8237422743304064       -0.07420914814533619     655513.2739672213        -59053.76374984506
0.05389005449147154       0.007961200374331543     0.8606058493204515       -0.0855143366444919      684848.3748657436        -68050.14691097643
0.0512439350372938        0.004674631331964114     0.8369436394811742       -0.03656770202895485     666018.5865637504        -29099.652677098475
0.05605453696686747       0.011399867833157596     0.9007940670424767       -0.14392249507165797     716829.1423883116        -114529.88256386654
0.05638445061824948       0.009572597236032742     0.9029797757978553       -0.11005395651193087     718568.4741512004        -87578.1559284714
0.056904327667733436      0.013436317458094062     0.9253319274915649       -0.1764771268684904      736355.7513051692        -140436.03541887892
0.057844251125537406      0.011960647322159445     0.9323988162770585       -0.1488275394997832      741979.4027176291        -118433.19289797398
0.05587690586748396       0.007555071584579703     0.8899780097169278       -0.07859189278738456     708221.9974476795        -62541.44112030264
0.057363695295486294      0.008634974582537314     0.9169021234346314       -0.09061447080160508     729647.5263803838        -72108.70471865832
0.0539482977139018        0.005291902216243012     0.8645268102262783       -0.05057341610634851     687968.5764149057        -40245.04581184319
0.057869317285067744      0.010224624762309401     0.9314850506164211       -0.1188852380216514      741252.2511090387        -94605.8664590118
0.05857234424434811       0.008750926803664892     0.9419189443273247       -0.08557615917092148     749555.2799079675        -68099.34371435494
0.058115458462282166      0.007071652526099835     0.9185053115637637       -0.06173526482747347     730923.3029576719        -49127.36280189814
0.05702322722284977       0.004632774584254679     0.8962382675237054       -0.04196671967425424     713203.752322571         -33396.05440754729
0.05891772183302632       0.005414128623873217     0.9126352305747076       -0.0412550743086557      726252.0409288818        -32829.74501923006
0.05908920744970494       0.004029845513005893     0.9089917631394406       -0.035117029458875765    723352.6616672964        -27945.244125418925
