% Model:              
% Version:            COMSOL 5.4.0.295
% Date:               Aug 30 2019, 20:40
% Dimension:          2
% Nodes:              261
% Expressions:        4
% Description:        Magnetic flux density, x component, Magnetic flux density, y component, Magnetic field, x component, Magnetic field, y component
% Length unit:        m
% x                       y                        mfnc.Bx (T)              mfnc.By (T)              mfnc.Hx (A/m)            mfnc.Hy (A/m)
0.004371891746897965      0.10490585314041859      2.774616396680481E-4     4.427891664220001E-5     220.79695735776076       35.2360422918006
0                         0.10700000000000004      2.8070277608778396E-4    1.2085425845072398E-7    223.37617176994146       0.09617276313069094
0                         0.10100000000000003      2.1801261761487538E-4    4.6235183611650737E-7    173.48892874905314       0.36792790082778026
0.0065778449799653626     0.10078557414342365      2.2763620750123454E-4    1.0967855826583919E-4    181.1471382525693        87.2794234960038
0.07126873706700272       0.07732486783348427      0.38895891782998976      0.24237491535572037      309523.672161586         192875.82930171312
0.06661491488134061       0.07591740983036599      0.2603838536397775       0.2940415350157599       207206.88704043592       233990.81886043414
0.07141778489984131       0.07141778489984131      0.42328332461841356      0.420897695796964        336838.16720695933       334939.74411037844
0.07573006709216684       0.07573006709216684      0.5260428536577729       0.26299724136096975      418611.6021890055        209286.554910653
0.07941613913680981       0.07941613913680981      0.606002433740853        0.1336639550870339       482241.41427787766       106366.39582657267
0.07440601531055747       0.08080477457772324      0.45468498108760635      0.12839358586388824      361826.8114486875        102172.36925765756
0.08227090258550307       0.08227090258550307      0.67229545275349         0.03583781959961636      534995.7226196086        28518.830694572767
0.07780245432400418       0.08306911180561016      0.5351489929140075       0.03867827824834801      425858.03756456985       30779.195867541606
0.0048558738280075195     0.1098310419452961       3.15945334975177E-4      -3.4105375966000316E-6   251.42130904062049       -2.7140195854982374
0                         0.11300000000000004      2.7480600165832354E-4    -2.1348890222571395E-7   218.68366777620886       -0.16988907042242354
0.010425739926516943      0.1059126496133731       3.867203592099127E-4     1.098703380030667E-4     307.7422838126549        87.43203696182694
0.014316909606680516      0.09998012852219254      2.977103383598902E-4     4.2152747732970516E-4    236.91035979768617       335.4409083303971
0.06817490315110737       0.08275430276732404      0.2829999750028674       0.11648545716699786      225204.22458294578       92696.1815322348
0.0605635095176074        0.0808273549914302       0.1245654390585516       0.16395428081495442      99126.02682290366        130470.67116388348
0.0845449428155404        0.0845449428155404       0.7343011548431404       -0.038330788504564235    584338.2925568653        -30502.67231555698
0.08113104048440638       0.08526121636702623      0.6230323836858926       -0.05154315210865414     495793.4178496808        -41016.737203148776
0.005147759775490098      0.11585315514643557      2.69837889872483E-4      -7.342020242741184E-5    214.73017003346072       -58.425940695650844
0                         0.11900000000000005      1.923389248897957E-4     4.21879005477675E-7      153.05845322595883       0.33572064554232384
0.004974577869994873      0.12187634548281746      1.4266736509359427E-4    -1.1543543578141893E-4   113.53108186270826       -91.86060106289938
0                         0.12500000000000006      5.7139130582897004E-5    2.6514927921098955E-7    45.46987538120675        0.21099909221841054
0.004362803129489429      0.12655255117769057      1.8830348760949863E-5    -1.1275314829859633E-4   14.984715427247584       -89.72610450447567
0                         0.131                    -9.44416559027427E-5     7.505234193547857E-7     -75.15428185352688       0.5972475604827281
0.019508997473234212      0.10623104656332494      9.010828851568535E-4     2.9399997023940794E-4    717.0589765410995        233.95774266235944
0.022595944211604282      0.09843994771019571      5.960669688810649E-4     0.0013991527857932517    474.33502255612217       1113.4104099989593
0.06189732701263337       0.08934503477699515      0.1374706881636332       0.02946508687766721      109395.69775743363       23447.57112606438
0.053601919676406415      0.08560276985591103      0.0484574453571641       0.0744480758467041       38561.209790990404       59243.89637341649
0.05368057948439954       0.09316166106006878      0.05272571374125706      0.01921462535164675      41957.78984984667        15290.513021867138
0.04627159869006589       0.08977716388183297      0.016252926913076525     0.030065651967564305     12933.668289637142       23925.485639592138
0.08653763982298077       0.08653763982298077      0.7997814031525629       -0.0956396927054745      636445.8185235118        -76107.64924933075
0.08341395611845426       0.08727350604798007      0.6952820475481895       -0.12907159541884428     553287.8735517426        -102711.91211833149
0.006750200263350852      0.1308259714139538       -1.017279076865594E-4    -1.7139037728833634E-4   -80.95249679355972       -136.38812871911819
0.02827077895783697       0.10395580441933412      0.002324407605441473     0.0010394073144664093    1849.7048008320317       827.1340599160058
0.03071491246040975       0.09621639232765572      0.0017831608385232844    0.004251602620717431     1418.9943088943485       3383.317865748179
0.03862341465370679       0.09332326526910548      0.005441170856375479     0.0115589528220273       4329.946189998594        9198.32239295829
0.03747429544783874       0.10265667482709977      0.006942825877674102     0.0016133893526796928    5524.925287290801        1283.8944530540318
0.0462866925388174        0.09836697038562568      0.020473697003365314     0.005250565605643443     16292.450407256574       4178.267350832225
0.08867755462829124       0.08867755462829124      0.8851830309748298       -0.14003250039809143     704406.2746035522        -111434.32315937027
0.08558824847270131       0.08930482258789955      0.7857670434209868       -0.19991460482166232     625293.5453957701        -159086.98776815203
0.010136640922910525      0.12530482335913284      6.560702370233226E-5     -2.832225844807236E-4    52.20841061886657        -225.38137157684545
0.014680794885990152      0.1301747835086177       -1.3268699792709008E-4   -4.372213667576125E-4    -105.58895802060226      -347.92970872434256
0.08800515819642316       0.09134124445363115      0.9161436840096064       -0.24099822166874674     729043.9794627413        -191780.29127468684
0.0908469288454822        0.0908469288454822       0.985120543439915        -0.15234553076790994     783934.0201491833        -121232.72139835647
0.0871595001068443        0.095368062978556        1.0432584911931337       -0.46836234023818807     830198.728979899         -372710.90803497867
0.08934178516816849       0.09580733491212898      1.162570815228401        -0.330996145345223       925144.4596898727        -263398.3633802784
0.08765610943300957       0.09735197213753953      1.2541438409940093       -0.5203986455509652      998015.958212263         -414120.0840888163
0.0854532743290892        0.09677421994560731      1.0027683726756498       -0.7436396721362247      797977.7164377278        -591769.6484985827
0.08594373279775593       0.09886695500918362      1.4599842947418626       -0.8115312198531909      1161818.5867235104       -645796.025565155
0.017511877323279218      0.12321481303590384      2.0300492832002874E-4    -5.992869070199901E-4    161.54618907074232       -476.89736791242245
0.022932297372171867      0.12897716750353252      -2.2782569996838585E-4   -9.057015872482324E-4    -181.29793156669834      -720.7344228836586
0.08420517686893665       0.10035182204858613      -0.021334802779071405    -2.672325447141656       -16977.696610899602      -2126569.02231427
0.08369039695251196       0.09823713514243929      0.6549364102299134       -1.0972105194944872      521181.8354947605        -873132.3889498701
0.08221772283903934       0.10198649935733119      -0.4890720471082514      -0.6537284988055195      -389191.16912675253      -520220.6101247131
0.08161759942891327       0.09956106852055964      0.04315778661180782      -0.8570259019106562      34343.875360872174       -681999.543234354
0.07928829897122397       0.101009392524151        -0.08477768760939448     -0.5007050633034095      -67463.94023467829       -398448.42927938997
0.07962476537584721       0.104023539349713        -0.24435535270292916     -0.32573748996596663     -194451.81126817354      -259213.65839215126
0.02538858867828081       0.12161402360955949      4.2847460551101793E-4    -0.0012326018383273165   340.96925728214177       -980.873377169748
0.03105998884195236       0.12726459481386723      -4.804914587270298E-4    -0.0018102929359797317   -382.36295384921095      -1440.5853460275714
0.08873530263989689       0.09386438535788748      1.031945381910033        -0.309034574035107       821196.0426591774        -245921.90021992786
0.09100024653012527       0.09423351384436669      1.106898641335676        -0.2114542951394951      880841.951351379         -168269.98154731593
0.09025196552278446       0.0927435017424331       1.0298913149157831       -0.2136212682750481      819561.4680812937        -169994.40397766893
0.09263098833543773       0.09263098833543773      1.067151221931304        -0.12948056981844633     849211.9599846164        -103037.36360480502
0.07619848756838617       0.10262343196414296      -0.053507082805006816    -0.2921318891611597      -42579.58359422095       -232471.1709738612
0.07651624436960575       0.10633091905730328      -0.13409132768888377     -0.18901786173325        -106706.48813720491      -150415.63513753572
0.07285213204804844       0.10887408716519151      -0.07409090103674965     -0.11323665449476861     -58959.6656906557        -90110.86651015758
0.07218370727555926       0.10443323255074914      -0.01934564424587924     -0.16928496633848136     -15394.774545144814      -134712.69591957206
0.03280724984048426       0.11935225441344607      9.175170473046016E-4     -0.002504697978200623    730.1368672480385        -1993.1753209145274
0.03905533378572162       0.12504271631280997      -0.0011236753204094429   -0.0036545388861737673   -894.1924083676605       -2908.1896422805225
0.039925364074814826      0.11672290245929295      0.0019228413164518402    -0.005010333633978567    1530.1485014731886       -3987.0968219363403
0.046893690617071854      0.12231917993638754      -0.0027715540527763344   -0.0075006905977891185   -2205.5326377286474      -5968.8599262052085
0.06770055130290187       0.10668207711536513      -0.005866600524526245    -0.0973086848432922      -4668.492363119289       -77435.79099290674
0.0680406543262695        0.11194404566055807      -0.03756043201115509     -0.0628699213752814      -29889.64209621196       -50030.293793374214
0.05454832036445275       0.11910281585847178      -0.007055837010928836    -0.015268571586622095    -5614.8566897003375      -12150.343209816847
0.0476026327668298        0.11273780418277966      0.005035633107649428     -0.011377824702385197    4007.2295033980436       -9054.185215088382
0.061824032862469444      0.11549367498101487      -0.017004182175260868    -0.03174240346951296     -13531.498232139324      -25259.802088951576
0.055939764570365556      0.11102516649493208      0.00513652575040881      -0.027154962438383168    4087.517317481846        -21609.232507717144
0.062362056343530384      0.10903050438726028      0.0016951334599022156    -0.053065688367975594    1348.944346719524        -42228.33306168703
0.0783551860796261        0.08631212320229162      0.5241276733119988       -0.06477018428226863     417087.5500942934        -51542.4749674802
0.08039885255238892       0.08809682670360945      0.5788588361902789       -0.1454821486612254      460641.22566052293       -115771.01545531994
0.07778949697832828       0.08891366074258558      0.4768214384141853       -0.14443067470580453     379442.4444790267        -114934.27906763185
0.07942748513060854       0.09098868753878957      0.5028330343773199       -0.2487050095546112      400141.81485523697       -197913.15821166718
0.07448362138166788       0.08630273343483788      0.41022478574795296      -0.022315708801826522    326446.512153002         -17758.27682205004
0.0822830211575542        0.08989560715055361      0.6430998902390563       -0.23325258539190133     511762.63216700574       -185616.5097704276
0.08152295647064234       0.09246936105268269      0.5813243820916169       -0.35781639539470733     462603.2447486126        -284741.2402319588
0.009195522128462981      0.11230582100140563      3.821215975313889E-4     -6.395937700337511E-5    304.0827055464616        -50.89725503582622
0.07890575474686674       0.09369978183164612      0.4143573034807727       -0.35292247845475433     329735.06527596794       -280846.7848715854
0.08296707432030126       0.09415558148378181      0.6573022122258975       -0.4914625914562154      523064.4809049481        -391093.50387504685
0.0804788663690679        0.09544319191158851      0.42098715439594686      -0.5119558694419505      335010.9330015294        -407401.5363329771
0.014144442874152641      0.11158830954003454      5.716888893382278E-4     -9.160922860509621E-5    454.9355632444725        -72.90030782668258
0.07532477332913733       0.09209736051557646      0.33756793393660917      -0.19565517179380426     268628.0265766485        -155697.43866238958
0.0695325204989144        0.09016780043275387      0.24710189438988903      -0.04901068780446995     196637.4396976116        -39001.466142075325
0.08461216091250426       0.09210338342396049      0.7664778648466937       -0.34444003661209405     609943.7048043648        -274096.67212784087
0.0850247483756853        0.09470890491101908      0.8433689205239961       -0.5244408093304166      671131.662757349         -417336.7358202499
0.011809291737480788      0.11803160832931739      3.260862137557681E-4     -2.528051923846604E-4    259.4911639667544        -201.1759800365814
0.08321071841191688       0.09615060075128586      0.6487712067781801       -0.7003897910146207      516275.7224722076        -557352.4866553823
0.08164995012484569       0.09758457111327919      0.3399820153100814       -0.7812935282360659      270549.09149471944       -621733.635122386
0.07717184024302737       0.0959008883889601       0.2595132191328012       -0.35800596321269534     206514.05811337766       -284892.09350837854
0.07948919273632388       0.09813068142937639      0.1774888808606786       -0.5641270213424231      141241.16366412747       -448918.01989176887
0.020276175068220326      0.11523992581818178      7.853494718724846E-4     -4.984831018617046E-4    624.9612525155766        -396.6802485453553
0.02582689015302468       0.11036483481591067      0.0016939774172690814    -3.6490938807153634E-4   1348.0243972220826       -290.38566446111855
0.07244900262147913       0.0965275093778453       0.1674709444695473       -0.20016139012330053     133269.1431829838        -159283.3732713428
0.06664504687752279       0.09494610571490841      0.1436772187173246       -0.07548199056928555     114334.69784278802       -60066.65956758811
0.06101801283050627       0.09800074410745409      0.07524512906958676      -0.039560309528226804    59878.171175061994       -31481.094058313513
0.05397007331822575       0.0999441066809439       0.037967684813152436     -0.011816981247435914    30213.723578841476       -9403.654889768286
0.08674575846910387       0.09370158493807691      0.9311073676523455       -0.38983653581984185     740951.7005557676        -310222.05836774275
0.07630987151834671       0.0991619750313625       0.09132808309993852      -0.3528074775168863      72676.57934231304        -280755.2700329759
0.07326240696963979       0.1007799465036993       0.04754587079348908      -0.23116159566680766     37835.8018019618         -183952.55301691245
0.027743137238089924      0.11563484483322158      0.0013403602839519595    -0.001231177281371517    1066.624823575054        -979.7397507635909
0.033233085453420956      0.11120660995162915      0.003132183948669452     -0.0016246310189454063   2492.5127905191734       -1292.8402868279202
0.06816989174751428       0.1008109982685763       0.0631028405893868       -0.125310245334676       50215.64501470399        -99718.72482535902
0.044629857541561735      0.10573014715459261      0.011896530488552015     -0.00507703206844942     9466.958164482468        -4040.173749648976
0.04056132652911759       0.10979753428175562      0.006165264673628408     -0.004069670967512009    4906.16174138901         -3238.5412561855624
0.06368911081310197       0.1041547797519625       0.028977030254059732     -0.07182829667968268     23059.18800528503        -57159.14235221336
0.050761015609825155      0.10513392283537422      0.0191337089503309       -0.013242434704737233    15226.121795634017       -10537.99470915297
0.05794236806001313       0.10451778568937749      0.027961689924228168     -0.03617084264895235     22251.205843218788       -28783.842016899565
0.10504691676433889       0.0041005948185170666    1.5428694226864696       0.059920093044305664     1227776.4758294523       47682.89499263771
0.10078630793262221       0.006566592214433295     1.6026540226146757       0.10386424332320932      1275351.5488261792       82652.53867694075
0.101                     0                        1.6069993094510404       5.146172615958106E-4     1278809.4182219773       409.5194049169413
0.10717076571501737       0                        1.5148542914516687       1.501846251038652E-4     1205482.7427425187       119.51312730841649
0.11007122565143358       0.004636990068540946     1.4729036614870246       0.06026971382709647      1172099.4921190583       47961.11437158178
0.11334153143003475       0                        1.4347617447165655       -6.007916386619919E-5    1141747.1191539671       -47.809479530667886
0.11575762785095532       0.004635734002681389     1.403123974439941        0.052465965421600626     1116570.5815143145       41751.08870468099
0.11951230063178275       0                        1.3665482585563025       1.1244335094179671E-4    1087464.551614285        89.47957560101834
0.10680676750699614       0.010613959126645717     1.5038251230816202       0.1478175437132505       1196706.009421089        117629.46378833069
0.09998207584875335       0.014303304127862631     1.5881229947087447       0.22645967294244698      1263788.1242290034       180210.88179882194
0.12215937354746462       0.004704471518228998     1.3361774097408436       0.0415411441369191       1063296.1980399005       33057.3921554179
0.12563717488231163       0                        1.313716817569954        0.00173790710372946      1045422.6266960595       1382.9825309653145
0.10538945477574461       0.019533533744296474     1.4863661596977338       0.2733674952456587       1182812.6078020593       217538.94074498393
0.09844011500720216       0.02259521536451497      1.559879368057184        0.3571935445040218       1241312.5602668142       284245.5912416499
0.07735285143103361       0.07100593615131576      0.6101616504615671       0.3883999343647215       485551.21378033824       309078.8472535657
0.0759099621268964        0.06662340166858159      0.6144847396389933       0.5363920372218183       488991.41884041065       426847.22079492145
0.08077008084549443       0.0738722734944907       0.6818273413482606       0.27871989351457394      542580.9585539035        221798.2439544557
0.10304514124824891       0.02805393178587288      1.4621672775898897       0.39040674141772796      1163555.7492782522       310675.8135651539
0.09621202646827007       0.03072858543553377      1.5114623486566379       0.48167833993844206      1202783.5204299486       383307.4439075068
0.1275348017290504        0.0033685818245405047    1.2962741157968434       0.015410437252003209     1031542.1656557178       12263.236319318972
0.131                     0                        1.3205621151552367       -0.03947955836644443     1050869.9414342232       -31416.834325523116
0.13092019833950186       0.004571834068020416     1.2611006186544678       -3.854342720421106E-4    1003551.9859755291       -306.7188481626411
0.1306808905840373        0.00913809806047683      1.2368365826262604       0.0490202607916867       984243.279609284         39009.08408325383
0.12699576234919108       0.00713076346081019      1.2834997479773365       0.04710444911469916      1021376.646738975        37484.52959112512
0.08334463495181121       0.07759230523050031      0.7251859567115629       0.16058087698744508      577084.6483573524        127786.20169291733
0.0854911030204354        0.08109708852196994      0.7665410118149509       0.05775564012322714      609993.9555650619        45960.47808524101
0.08292193859857698       0.06744800972495689      0.8018117010110417       0.42879041644822646      638061.4782241407        341220.57164083794
0.08081133315778931       0.06058488617849161      0.850405502833536        0.6346562501654353       676731.1970425303        505043.3968899778
0.10021213738608206       0.03651101829204966      1.413759875404235        0.48943287247989864      1125034.3625778307       389478.30483420566
0.09331340360253154       0.03864723415861805      1.4259038312039272       0.5888716241201041       1134698.215548883        468609.1491263357
0.0879251678213489        0.060920861284989275     1.0020180799414762       0.5127303548829237       797380.6524506795        408017.85226439516
0.08558585650749541       0.05362892098372303      1.0912640155304902       0.6821257749914977       868400.3114499418        542818.4445014342
0.13028236829324352       0.013693228688066203     1.2197026707159155       0.09786668652460014      970608.5457341215        77879.83462207548
0.12657524609527115       0.01136075727212311      1.2687130279027954       0.09097826675107917      1009609.7487790781       72398.20433683641
0.12615579578869382       0.015540335452386941     1.2536649598372296       0.13717241587999668      997634.8766959874        109158.34021579336
0.1297251170051448        0.01823167622577572      1.201747662914224        0.14552571667176215      956320.4045096576        115805.68577650795
0.08744480991948368       0.08348918461211585      0.8157159915987581       -0.007046223966328941    649126.1611102466        -5607.206871869159
0.09775864426650702       0.0455231733696801       1.3204643735370858       0.5404000918678429       1050792.1611258506       430036.7293404077
0.08976424209638645       0.04629666122801219      1.2884177079959551       0.6632345753581541       1025290.2349734321       527785.3054885218
0.09265375637980405       0.05367343745165371      1.1818468398117277       0.5578224951097785       940483.8326678593        443901.03732287936
0.12558482201883697       0.019776480679324072     1.2375996752469502       0.18986002703619262      984850.5294223827        151085.80899185475
0.12900981564459926       0.022747911274367875     1.1578557539019307       0.20973543315405743      921392.3331044266        166902.15463994016
0.12813733569613012       0.027236431497119414     1.1776973031073714       0.2955353028378245       937181.7362776616        235179.52152400007
0.1248061368163798        0.023949017683166863     1.2286790902430704       0.25128532523212616      977751.753429188         199966.5081857372
0.12710874014215648       0.031691768323553        1.1888419832761696       0.3516355159783882       946050.3909678739        279822.65267314814
0.12354206113497897       0.02808977533967474      1.23719674818038         0.31008575100865216      984529.8902506317        246758.40027694832
0.08930155854218551       0.08556987892555391      0.8690459762979974       -0.05230901875379523     691564.814509742         -41626.19451476583
0.12592528216791887       0.03610849361203038      1.2011486729297043       0.4091391714025341       955843.7434251634        325582.6077061776
0.1223823009134026        0.032157659875999174     1.246574634392364        0.36084643803743827      991992.5749825846        287152.47155380814
0.12458840363466296       0.040481226263124996     1.22606425218499         0.47297829710671907      975670.9314175466        376384.1697986072
0.12141561235196874       0.03679895957415389      1.2590192254611907       0.4145523909990006       1001895.6658993899       329890.3109902754
0.09126567538989967       0.08815233622560102      0.9392950983105182       -0.08837537881433008     747467.2895905338        -70326.89192959698
0.1214610849482519        0.0490734637374778       1.313550098671539        0.41954295225208105      1045289.9560121115       333861.6734514286
0.11967445495118227       0.053282500242926564     1.2864141142120162       0.44349792929285986      1023695.8257001219       352924.4384898927
0.11721670663230645       0.04891455149393613      1.3102642062269272       0.44307551557479113      1042675.1258869701       352588.29233359033
0.12309973332295399       0.0448046387756626       1.356873124201644        0.5078213961224748       1079765.3243261746       404111.4270035966
0.11887629661702287       0.04517089516821104      1.3159823758209697       0.4500935508470382       1047225.5006686184       358173.0673554474
0.12030348490487694       0.040944370963610394     1.284651351041302        0.4498224761446365       1022293.0633395244       357957.3529612753
0.09268653820971183       0.09028689205602786      1.003505610538887        -0.09779000002635699     798564.3916885713        -77818.80944575646
0.09423351384439589       0.09100024653009499      1.0374929371602688       -0.06887938587482405     825610.6468599295        -54812.4736955616
0.09382680702465872       0.08879455418162631      0.9884292008530192       -0.056123960733012374    786566.9660606495        -44662.02888277177
0.0958073349121107        0.0893417851681881       1.0132598045591503       -0.02478693121524529     806326.5326595828        -19724.81313492544
0.11774202006518941       0.05742662022937241      1.2894032414009589       0.4791585476718643       1026074.4975383751       381302.2569335539
0.11570178567752049       0.05287825348143176      1.3037358309360545       0.4531005566589618       1037480.0098974634       360565.96654981584
0.11566613466451613       0.061500774724958095     1.3381105706942664       0.5313014915755306       1064834.5586475478       422796.2932817135
0.1137419115301738        0.05659248635491818      1.3147702137212418       0.46302767901566266      1046260.8927186165       368465.7195185509
0.09735197213753835       0.08765610943301085      0.988149296162676        0.0048062898000224424    786344.2249853356        3824.7238980286443
0.09518837957910563       0.08707035145214687      0.9747845300283204       -0.02189795793809166     775708.8820175864        -17425.84124732848
0.09886695500918308       0.08594373279775659      0.9514399814098319       0.014531521446089019     757131.8804831788        11563.817343954774
0.09643191488099306       0.08530112784790199      0.964927964690518        -0.006217643791126585    767865.2765404889        -4947.843718712141
0.10383082854079229       0.07987589776980678      1.1643980197563402       -0.03553919789274231     926598.5028531797        -28281.195090755045
0.10192449456683922       0.08229457702239182      1.0934653637492477       -0.09823642222326456     870152.0887023509        -78174.06094247538
0.10079354859337691       0.07925856682266984      1.0944595437287867       0.0041637518954687714    870943.2319926838        3313.408479860518
0.10617032118261631       0.07673892688837998      1.2351216351319296       0.017550394457712518     982878.567754955         13966.160155787753
0.1025551025260083        0.0761555207945195       1.162504288982544        0.059196526722635985     925091.5197855053        47107.099208894964
0.10872136600549726       0.0730798506696527       1.3246002373744812       0.06572212686478078      1054083.3769942329       52300.00680521255
0.10475374073325541       0.07249283468024986      1.2425542378864822       0.12111827472046187      988793.2450970822        96382.86060261827
0.11114997699042788       0.06933024314848013      1.4555103920243255       0.12079669478722292      1158258.368061469        96126.95542274757
0.10693510613713934       0.06860031135228181      1.3320203772112253       0.19718955819686937      1059988.1366614876       156918.46456569363
0.11344932789576148       0.06549999999999999      1.643352306797292        0.46805638287007495      1307738.2143412896       372467.43489742576
0.11148638422152118       0.060618581840693596     1.3597720869382266       0.43953187247488207      1082072.2455730059       349768.3507540703
0.10920946014766303       0.0641694108336348       1.3932108466925195       0.34582417119415343      1108681.965101796        275198.1314310368
0.10035182204858613       0.08420517686893664      0.9135744311686649       -0.1095176745281418      726999.4330142975        -87151.39628541563
0.09923678110635839       0.08161408797033413      1.023438430091467        -0.02420452343520192     814426.4254963305        -19261.347749480046
0.09784015884034246       0.08357878703105957      0.9733930609497427       -0.016075142387341448    774601.5861075105        -12792.191859257213
0.11266592670335021       0.008837690208873901     1.4319473821960689       0.10889877964130809      1139507.5206200192       86658.89538294621
0.11779590285069086       0.01004132780467291      1.3679951432350046       0.10911303873188692      1088615.9458577817       86829.39734978617
0.12322194214224773       0.009251434263480586     1.3116536053689003       0.08311334254974354      1043780.7745938333       66139.49651840818
0.11370546487273027       0.016319008703995705     1.3955968324304227       0.19742166211818063      1110580.6722234667       157103.16699763213
0.11906239081598262       0.014939948616666953     1.3365892208602577       0.16132875442265865      1063623.9069162752       128381.34364612299
0.12251072838467969       0.013045250922605037     1.3049493531124239       0.1263221896238445       1038445.7001620672       100524.00450413294
0.11868389690343592       0.018438046267458576     1.327573824275975        0.20408200303249718      1056449.6822646633       162403.2978935855
0.11050827807407396       0.024970778460120444     1.3976776601227503       0.313428274098801        1112236.5422882484       249418.29563792818
0.10744427514625757       0.03337305331447766      1.385700034780674        0.4112975464300644       1102705.050889778        327300.18797956547
0.11678096357771126       0.02283223714210757      1.334228272814047        0.26391138782531126      1061745.124156587        210014.00955320263
0.12225210639365587       0.017138619879637645     1.290503136814218        0.17399151744372598      1026949.7664978964       138458.05028614364
0.12151500445030639       0.021091657339384288     1.2825613236357905       0.225322085676907        1020629.872375601        179305.6186162765
0.12093433830401963       0.024887778100292197     1.2769914960801294       0.27518788054817706      1016197.5444373365       218987.55734112207
0.0856122532366712        0.07277093735772606      0.8169017441184262       0.26749732073777793      650069.7529841909        212867.60429627763
0.10520641302435273       0.041476005297390775     1.35017382748835         0.46920865466261935      1074434.193390374        373384.3836552698
0.11381428669853699       0.0332620662623971       1.332794681544904        0.3845197807025793       1060604.3084723002       305991.1190771354
0.11200376598849134       0.039814576131330916     1.3303860545832396       0.4336541745169962       1058687.5840372334       345091.0273340769
0.10931288394086434       0.04549752721636902      1.3222188971744622       0.45697262642861786      1052188.3666741506       363647.26176900306
0.11788351493778515       0.028615996557917776     1.3032864938541902       0.3271381646938019       1037122.4388089973       260328.27992514567
0.11852483580001474       0.033716474616195265     1.288177486253122        0.3808968999211325       1025099.072584382        303108.122154136
0.0870035930059393        0.0776202807687617       0.8186045563081435       0.1396197537787931       651424.807869944         111105.86983584128
0.08923614022728543       0.07500124833716805      0.8863769710411236       0.18837290984598734      705356.3819200828        149902.39873296424
0.08824325643953593       0.08065999743517657      0.8368308262074864       0.06199902965733911      665928.8126129813        49337.260184332685
0.09136516555339068       0.06938872198857013      0.9786866466375688       0.29643253056677177      778814.0877520007        235893.51266470546
0.09469019538251791       0.0612917253891289       1.1206363486018622       0.4249792737700154       891774.0714421938        338187.76066050906
0.10450679059361073       0.048136701763863865     1.3088620933195747       0.47746965428247656      1041559.3598870795       379958.27827717253
0.11143147496882408       0.04849498214861171      1.313582769644332        0.4534362752945869       1045315.9547461898       360833.12295155483
0.10863920994534049       0.049597662948085285     1.3098014944661736       0.45911062705578054      1042306.9115672165       365348.6286097357
0.11424256651092658       0.04562175178709937      1.3157994007551685       0.44726521686334436      1047079.8937376942       355922.35068434896
0.11716152902183131       0.03768479772393102      1.3005288817907286       0.4164757114414257       1034928.0008538482       331420.84076808364
0.11684440757666983       0.04178683131765146      1.309374013757346        0.44080222598562335      1041966.733227785        350779.2659576133
0.09309574725242449       0.07513080303480796      0.9702841183027728       0.15868905372950362      772127.5681572383        126280.73657812935
0.09073579173023347       0.07855633490331641      0.8997006682373068       0.10055403404479472      715959.0432652439        80018.35783029906
0.09055035887622416       0.08252556015147355      0.8863807736193118       0.018333319645066664     705359.4079156584        14589.192223980557
0.09380062984812497       0.078532881480391        0.9618824798726691       0.0848844331443685       765441.756726129         67548.88563239881
0.09175673874198634       0.08528574255484064      0.918304132064791        -0.030582718330031206    730763.2093991209        -24336.953977057903
0.09640801332567094       0.0726236496120154       1.0592646930996275       0.186035060637034        842936.059747626         148041.99744392224
0.09790046101081913       0.06775545396519056      1.1283642284998157       0.2762553565460169       897923.7228690926        219837.02774956287
0.10037989156102203       0.054438793560831936     1.2503047632142326       0.4693391943945638       994960.917184434         373488.263873314
0.10113352703658685       0.06259805680045105      1.2213198211551215       0.3580519556816418       971895.4331647359        284928.69315226766
0.1064882701066189        0.0534192375578137       1.2977831454139261       0.45287016148649384      1032743.0132698718       360382.6238970019
0.11401246520867285       0.049672932717517965     1.310141023118438        0.45039572568643094      1042577.0998838628       358413.53045228403
0.11146979225378673       0.052455124676510846     1.309736239998428        0.4532515769160913       1042254.9837117139       360686.1446519617
0.0959961084431052        0.07697967585820319      1.015958406088011        0.09901985596188205      808474.0115233503        78797.49770290505
0.09314356759803483       0.08101018330655912      0.9372082564366963       0.04300029859479624      745806.6335921842        34218.55037894651
0.09301393257245774       0.08336518096102229      0.931657995942398        0.005079074241922165     741389.876626608         4041.798859663168
0.09558514906605699       0.08003822385507336      0.9834142678034089       0.04538993648765827      782576.2091400474        36120.163793189975
0.09333110065004059       0.08687863305642798      0.955527939652957        -0.04100431336329145     760384.9742909119        -32630.195799284476
0.09417550629262267       0.08511593846655335      0.9513762880480363       -0.014263951293230446    757081.1949163192        -11350.891781698292
0.09921186878409781       0.07620913395369225      1.0890243107694058       0.0870190021494589       866618.0110309765        69247.52167505324
0.1005703073107711        0.07235776328239985      1.1504610458781983       0.1586521275879406       915507.8114309353        126251.35168833402
0.10256810793447148       0.06796804759589639      1.2258971202162887       0.24185636160114954      975537.932022709         192463.17733521908
0.1052079850115211        0.06456148118577695      1.2968001368558444       0.3119056187197056       1031960.75991427         248206.60498688574
0.10631276873558612       0.05950634080607814      1.3022988031200033       0.4032341164975726       1036336.4594960378       320883.51431940927
0.11015753116292307       0.056662815548682105     1.318046273281753        0.4438414605189446       1048867.8980832107       353197.8119535817
0.09800221603616546       0.07940218342527464      1.0323613453214853       0.03325770354963298      821527.0558245676        26465.63957904481
0.09533097133115269       0.08279459492698038      0.9622028558530392       0.009067379136039836     765696.703830748         7215.591051945296
0.0972374011397588        0.08150982413303186      0.993199731424505        0.0069643583380843395    790363.2336687641        5542.060274846898
