% Model:              
% Version:            COMSOL 5.4.0.295
% Date:               Apr 15 2019, 16:07
% Dimension:          2
% Nodes:              142
% Expressions:        1
% Description:        Magnetic flux density norm
% Length unit:        m
% x                       y                        mfnc.normB (T)
0.15924627663781477       0.004561565250356961     1.4707587861242206
0.1548507116162429        0.006801258114729914     1.511980079800886
0.155                     0                        1.5117297008770985
0.16099999999999998       0                        1.4550416523675465
0.16699999999999998       0                        1.4024597222214517
0.16429634979698507       0.005156118019085873     1.424876240461919
0.16973628880821792       0.0047450257966077485    1.3786924340508617
0.173                     0                        1.3550917174493715
0.16024895027751895       0.010685817658707396     1.4595144801050917
0.15429373800614601       0.014779797430640602     1.5139088325788597
0.17549976322537397       0.004680618622161899     1.3342107214495733
0.179                     0                        1.3165422190901195
0.15947335383419006       0.01973489432821075      1.4619447681025388
0.153271073342942         0.0230863179459715       1.5168368025861458
0.15825840268047786       0.028097083329329225     1.46490806495164
0.1518002868575114        0.0313316598662959       1.516740010412444
0.185                     0                        1.3367820660721368
0.18054402222154667       0.0043448258734120684    1.2989923939092307
0.15692539053440577       0.0364875991365914       1.4593526621477961
0.1498865356335454        0.03948450880755536      1.5088847027516188
0.15417126069392162       0.04457178717549547      1.4532117125052029
0.14753556509634896       0.04752112195330596      1.4908085329131104
0.18486748196016464       0.00700100804942884      1.247976075197081
0.11710048961102698       0.11710048961102698      0.6761025366490364
0.12065696728073327       0.1160306746546725       0.7042848121380655
0.11980290257174267       0.11980290257174267      0.6600447211177479
0.1784467756020202        0.01034053716136368      1.2985972803693862
0.18439717706243686       0.014922502853216961     1.2288310722850293
0.1524466497742221        0.05344284487936401      1.422878878205368
0.14475396006866317       0.05541922991561574      1.4594459400100763
0.12272542260541797       0.11875484856293797      0.6847916379639646
0.12191795942021319       0.12191795942021319      0.6469042193703337
0.1244066755222772        0.12086076924874395      0.6703550840689267
0.12373574676369944       0.12373574676369944      0.635358815244271
0.12600641132584622       0.12308019250092442      0.65464167594568
0.12545004309060045       0.12545004309060045      0.6248649403286147
0.1278872053760066        0.12492881909296534      0.6459953025239732
0.1274028606236749        0.1274028606236749       0.6151967729840874
0.11828059668391375       0.11238713887347054      0.7330778791584742
0.11364064996464604       0.11364064996464604      0.6964350674466173
0.10960155108391487       0.10960155108391487      0.7217611961649827
0.11550578089354002       0.10942678805478462      0.7536866996167005
0.11430520241135958       0.10468677424440068      0.80737635556825
0.1485649838350588        0.06147612044516894      1.3907048150055104
0.14154975616765275       0.06315589069024403      1.4076609017511086
0.14541803172603524       0.06959315982837401      1.3269153360261303
0.13793206517435466       0.07070887777880222      1.3335175055092812
0.14103878731622338       0.07706146413161401      1.2491547964273328
0.1339113027495273        0.07805615283835378      1.2427513901142941
0.17783992575401072       0.017828499619407724     1.2965746406512448
0.18358761990882697       0.022816349756524117     1.2393142650468623
0.17695871416635794       0.02583540908145637      1.3145761817039652
0.18244029263734401       0.030668218441902564     1.2830292651001272
0.1294783429499844        0.12702721472291617      0.6356286874049617
0.12930339435241417       0.12930339435241417      0.6111386234421924
0.13077825260146375       0.12865817476446773      0.6313101272609783
0.1308147545195113        0.1308147545195113       0.6136328862329997
0.11955534854172979       0.09864845987173593      0.9155056145067345
0.12162976496778463       0.10700709303970404      0.8140352452470383
0.12470907542332814       0.09204697989102444      1.0313866397009888
0.12850134090392562       0.09942343333155661      0.9440560765010505
0.13279715665259914       0.09186375829232045      1.0571759849529294
0.12949939198735264       0.08517574463957432      1.1421396663921852
0.13833110408391788       0.08512240414473851      1.1513517359386696
0.17564151147335524       0.03372077990330728      1.3511087648563354
0.18095730613575406       0.03846366280128547      1.4194844348415154
0.17441170459104982       0.041158731851964225     1.3469922877347378
0.17918788480880582       0.04600762912546265      1.282551026137869
0.1725308021347891        0.04797599937910368      1.3206998126743663
0.17710410704343768       0.05347088243470971      1.2589136746525342
0.13235945219909623       0.12925159733463693      0.6410761030730164
0.1698226655188595        0.055102775720845355     1.317079374862873
0.17470962849392796       0.060840329646655124     1.2729018157540313
0.16728160485868313       0.06257814115916456      1.331125977868003
0.17200864988931297       0.06810304224669946      1.3362461209871128
0.13193531898631256       0.12689391289286         0.6567807502527
0.13427519987694378       0.12726024790957605      0.6720760217887586
0.13333953365020387       0.12408784189600174      0.6923597075526504
0.13667846315050058       0.12467556982351115      0.709213994345571
0.16225874189246187       0.07610581561506094      1.2960333306566023
0.16900590966388118       0.07524627896902303      1.519567196756937
0.1655931632004157        0.08248578241903544      1.1900051799872582
0.16509354683677607       0.06985332960762372      1.3572752287958478
0.13526977592602565       0.1207822183437053       0.7364979932943064
0.13939349911383409       0.1216324479931301       0.7518457574094771
0.15859355894398472       0.08293068492375405      1.1902483361771268
0.1618704841607957        0.08957090128802744      1.1010422293192257
0.15444985789886517       0.08966803736167066      1.116808019056155
0.15784482864996452       0.09648839343912458      1.0544619545310165
0.15064932665739517       0.09612512428779109      1.0676082451346578
0.15359067149456412       0.10312567880915435      1.0505039438218258
0.14252079574954007       0.11795262938535042      0.8065360204609848
0.13770584787382095       0.11688077041229115      0.7926657669869127
0.14610716088178996       0.1134799433338893       0.8877226952877252
0.14044013747828615       0.1124791359544364       0.8648594562103208
0.14966814395936529       0.10874027167410752      1.1024251678536354
0.14685104980638458       0.10248728759295324      1.0288018072449356
0.14338929792455077       0.10781127686688308      0.9499984410831405
0.1674854174804602        0.010214859837045025     1.3946501929718227
0.17248129997642878       0.008696708556661981     1.3530406149025753
0.16597674922373606       0.016907498151712507     1.4050430618862937
0.17246894309487387       0.014434201384342194     1.3481268475324832
0.16479120923895652       0.02485283723654429      1.4131511955098943
0.17139262141641678       0.021522378465425387     1.3575031497349255
0.16328910086268333       0.03308910616420755      1.4188466788310174
0.1701518520611879        0.02932627746046197      1.3733927825188748
0.16883795520935757       0.0369371539118309       1.3806855481400717
0.1624163494675781        0.04169473474155648      1.4055565268698769
0.16882899396971396       0.04334480450092981      1.3621827366852346
0.15927435924190586       0.049090295893445456     1.4007035289703935
0.12667491637420764       0.12091173163350213      0.6820984389803912
0.12397803078655135       0.11555984635988864      0.7262861411820377
0.12205436142574688       0.1125788219489682       0.7498866464755748
0.16564849545988508       0.04916325479871269      1.3608266069494466
0.1552926445835118        0.061044706264671934     1.369903639620082
0.16162898385538443       0.05657277013984233      1.362006854466673
0.12608819313610595       0.1183884642606118       0.7063470095510515
0.12706727583912308       0.11533594262175942      0.745529065599938
0.12853702104122738       0.12230865383424659      0.6781661151321913
0.12833946538921753       0.11989739935886388      0.7027922589847968
0.13044855322470614       0.12430394978542958      0.6701589338271651
0.12581762371190136       0.11186229012208841      0.7781080660419232
0.15337855583044274       0.06870157866072665      1.3262741908647164
0.14874864421613074       0.07621909562712002      1.2556610368822212
0.14534948071045356       0.08214642800461258      1.1905395502018237
0.16037564820066896       0.06499236177815758      1.3459801446800264
0.15953636443520486       0.07117716417223895      1.3238417429434235
0.12942561179293205       0.11739883575070337      0.7362651332450657
0.13002692749428887       0.11347029723419107      0.7836050839610268
0.13142989073673442       0.12061115262092827      0.7141437294009565
0.13009107015608987       0.10734890000388322      0.8551446257690741
0.13439856245828907       0.10276041270272254      0.934239619194555
0.13622246859862883       0.0972124702193769       1.0064670997554417
0.1395195552741718        0.09220151917770297      1.0732413928976914
0.1556889842561174        0.07642089613238376      1.2619288901172034
0.15161802545751205       0.08339104700500918      1.1805525837272162
0.14620205337648723       0.08935176216471306      1.116422670156544
0.13307142968266902       0.11680561453945128      0.7648141220432435
0.13468855378301792       0.11207020036726079      0.8285736994417111
0.13696180425783183       0.10740446656282474      0.898420215125466
0.14021612837496922       0.10241279339597131      0.9765658821375999
0.143497023553095         0.09680777517146642      1.0440238771427828
