% Model:              
% Version:            COMSOL 5.2.1.229
% Date:               Mar 15 2018, 14:14
% Dimension:          2
% Nodes:              367
% Expressions:        6
% Description:        Magnetic flux density, x component, Magnetic flux density, y component, Magnetic field, x component, Magnetic field, y component, Remanent flux density, x component, Remanent flux density, y component
% Length unit:        m
% x                       y                        mfnc.Bx (T)              mfnc.By (T)              mfnc.Hx (A/m)            mfnc.Hy (A/m)            mfnc.Brx (T)             mfnc.Bry (T)
0.04560631815153306       0.04560631815153306      1.2539689525660562       -0.06103378182133371     1077747.5387139088       -1099614.3116747427      -0.1680854224541444      1.3898731203812857
0.04384062043356595       0.04384062043356595      1.866238031274928        -1.130567815126459       1541774.4452798022       -1910193.4936058025      -0.1680854224541444      1.3898731203812855
0.04618199976583115       0.04364689167018668      0.8762518914063497       -0.3196535823884939      791483.0750295703        -1295617.2623495222      -0.1680854224541444      1.3898731203812855
0.04549123450856365       0.04212537932039154      0.4402996180505094       -0.4025063754015031      461083.2690451362        -1358409.7935732845      -0.1680854224541444      1.3898731203812857
0.047133446530644635      0.04027950121516982      0.5146570988017688       -0.020008872156216977    517437.3672233429        -1068522.325183782       -0.1680854224541444      1.3898731203812857
0.04771015723019956       0.04235649082331049      0.7282571224549671       -0.09981158594171147     679320.698694544         -1129003.2602843018      -0.1680854224541444      1.3898731203812853
0.04870082115521603       0.03836964970921245      0.5926836271002512       0.1816723612279406       576572.1656566911        -915672.0146030254       -0.1680854224541444      1.3898731203812857
0.04925587023162468       0.04060159985544066      0.6687493078769934       0.06047155460430268      634220.875634161         -1007527.764511963       -0.1680854224541444      1.3898731203812853
0.04782472902713653       0.04782472902713653      1.0329556079974538       0.1814166507699785       910245.7945359782        -915865.8126191444       -0.1680854224541444      1.3898731203812857
0.04849070744779035       0.04490904112868745      0.9174981504819252       0.020479355693120396     822742.817962555         -1037837.0794730535      -0.1680854224541444      1.3898731203812853
0.050190851558029555      0.036398879376703955     0.7593407227007299       0.3149663696530081       702878.3588288566        -814651.0606726338       -0.1680854224541444      1.3898731203812857
0.05079251880795345       0.038682545235546574     0.7127229391667017       0.15178426747336846      667547.6412791967        -938323.6234631882       -0.1680854224541444      1.3898731203812853
0.051551115962757806      0.03444535444721533      1.098597493657261        0.2449301583653234       959994.5115675558        -867730.1522053168       -0.1680854224541444      1.3898731203812855
0.05187715970198751       0.03678243213647227      0.821386006864584        0.16374367706074308      749901.2810679931        -929259.817976087        -0.1680854224541444      1.3898731203812855
0.050418976458266616      0.050418976458266616     0.9180617510230218       0.3005163021615012       823169.9599246731        -825602.4876692282       -0.1680854224541444      1.3898731203812857
0.05122883531807066       0.04725974785497506      0.8706119267537721       0.19341034157322157      787208.6547756592        -906776.0260608019       -0.1680854224541444      1.3898731203812853
0.05362844201182626       0.03583337933719618      0.8259054768445218       0.023751792440102577     753326.5000559097        -1035356.962881445       -0.1680854224541444      1.3898731203812857
0.05319800901871563       0.05319800901871563      0.8322161910219741       0.38736166402031674      758109.2684167748        -759784.06564811         -0.1680854224541444      1.3898731203812857
0.05414952057330069       0.04993860310632023      0.7999430342121004       0.2958750299192611       733650.0663431021        -829120.0182386936       -0.1680854224541444      1.3898731203812853
0.05613088222074605       0.05613088222074605      0.7522050619777175       0.4676913924341994       697470.3794179321        -698903.7163419247       -0.1680854224541444      1.3898731203812857
0.05702841890531053       0.05301056970190524      0.7273233287560789       0.3848533110482208       678612.994489753         -761685.0979077686       -0.1680854224541444      1.3898731203812853
0.05623865963312863       0.03757747099207095      0.7224348148795396       0.051796515038174874     674908.0842620172        -1014102.4094094251      -0.1680854224541444      1.3898731203812857
0.05371930949177875       0.038748380771824714     0.7491643492058717       0.10208373506590014      695165.8819504945        -975990.6968296048       -0.1680854224541444      1.3898731203812853
0.05922458233738731       0.05922458233738731      0.669842000357022        0.5500607212684918       635049.0061554749        -636477.593279356        -0.1680854224541444      1.3898731203812857
0.0599264206457743        0.05558394694185707      0.6516279926237131       0.4533346747415799       621244.9615637122        -709784.3953293307       -0.1680854224541444      1.3898731203812853
0.06249032140203987       0.06249032140203987      0.5809052479945893       0.638929538157466        567645.5596744226        -569125.633781219        -0.1680854224541444      1.3898731203812857
0.06320706647178315       0.05857598154824818      0.5629808114175209       0.5312161318222156       554060.9754678624        -650759.5435694143       -0.1680854224541444      1.3898731203812853
0.06593488798661906       0.06593488798661906      0.4822008103986278       0.7375245571532374       492839.3732529807        -494402.3736030461       -0.1680854224541444      1.3898731203812857
0.06654228796120423       0.061769554478961125     0.4673190584410168       0.6163138476557383       481560.78093906987       -586265.6287087734       -0.1680854224541444      1.3898731203812853
0.0695698782852402        0.0695698782852402       0.37026196833801944      0.8493593275776347       408003.0873580817        -409644.9615907122       -0.1680854224541444      1.3898731203812857
0.07042148653414099       0.0650688128949941       0.34790912835186205      0.7075287991957331       391062.3017583717        -517135.5790826883       -0.1680854224541444      1.3898731203812853
0.07340653523334584       0.07340653523334584      0.24244492657838065      0.9773023456218883       311133.0206560355        -312679.419896243        -0.1680854224541444      1.3898731203812857
0.07426662166939751       0.06844138756078877      0.2183242635616004       0.8075526107744758       292852.43613330007       -441329.46460816805      -0.1680854224541444      1.3898731203812853
0.07746282287141452       0.07746282287141452      0.09643662946443532      1.1233494813279536       200476.15295072822       -201993.11717227567      -0.1680854224541444      1.3898731203812857
0.07929284060645522       0.07240522403204686      0.033397846866394444     0.9353417957000876       152700.2774413304        -344480.51006247534      -0.1680854224541444      1.3898731203812853
0.05929089786450518       0.039616911376117336     0.655554659001209        0.08590817940059343      624220.9061534799        -988249.837979089        -0.1680854224541444      1.3898731203812857
0.05659311181241702       0.0408176433458997       0.7030101615986689       0.11081532194690298      660186.5147977467        -969373.1958146148       -0.1680854224541444      1.3898731203812853
0.08143534013664946       0.08143534013664946      -0.051116839586071716    1.2706032846532145       88648.229285275          -90392.30437086122       -0.1680854224541444      1.3898731203812857
0.08233829256902929       0.0770160427770568       -0.0856433982962216      1.1056723392779582       62481.21744397553        -215390.28163415357      -0.1680854224541444      1.3898731203812853
0.0848528137423857        0.0848528137423857       -0.17429461965259063     1.3919522294920155       -4705.830603643186       1575.7166295241987       -0.1680854224541444      1.3898731203812855
0.08472754047473019       0.08020982691615988      -0.17268969213789015     1.22712142675223         -3489.4870452204486      -123346.3644649615       -0.1680854224541444      1.3898731203812855
0.0625605241990017        0.04180160584680629      0.5891164849490651       0.12801708442738172      573868.6975325352        -956336.3123448008       -0.1680854224541444      1.3898731203812857
0.059332609227331         0.042796577277136906     0.6544774472178774       0.14840080998113403      623404.5081531274        -940887.8805328567       -0.1680854224541444      1.3898731203812853
0.08804755066173603       0.08153299223301584      -0.28824676773425556     1.2831699246353498       -91067.96223762703       -80868.29069841797       -0.1680854224541444      1.3898731203812857
0.06601122127384115       0.04410728791814463      0.5136957989369138       0.17243449528618657      516708.81662674644       -922673.2147375513       -0.1680854224541444      1.3898731203812857
0.06257490155126667       0.04534129786110039      0.5870908141470814       0.2030790885839356       572333.4807648561        -899448.2694881344       -0.1680854224541444      1.3898731203812853
0.06965126265310073       0.04653948580890818      0.42715717919149815      0.21648607160727687      451122.8685275426        -889287.3760590208       -0.1680854224541444      1.3898731203812857
0.06629040617280821       0.04769057282042363      0.5005448724018315       0.2519523904290511       506741.98346342874       -862408.1381839802       -0.1680854224541444      1.3898731203812853
0.09122602554318314       0.07796032493258674      -0.42647056787149085     1.1722309140799714       -195825.110069947        -164946.82361085806      -0.1680854224541444      1.3898731203812857
0.08682085925294505       0.0773044576380566       -0.2575721871159829      1.1219823865666971       -67820.29017729878       -203029.21188146152      -0.1680854224541444      1.3898731203812853
0.09425965384880518       0.07426383814686281      -0.6031447381021358      1.048752281388217        -329723.0505883571       -258528.89389238763      -0.1680854224541444      1.3898731203812857
0.08930622157809522       0.07379312128799739      -0.37123161528210985     0.9832234500324367       -153960.57504223828      -308191.9292509953       -0.1680854224541444      1.3898731203812853
0.07349375757785215       0.0491069588339404       0.3275457495013687       0.25896831003161397      375629.29031975754       -857090.9082550127       -0.1680854224541444      1.3898731203812857
0.06980325035928574       0.050257279262127634     0.410575473967838        0.30272892700206105      438555.9144740274        -823925.5820474044       -0.1680854224541444      1.3898731203812853
0.07754682376011351       0.05181513107500057      0.2121758011215721       0.29873375278921266      288192.6352297507        -826953.4474021095       -0.1680854224541444      1.3898731203812857
0.07382268927007193       0.05303702891507772      0.29815098031958315      0.3539009791689966       353351.5626229648        -785143.2722830037       -0.1680854224541444      1.3898731203812853
0.08182401674188391       0.0546730600556779       0.07669255929401776      0.33417175026254414      185512.50359656068       -800095.6737299248       -0.1680854224541444      1.3898731203812857
0.07765380680379325       0.05594128326568339      0.17813042067143947      0.40587519722818216      262390.29909602314       -745753.016485597        -0.1680854224541444      1.3898731203812853
0.08633644116716932       0.05768816566187888      -0.08602855825646345     0.36152097304391884      62189.31215086331        -779368.2261328902       -0.1680854224541444      1.3898731203812857
0.08181981054902267       0.05895455483427248      0.031796527615705554     0.45605202655318794      151486.6685164954        -707724.9668867731       -0.1680854224541444      1.3898731203812853
0.0910924835476971        0.060866051581586395     -0.2912665834860681      0.3692142407992473       -93356.62225728291       -773537.6471243665       -0.1680854224541444      1.3898731203812857
0.08608797034290443       0.061923555238856544     -0.14127267790806128     0.5009442636184532       20320.861106520886       -673702.0076706293       -0.1680854224541444      1.3898731203812853
0.09575572911471487       0.06398193265283954      -0.5482092751752191      0.3147153287643167       -288088.52451283165      -814841.3197124121       -0.1680854224541444      1.3898731203812857
0.09078676434541767       0.06524590986839629      -0.3855539916662627      0.5533154805687135       -164815.22741538376      -634010.8740831437       -0.1680854224541444      1.3898731203812853
0.09714358366070232       0.07044944395491091      -0.8717300141021859      0.8733298298601557       -533278.6425745903       -391478.1809875751       -0.1680854224541444      1.3898731203812857
0.09251045130778296       0.07029157399139821      -0.5417181443979573      0.8100667600047685       -283169.021896369        -439424.03947639774      -0.1680854224541444      1.3898731203812853
0.09977635347630544       0.06666842796235226      -1.4391369837521588      0.3729863389936921       -963305.4233583343       -770678.8467744907       -0.1680854224541444      1.3898731203812855
0.09532814770501068       0.06750277793353983      -0.6985086134074141      0.5773188363604873       -401997.48938471044      -615819.1944400279       -0.1680854224541444      1.3898731203812855
0.049707684896742904      0.04257653174998683      0.7649609816070463       0.032164300180438546     707137.8444783639        -1028981.2857830006      -0.1680854224541444      1.3898731203812855
0.05149777548151134       0.04134555996452274      0.7382529040624098       0.09569359258588657      686896.3084702183        -980833.6623665366       -0.1680854224541444      1.3898731203812853
0.05165096474627356       0.04417020088023848      0.7983884580785384       0.1146771216653536       732471.8831237257        -966446.4124126037       -0.1680854224541444      1.3898731203812853
0.05417390544788403       0.042484274153817274     0.7409231929657737       0.12786375860209884      688920.0688438078        -956452.515025741        -0.1680854224541444      1.3898731203812853
0.05495763144631634       0.046155320059257446     0.7570771824513216       0.2014235194000442       701162.8654022813        -900702.9933893104       -0.1680854224541444      1.3898731203812853
0.056803302150490655      0.04368225422517312      0.7054590207644739       0.1610463078312357       662042.4578509552        -931304.1020057064       -0.1680854224541444      1.3898731203812855
0.057901127556291086      0.04951436326537953      0.6997877454547708       0.2955943909356547       657744.3078548873        -829332.7091028137       -0.1680854224541444      1.3898731203812853
0.060016545978200914      0.05232994342070342      0.6492879523996151       0.36895471741854463      619471.490284193         -773734.3348809701       -0.1680854224541444      1.3898731203812855
0.05895925281850486       0.04615745628975424      0.6674762260021242       0.21835038892105982      633256.0314753698        -887874.4459829237       -0.1680854224541444      1.3898731203812853
0.062295395616113115      0.04949428701433663      0.5925292529511023       0.29872269769081417      576455.168471345         -826961.8258476167       -0.1680854224541444      1.3898731203812853
0.06395102796121775       0.05423172242215223      0.5477206770112015       0.41562278669256386      542495.6144058986        -738365.5067404216       -0.1680854224541444      1.3898731203812853
0.06674632735234311       0.058013380183457655     0.4678135295219118       0.5114400465260625       481935.53101878613       -665747.4565688891       -0.1680854224541444      1.3898731203812855
0.07117262104532249       0.060163972576626916     0.33848479177829044      0.5597538656524178       383919.7791343447        -629131.3464088548       -0.1680854224541444      1.3898731203812853
0.07441271420951986       0.06427846835335865      0.22620085834904483      0.6722254165422544       298821.9551578412        -543891.3307834779       -0.1680854224541444      1.3898731203812855
0.07925118741228321       0.06631823758060675      0.05717304345299618      0.7169033253111244       170719.0396305648        -510030.8068426474       -0.1680854224541444      1.3898731203812853
0.08315658867177604       0.06962910316539592      -0.1032696363561384      0.8187896521472069       49122.63213278385        -432813.1280357951       -0.1680854224541444      1.3898731203812855
0.08429035207198131       0.07327858506801352      -0.15931759845390328     0.9598461989188442       6644.964427610153        -325909.0962539896       -0.1680854224541444      1.3898731203812853
0.06607345093192442       0.05094556737786139      0.4994110807113466       0.3297127527222695       505882.70464448974       -803475.0618240645       -0.1680854224541444      1.3898731203812855
0.06931045859384226       0.05475249010549466      0.40755335045826635      0.41752749158009667      436265.50544934854       -736921.9677024113       -0.1680854224541444      1.3898731203812853
0.07358671744696844       0.05662150751860781      0.28548109542403577      0.45008503023636715      343749.30162519467       -712247.2381212165       -0.1680854224541444      1.3898731203812855
0.07709918930179703       0.06072383636019955      0.16071585947833453      0.5480662713375878       249192.1395928853        -637989.1483519877       -0.1680854224541444      1.3898731203812853
0.08179746842350333       0.0627888309847823       -0.004987057397631678    0.5785032608022698       123609.10004262121       -614921.5420370351       -0.1680854224541444      1.3898731203812855
0.08472918451150929       0.06602397090997625      -0.1395637996535755      0.6676731760657431       21615.986922443095       -547341.3858976673       -0.1680854224541444      1.3898731203812853
0.08769882136851759       0.0698132277803196       -0.2935608726941159      0.8046980341431041       -95095.41972558387       -443492.8930906318       -0.1680854224541444      1.3898731203812853
0.052835387010037434      0.03244105237965578      1.3988037728691094       0.2024197112310199       228536.88959095153       -505566.4053364846       1.0972564512355676       0.8694988672919178
0.054085931434645476      0.030310262632429173     1.2868723243371483       0.26186157683421535      143706.20710858144       -460516.56373004336      1.0972564512355676       0.8694988672919178
0.055014044443718574      0.03221140361383878      1.352987338171585        0.30567795496434763      193813.4988435323        -427308.9772167378       1.0972564512355676       0.8694988672919178
0.051551115962757806      0.03444535444721533      1.8916995432715873       0.24984879923098816      602093.0719178193        -469620.81580536347      1.0972564512355676       0.8694988672919178
0.0538378970234357        0.03386943910749722      1.436604356118446        0.33450506548973313      257185.22138089733       -405461.46704925445      1.0972564512355676       0.8694988672919178
0.05362844201182626       0.03583337933719618      1.4455190660478128       0.4623059494535007       263941.5078165598        -308603.64602855284      1.0972564512355676       0.8694988672919178
0.055250595850002415      0.0281313287674027       1.2503130120352475       0.3252740885223411       115998.610590068         -412457.44616319676      1.0972564512355676       0.8694988672919178
0.056197869226536634      0.030184888825669828     1.2931741669058276       0.31791611339077486      148482.25184854446       -418033.9133695587       1.0972564512355676       0.8694988672919178
0.05623865963312863       0.03757747099207095      1.354663150929519        0.4784111203925825       195083.5649583972        -296397.8481033395       1.0972564512355676       0.8694988672919178
0.05619665012465339       0.03451749706713555      1.3635581005225597       0.39313394400797325      201824.8754169005        -361027.7726487205       1.0972564512355676       0.8694988672919177
0.0563275175176463        0.025907735723124267     1.2837110446332154       0.3949438590803935       141310.3342925006        -359656.0729803766       1.0972564512355676       0.8694988672919178
0.05738963769604949       0.027987816511320547     1.2850901834235702       0.33641759022809986      142355.55693866592       -404012.00149736594      1.0972564512355676       0.8694988672919178
0.057280531015699784      0.023726372806635566     1.5066252557219006       0.4895495160589296       310252.70848390274       -287956.2732061371       1.0972564512355676       0.8694988672919178
0.058009213919707314      0.02594373251509157      1.3295710335856012       0.33384481527690246      176066.7339682717        -405961.85793044243      1.0972564512355676       0.8694988672919178
0.05929089786450518       0.039616911376117336     1.2893842507735034       0.510652738349902        145609.94762776792       -271962.54871673073      1.0972564512355676       0.8694988672919178
0.059372220873756154      0.03641050565053655      1.2906704945556753       0.4457784330787029       146584.7669418338        -321129.53140036855      1.0972564512355676       0.8694988672919178
0.05958873204997708       0.024682460979716832     1.340687245489353        0.2434379440857224       184491.49622036237       -474479.4790711499       1.0972564512355676       0.8694988672919178
0.0625605241990017        0.04180160584680629      1.2233422748899814       0.5522127397578216       95558.00994482373        -240465.0265311282       1.0972564512355676       0.8694988672919178
0.06282423914548889       0.038353185807252464     1.2211414426584486       0.48271499664184         93890.04171356461        -293136.02343893406      1.0972564512355676       0.8694988672919178
0.06248905047417471       0.025883812206220054     1.250761122152997        0.25486578161468004      116338.2245914458        -465818.54177788954      1.0972564512355676       0.8694988672919178
0.06026076149421215       0.027532792832345918     1.279839459942298        0.3066148820614261       138376.13504888915       -426598.8982699913       1.0972564512355676       0.8694988672919177
0.06601122127384115       0.04410728791814463      1.1480309981581238       0.5964634831031389       38481.04821893425        -206928.24301256612      1.0972564512355676       0.8694988672919178
0.06631882809303587       0.0408173275678755       1.1479511785152452       0.5269626213806149       38420.55445360105        -259601.60345202326      1.0972564512355676       0.8694988672919178
0.06588051588504913       0.02728860317572348      1.179471889798654        0.2756466600948419       62309.49259896794        -450069.11543546215      1.0972564512355676       0.8694988672919178
0.0635014463771315        0.029010132290530302     1.219225454506598        0.31262358013218083      92437.95130750483        -422045.022081861        1.0972564512355676       0.8694988672919178
0.06965126265310073       0.04653948580890818      1.0614085858165232       0.6405275466524115       -27168.404670161737      -173532.9405050321       1.0972564512355676       0.8694988672919178
0.06959103115869236       0.04295103567462103      1.0747276731736743       0.5626058105196315       -17074.125668431283      -232588.31898043343      1.0972564512355676       0.8694988672919178
0.0695135300141357        0.02879344690028421      1.1133568175290074       0.298040456169091        12202.156577100357       -433097.290007802        1.0972564512355676       0.8694988672919178
0.06655206994519337       0.030394434606546658     1.1625763904010082       0.33090205913922394      49504.72000305611        -408192.1159572308       1.0972564512355676       0.8694988672919178
0.07349375757785215       0.0491069588339404       0.9617350111504591       0.6830048767821143       -102709.08135465307      -141340.192602706        1.0972564512355676       0.8694988672919178
0.07357370697846782       0.04517437930687384      0.9805105628493201       0.5934314397377993       -88479.45343964749       -209226.17010429362      1.0972564512355676       0.8694988672919178
0.07334773917003296       0.030381628333631946     1.0462748154216344       0.3166148726271265       -38637.99688903941       -419020.09860616486      1.0972564512355676       0.8694988672919178
0.07030906141665372       0.03229566379290073      1.0926746121747597       0.3569074994389843       -3472.4873094243617      -388483.095143002        1.0972564512355676       0.8694988672919178
0.07754682376011351       0.05181513107500057      0.8462413633539679       0.7228928249190109       -190239.48584287186      -111109.88728946664      1.0972564512355676       0.8694988672919178
0.07752811717860096       0.04759079405060878      0.8780399415513273       0.6227425999855584       -166139.95773142483      -187011.80800339123      1.0972564512355676       0.8694988672919178
0.08182401674188391       0.0546730600556779       0.7104887470176232       0.7584991983818584       -293123.77121233306      -84124.50470761785       1.0972564512355676       0.8694988672919178
0.08196266240225018       0.05025127941263531      0.7528788000416134       0.6457470834655253       -260997.168942354        -169577.1543885693       1.0972564512355676       0.8694988672919178
0.08633644116716932       0.05768816566187888      0.5463552751427457       0.7868065277334905       -417517.3587157678       -62670.92665027245       1.0972564512355676       0.8694988672919178
0.08642745693736031       0.05273799705463794      0.6162240079339211       0.6529028064860124       -364565.1959001377       -164153.9701499647       1.0972564512355676       0.8694988672919178
0.0910924835476971        0.060866051581586395     0.33895969466742176      0.7960476888711717       -574698.4625636764       -55667.229150411986      1.0972564512355676       0.8694988672919178
0.0920188166222882        0.05554453921805507      0.435106763616495        0.6273833472042527       -501830.4564349037       -183494.6753391285       1.0972564512355676       0.8694988672919177
0.09575572911471487       0.06398193265283954      0.059649857666218255     0.772959721438259        -786381.9921490722       -73165.15364037744       1.0972564512355676       0.8694988672919178
0.09587939643223964       0.05950754478605073      0.25091742056584293      0.6093537445976918       -641424.0012509042       -197158.9628477794       1.0972564512355676       0.8694988672919178
0.09977635347630544       0.06666842796235226      -0.33294489961587836     0.09411077728895428      -1083921.9743081606      -587651.6539931195       1.0972564512355676       0.8694988672919178
0.0987688229288298        0.06213836705952573      0.10895170201291975      0.5266324753771586       -749017.0767618114       -259851.81473008086      1.0972564512355676       0.8694988672919178
0.07739233644458546       0.03205695537908885      0.9754082633117127       0.32882702699468963      -92346.3876898652        -409764.7427328366       1.0972564512355676       0.8694988672919178
0.07434690429300495       0.0339250000341131       1.0176487876572624       0.3725178303739667       -60333.11031659009       -376652.3268972745       1.0972564512355676       0.8694988672919178
0.10226203937426602       0.06278913363804338      0.19763589119073519      0.3288105491790447       -681805.0430392111       -409777.2309509854       1.0972564512355676       0.8694988672919178
0.08166188804602703       0.03382546155765772      0.8990405662950192       0.33250991938481744      -150223.9899410603       -406973.5497387205       1.0972564512355676       0.8694988672919178
0.0782816939839959        0.03568187294782095      0.9421969911390552       0.38354869002748115      -117516.56927390688      -368292.25146675174      1.0972564512355676       0.8694988672919178
0.10468244793802349       0.05866502444986289      0.2943906728861232       0.4217558972347          -608476.4631601718       -339335.7472345367       1.0972564512355676       0.8694988672919178
0.10030389293334124       0.05896420465490031      0.24411398178846788      0.4673136493750678       -646580.1960672963       -304808.40699979896      1.0972564512355676       0.8694988672919178
0.08616541389267265       0.03569088304183611      0.815888449744636        0.3249380612898222       -213243.37269128347      -412712.1147111437       1.0972564512355676       0.8694988672919178
0.08274620712142389       0.03775860763924866      0.8522919237469712       0.3878411859717866       -185653.88300943133      -365039.0517156178       1.0972564512355676       0.8694988672919178
0.10693663712903693       0.054447733098198774     0.2695100866986339       0.44893379263225963      -627332.9787733282       -318738.14535188867      1.0972564512355676       0.8694988672919178
0.10221645570873815       0.054978776724529776     0.2999075989753175       0.4379017295811856       -604295.291456515        -327099.13281417376      1.0972564512355676       0.8694988672919178
0.0909179760957766        0.037659458762383524     0.7243063197125473       0.30280869543381234      -282651.69980314845      -429483.5335848246       1.0972564512355676       0.8694988672919178
0.08712366397985782       0.039858309391973004     0.7586733505292506       0.3815262847183922       -256605.591070435        -369824.9933804509       1.0972564512355676       0.8694988672919178
0.0959319134746549        0.03973629962560432      0.6212405973950937       0.26157435807142854      -360763.2196610503       -460734.24128169223      1.0972564512355676       0.8694988672919178
0.09177678397205487       0.041930465221051656     0.6542536231781065       0.3593422979357917       -335743.2851858757       -386637.8083991943       1.0972564512355676       0.8694988672919178
0.10121654462185672       0.04192526551891461      0.4969142533344623       0.19413013157006756      -454987.75401244656      -511848.9176183637       1.0972564512355676       0.8694988672919178
0.09657214002884902       0.04396355860494313      0.5395975111561729       0.32151100699300555      -422638.9374905845       -415309.41295677563      1.0972564512355676       0.8694988672919178
0.10639806547444812       0.044071521729776963     0.3354545343369355       0.0831560577142209       -577354.9558633264       -595954.0243288545       1.0972564512355676       0.8694988672919178
0.10180219347411047       0.04622489491830852      0.3911238118748202       0.27669146662798166      -535164.2858704266       -449277.27674820554      1.0972564512355676       0.8694988672919177
0.10902100164705734       0.05014400462540187      0.1347102317247927       0.42158327673839696      -729495.1847121731       -339466.57297389663      1.0972564512355676       0.8694988672919178
0.10437731140263862       0.050801992742237505     0.2797064291614974       0.37228244760932566      -619605.3677998878       -376830.71894732816      1.0972564512355676       0.8694988672919178
0.1108655439013544        0.04592201188381078      -0.29219493418882736     0.1726915001695125       -1053038.3627436892      -528096.8421922849       1.0972564512355676       0.8694988672919178
0.10658659596703558       0.047611154913089516     0.21822532377378154      0.24620760855755436      -666200.7098437387       -472380.40387401637      1.0972564512355676       0.8694988672919178
0.05695710051952227       0.03200077619089842      1.3155930016909052       0.343318559424701        165473.05363142845       -398781.89026039455      1.0972564512355676       0.8694988672919178
0.05856468837299328       0.030336243099105206     1.284151797438364        0.3397164403326052       141644.37232879127       -401511.86673236004      1.0972564512355676       0.8694988672919178
0.05921979743869767       0.03318976257475862      1.2872831954483026       0.38167618984864093      144017.59838626665       -369711.38317819405      1.0972564512355676       0.8694988672919178
0.06136559319848327       0.03112423400948317      1.2498838307126403       0.351276056582216        115673.34235685051       -392751.05689249834      1.0972564512355676       0.8694988672919178
0.06291013764764505       0.03454382318228635      1.2223006433860921       0.40988136606810616      94768.57755089898        -348335.2250062614       1.0972564512355676       0.8694988672919177
0.06421521169486298       0.031697826978733315     1.201839044360985        0.3578206814819865       79261.12693942207        -387791.01211401843      1.0972564512355676       0.8694988672919178
0.06648987116534792       0.03725698830590624      1.1514567206240798       0.4564110678853266       41077.337095685965       -313071.26288815384      1.0972564512355676       0.8694988672919178
0.06688403001687847       0.03377425894933411      1.15066610051293         0.3907498594165206       40478.14138712719        -362834.6243033819       1.0972564512355676       0.8694988672919178
0.06922066574842654       0.03958142677359122      1.092815399534686        0.49500827104138595      -3365.7872891521547      -283819.1882604921       1.0972564512355676       0.8694988672919178
0.07082782856483444       0.03645681685287137      1.0716004387196159       0.43029652667258805      -19444.19624733928       -332862.9691766507       1.0972564512355676       0.8694988672919177
0.07340227082050536       0.040783458110279724     1.0054030864109411       0.5031935682519112       -69613.89072125009       -277615.7096331998       1.0972564512355676       0.8694988672919177
0.07491159273321367       0.03717912030477838      0.9937389617869634       0.4275255291287957       -78453.90543908798       -334963.05468327005      1.0972564512355676       0.8694988672919178
0.07688135089183987       0.043929130040155966     0.9174513862247892       0.5476835356448929       -136270.785187738        -243897.6228303889       1.0972564512355676       0.8694988672919178
0.07880971966806279       0.04021229781906629      0.9041217230910013       0.4612109162378271       -146373.0793662721       -309433.5505481922       1.0972564512355676       0.8694988672919177
0.08171040138173268       0.04526788567965475      0.8063252345943764       0.5379093164350686       -220491.1487056412       -251305.31474518566      1.0972564512355676       0.8694988672919177
0.08557338034748915       0.04857626328364881      0.6891008603788832       0.5677427912011634       -309333.23731159297      -228695.1005612269       1.0972564512355676       0.8694988672919178
0.09084942434308108       0.04969467469593168      0.5608219997933814       0.5201290652158513       -406553.30758006306      -264780.6236544909       1.0972564512355676       0.8694988672919177
0.09522684152683981       0.05211219250484013      0.4349742451318431       0.4972477122468376       -501930.88963434845      -282121.95903377165      1.0972564512355676       0.8694988672919178
0.09736251757778025       0.05554601782416557      0.33582215741316324      0.5136265646839211       -577076.3414358204       -269708.7431883689       1.0972564512355676       0.8694988672919178
0.0836259359719249        0.041525862240457415     0.8037696994715932       0.44657380531857094      -222427.93940581227      -320526.73414525867      1.0972564512355676       0.8694988672919178
0.08759164321196088       0.04478957291101074      0.6932642018739195       0.4655956466192845       -306177.92122247576      -306110.44809898187      1.0972564512355676       0.8694988672919177
0.09258164553234109       0.04572379549887709      0.5853884014735267       0.415610398980351        -387934.9063354147       -343993.3016390235       1.0972564512355676       0.8694988672919178
0.09612375909807624       0.048240630846902596     0.4792039401703327       0.4091713167268434       -468410.05822090694      -348873.35768483806      1.0972564512355676       0.8694988672919178
0.0997009844898533        0.051405392173896565     0.36719116100663457      0.41733627345682883      -553302.3796178756       -342685.294714797        1.0972564512355676       0.8694988672919178
0.05814910521914189       0.02151003398912161      1.3618070994185476       0.022825952955728698     -28671.494180898804      -6819.647657428558       1.3996382447227325       0.031824266047601024
0.05895992432535269       0.019176217654915374     1.2433329793452492       -0.007829579399499331    -118460.74102912843      -30052.883407181285      1.3996382447227325       0.031824266047601024
0.06023076002880436       0.02082213021777424      1.2609327733548392       0.06890107878424324      -105122.19715281685      28099.800100615015       1.3996382447227325       0.031824266047601024
0.057280531015699784      0.023726372806635566     1.6054604216843487       0.15857110825257417      155988.65172083816       96058.98313433304        1.3996382447227325       0.031824266047601024
0.05939180266121309       0.022640548468689826     1.330039104918283        0.13357978277939353      -52747.843499152616      77118.54035588019        1.3996382447227325       0.031824266047601024
0.05958873204997708       0.024682460979716832     1.2979043752556445       0.24387923261301936      -77102.1343121555        160712.36255272818       1.3996382447227325       0.031824266047601024
0.05967712113116435       0.01681193663729259      1.1692928906487838       -0.017095261851983047    -174574.29390057983      -37075.16513781281       1.3996382447227325       0.031824266047601024
0.060968333608410835      0.018581844471089525     1.1931778730871316       0.033698743051880246     -156472.32713521723      1420.6299092529807       1.3996382447227325       0.031824266047601024
0.06029954856789565       0.014420972314930527     1.1180177448797066       -0.018265060945480992    -213434.7363144184       -37961.733271882404      1.3996382447227325       0.031824266047601024
0.06178415530476325       0.016278575231170638     1.1394343429508906       0.01910219719590189      -197203.51037517423      -9641.810210015954       1.3996382447227325       0.031824266047601024
0.06080868738500028       0.012095599964999952     1.0887637812470625       -0.014835911602956928    -235605.75020568445      -35362.84723158227       1.3996382447227325       0.031824266047601024
0.06198777743516426       0.014129308235350913     1.106191546859743        0.0048336035904483505    -222397.58332804142      -20455.70165419376       1.3996382447227325       0.031824266047601024
0.06248905047417471       0.025883812206220054     1.2123648387652872       0.2415093576853581       -141930.8965132505       158916.28012774326       1.3996382447227325       0.031824266047601024
0.06187346153268065       0.022826812915820976     1.2349750536878656       0.15699933537091235      -124795.05142135285      94867.7668317889         1.3996382447227325       0.031824266047601024
0.0632590605331932        0.012583009488870553     1.0798673500687124       0.009592819118714808     -242348.1835290716       -16848.784146749415      1.3996382447227325       0.031824266047601024
0.06588051588504913       0.02728860317572348      1.1411910313926283       0.2605105761177368       -195872.15014196033      173316.93650051425       1.3996382447227325       0.031824266047601024
0.06536322221208227       0.02402779245058163      1.1519686118869819       0.19664518034871872      -187704.03009316418      124914.5868378502        1.3996382447227325       0.031824266047601024
0.06633802214976153       0.013195453033093258     1.0637182259700342       0.04367250442937404      -254587.2927048291       8979.550978049016        1.3996382447227325       0.031824266047601024
0.06441320931164753       0.015298653561512547     1.1003432380203226       0.04433753076615022      -226829.90361624034      9483.561591307234        1.3996382447227325       0.031824266047601024
0.0695135300141357        0.02879344690028421      1.0751174207588527       0.28249763935255706      -245948.0631909822       189980.50696668433       1.3996382447227325       0.031824266047601024
0.0690645529282447        0.025338920880700624     1.0854207229549229       0.22403205228754533      -238139.38950205772      145670.5680039882        1.3996382447227325       0.031824266047601024
0.06993838262634966       0.013911609258911554     1.0371550225529242       0.07228992804446525      -274719.031410489        30668.14348708           1.3996382447227325       0.031824266047601024
0.06800476151864551       0.0160698279261399       1.0684348231549403       0.08316012301176985      -251012.6748164905       38906.45425574272        1.3996382447227325       0.031824266047601024
0.07334773917003296       0.030381628333631946     1.0080701453009935       0.30093303539028066      -296761.898000326        203952.3374774484        1.3996382447227325       0.031824266047601024
0.07297796166167736       0.0270862995709987       1.0213109573926404       0.24933716477920273      -286726.9423101521       164848.82390181549       1.3996382447227325       0.031824266047601024
0.07379516985446317       0.014678771936935245     1.0039921666182468       0.09232137321876122      -299852.51926309994      45849.58880500138        1.3996382447227325       0.031824266047601024
0.07126032676953807       0.01685689732323083      1.0356829555879192       0.10746060816879853      -275834.68252497853      57323.32250465864        1.3996382447227325       0.031824266047601024
0.07739233644458546       0.03205695537908885      0.9372189730987545       0.3131575541486001       -350458.63266623765      213217.06408366808       1.3996382447227325       0.031824266047601024
0.07668713130970864       0.02847982382512856      0.9619991524589667       0.2613210114379168       -331678.2134477541       173931.14977319477       1.3996382447227325       0.031824266047601024
0.07786554458380635       0.015488419810471228     0.9671718358476072       0.10391696958483583      -327757.93663655664      54637.667280045185       1.3996382447227325       0.031824266047601024
0.07528511448956401       0.0178967690202196       0.993531440783911        0.1267855393483158       -307780.5012862601       71969.31451480564        1.3996382447227325       0.031824266047601024
0.08166188804602703       0.03382546155765772      0.8608691696079358       0.316763763292693        -408322.67375985015      215950.140327028         1.3996382447227325       0.031824266047601024
0.08101055804964678       0.02993284390696021      0.8939120555335731       0.26356756204012216      -383280.1088594369       175633.76707437122       1.3996382447227325       0.031824266047601024
0.08215926614862697       0.01634249413179879      0.9283428255984562       0.10754868350389074      -357185.69338188163      57390.07309963197        1.3996382447227325       0.031824266047601024
0.07953824367517975       0.018637190931752787     0.94903333796398         0.1328948898235102       -341504.7537719907       76599.47321579613        1.3996382447227325       0.031824266047601024
0.08616541389267265       0.03569088304183611      0.7776598849577855       0.30932918518793995      -471385.3831084788       210315.61720715076       1.3996382447227325       0.031824266047601024
0.08530351631028892       0.03152901168384891      0.8250361634186771       0.2576857333376029       -435479.81690681685      171176.0427294868        1.3996382447227325       0.031824266047601024
0.08669179795310741       0.017244070763251587     0.8891219946931174       0.103115203630258        -386910.403433101        54030.02435207445        1.3996382447227325       0.031824266047601024
0.0838794536245961        0.019867124679695636     0.9041678382256609       0.13465344123930686      -375507.4492845698       77932.24536105944        1.3996382447227325       0.031824266047601024
0.0909179760957766        0.037659458762383524     0.6860406684465206       0.2872649834706977       -540821.817346452        193593.5849753612        1.3996382447227325       0.031824266047601024
0.09015551585174059       0.03331644167364591      0.7462876566926022       0.2369361755586005       -495161.78884281777      155450.35374139575       1.3996382447227325       0.031824266047601024
0.09147271549145711       0.01819505438905165      0.8514600285551701       0.08970987560904943      -415453.6799922148       43870.385217104726       1.3996382447227325       0.031824266047601024
0.08856446901279755       0.020841909500896354     0.8590931328949168       0.12339588624518809      -409668.6976740866       69400.36191133154        1.3996382447227325       0.031824266047601024
0.0959319134746549        0.03973629962560432      0.5820961766986644       0.24688694796326918      -619599.3395790522       162991.85191180263       1.3996382447227325       0.031824266047601024
0.09502152519980674       0.034839135519770636     0.6693677245300802       0.19586018948412773      -553457.9194426208       124319.65742650907       1.3996382447227325       0.031824266047601024
0.10121654462185672       0.04192526551891461      0.4561170052319327       0.18099238863735856      -715076.5198912037       113051.6383899892        1.3996382447227325       0.031824266047601024
0.10111081747407923       0.036510554757492146     0.5778851747769644       0.11079832414244904      -622790.7765848048       59852.91296105511        1.3996382447227325       0.031824266047601024
0.10639806547444812       0.044071521729776963     0.28155254457252465      0.09781086862997534      -847375.5522822299       50009.971327739506       1.3996382447227325       0.031824266047601024
0.10569441673682593       0.03967173012377095      0.45539597923647074      0.017944850786014373     -715622.9715639442       -10518.940695745749      1.3996382447227325       0.031824266047601024
0.1108655439013544        0.04592201188381078      -0.07625351098325595     -0.4541888282447227      -1118549.849472305       -368339.9350667178       1.3996382447227325       0.031824266047601024
0.10903191310017708       0.04166087157663516      0.3566060668564723       -0.10195828362213248     -790493.9376729538       -101391.20990178616      1.3996382447227325       0.031824266047601024
0.09651800861569697       0.019198625588518512     0.8179463782948826       0.06631967200898424      -440853.02808734676      26143.401774837013       1.3996382447227325       0.031824266047601024
0.09320425304282208       0.02202834800653115      0.8175316539446493       0.1043170836774271       -441167.33966049063      54940.906021171984       1.3996382447227325       0.031824266047601024
0.11254665526285526       0.041632323849912764     0.4453869859017748       -0.3131643367867115      -723208.5942524715       -261460.19738784523      1.3996382447227325       0.031824266047601024
0.10184077614654634       0.020257389879091342     0.7923524704499346       0.031757630905922436     -460250.1564043082       -50.50148657988757       1.3996382447227325       0.031824266047601024
0.09818024204549182       0.023169856313217146     0.7803597107758632       0.07153104865977737      -469339.23727783974      30093.003461919918       1.3996382447227325       0.031824266047601024
0.11411598256519873       0.03711525997725556      0.6207038526994442       -0.2199612991611998      -590339.3277846978       -190823.41572460663      1.3996382447227325       0.031824266047601024
0.10990648900469793       0.0382603840571296       0.5124559518331536       -0.1289498573436868      -672378.3206522769       -121847.60218566559      1.3996382447227325       0.031824266047601024
0.10745091064909051       0.021373315014310702     0.7798068825633342       -0.013622928493822605    -469758.2151002428       -34443.55076631702       1.3996382447227325       0.031824266047601024
0.10329043857041821       0.02423742579582013      0.7539100072450323       0.02599577174844241      -489384.95661234885      -4417.303230923931       1.3996382447227325       0.031824266047601024
0.1155041054151568        0.03253923220121146      0.7111152341663945       -0.16093305566983415     -521818.2883931164       -146087.05032611694      1.3996382447227325       0.031824266047601024
0.11101029687812965       0.03397642142396935      0.6335513396249054       -0.11041645774890867     -580602.4656394805       -107801.49667230237      1.3996382447227325       0.031824266047601024
0.11295158384672083       0.02246746694223318      0.7843867897915257       -0.06330823524750197     -466287.19188943814      -72099.0849038656        1.3996382447227325       0.031824266047601024
0.1088572804630662        0.025470419235547513     0.7431277599540158       -0.033683469113678075    -497556.61353617953      -49647.04696034441       1.3996382447227325       0.031824266047601024
0.11670880367979805       0.027911559319220347     0.7650951749518929       -0.11919994720500404     -480907.9340892122       -114458.33364626963      1.3996382447227325       0.031824266047601024
0.11230043077780551       0.029458408083888058     0.7138025748137679       -0.09090253073074439     -519781.60483215796      -93012.26836718176       1.3996382447227325       0.031824266047601024
0.11769423364838763       0.02341083864193539      0.7879958810937477       -0.09392877247811252     -463551.9313141115       -95305.79852472791       1.3996382447227325       0.031824266047601024
0.11381799366488496       0.025899405232999145     0.7589949377595061       -0.08433103571071379     -485531.18600921874      -88031.85924365012       1.3996382447227325       0.031824266047601024
0.06209834703647905       0.020248680598886206     1.2004016948833478       0.08824590599941573      -150997.53215006125      42760.870931821315       1.3996382447227325       0.031824266047601024
0.06335894177429696       0.01842873616684773      1.1511208938265192       0.0712318198804862       -188346.49923445433      29866.22375077925        1.3996382447227325       0.031824266047601024
0.06456554621649808       0.020954599410458602     1.1550090700663593       0.1304736950219111       -185399.72557644002      74764.49644978235        1.3996382447227325       0.031824266047601024
0.06630558804885742       0.018565678725179065     1.1074024468894645       0.10302932194170955      -221479.86558842086      53964.936279438436       1.3996382447227325       0.031824266047601024
0.06843418533184077       0.021612291336320005     1.0901176752185715       0.161528775780019        -234579.66012002746      98300.54221535793        1.3996382447227325       0.031824266047601024
0.06915249546192051       0.018561000458914248     1.0677773345757777       0.1194925883928368       -251510.97270887223      66442.1278753235         1.3996382447227325       0.031824266047601024
0.07244118046665951       0.023561956378033475     1.0321649032457          0.19692306868058787      -278500.94643126545      125125.19303615752       1.3996382447227325       0.031824266047601024
0.07219738134123803       0.020057567419983307     1.0324373217902305       0.1485415258913149       -278294.48567911325      88457.75642032495        1.3996382447227325       0.031824266047601024
0.0756255429813924        0.02527891472029864      0.9855142250992405       0.21810604267785433      -313856.5941722086       141179.359803072         1.3996382447227325       0.031824266047601024
0.07661098552790535       0.021856490003181673     0.9776203229907451       0.1722292691772715       -319839.23008102085      106410.23944247661       1.3996382447227325       0.031824266047601024
0.08002520156135713       0.025666250005750676     0.9260970339005349       0.2114608506800801       -358887.7355241621       136143.09716383167       1.3996382447227325       0.031824266047601024
0.08106680299626468       0.021918765261042028     0.9261866517443142       0.1639039518857505       -358819.81589165406      100100.6423007909        1.3996382447227325       0.031824266047601024
0.08391924810298182       0.027978594834211334     0.8667118248286343       0.2215385579949012       -403894.63824006054      143780.796850437         1.3996382447227325       0.031824266047601024
0.08525442848797994       0.024264856546903923     0.8720854388651039       0.17225923069063648      -399822.0799725742       106432.94669464111       1.3996382447227325       0.031824266047601024
0.08890847384229007       0.02842984514964095      0.8059933779119379       0.19219020188488642      -449911.9761622275       121538.2447241033        1.3996382447227325       0.031824266047601024
0.08987108825744132       0.024324471706580694     0.8274118532697206       0.144844526744776        -433679.32746373693      85655.8721880479         1.3996382447227325       0.031824266047601024
0.09328030013158402       0.030895456607910057     0.7371494791140885       0.17571367600308954      -502087.4370926844       109051.00406186748       1.3996382447227325       0.031824266047601024
0.09457521975401383       0.026700082994385848     0.7694641650446231       0.1261624230162004       -477596.7609007476       71497.06668443678        1.3996382447227325       0.031824266047601024
0.09873262817100499       0.030916601691587865     0.6907686081199591       0.10814735764613899      -537238.6032051758       57843.79666648964        1.3996382447227325       0.031824266047601024
0.0996981546738222        0.026696885917977586     0.7383892884419204       0.07197468602618085      -501147.8095545134       30429.227651459852       1.3996382447227325       0.031824266047601024
0.10359620942161851       0.03248400754527114      0.6417790964517748       0.038492468041590046     -574366.8076892217       5053.701470850408        1.3996382447227325       0.031824266047601024
0.10638204195130299       0.03547589591628342      0.5745263136600258       -0.014921051178507158    -625336.3925368045       -35427.37287111353       1.3996382447227325       0.031824266047601024
0.10371224482818221       0.028460462794876948     0.7035804158970071       0.027691540218299907     -527528.7815972692       -3132.1130675086947      1.3996382447227325       0.031824266047601024
0.10790442034062477       0.03095388187969396      0.668781810973356        -0.036444241439444934    -553901.9720082268       -51739.38297175919       1.3996382447227325       0.031824266047601024
0.06122814623772081       0.009752646219989523     1.048664786843189        -0.02747107673624456     -266270.1707435769       -20819.798355381394      1.3999999999999997       0
0.06156806082049873       0.007305743412095073     1.0224633965766945       -0.02267705841590682     -286127.6982521126       -17186.504484167788      1.3999999999999997       0
0.06311487252350838       0.008686324230777786     1.0348674814045473       -0.008639238473537382    -276726.88199076033      -6547.511941015022       1.4000000000000001       0
0.06080868738500028       0.012095599964999952     1.0858555862256642       -0.026059107088311773    -238083.98236614862      -19749.693836504128      1.4                      0
0.0626526166243965        0.010639652789213253     1.0558763441045802       -0.007863555962584059    -260804.67081243088      -5959.637151071429       1.4                      0
0.06181022883289804       0.004847227209939925     1.0051431275586113       -0.015900700339108353    -299254.39553739503      -12050.83360758129       1.3999999999999997       0
0.06337249761093258       0.006347917131486896     1.016468411347221        -0.008368487503719671    -290671.18174274854      -6342.315011522577       1.4000000000000001       0
0.061954263000961685      0.0023810283508751817    0.9952758395077946       -0.008128627946903647    -306732.62252881937      -6160.530087164952       1.3999999999999997       0
0.06375473979909908       0.003897622530635334     1.0039749593631289       -0.005135592944122194    -300139.7276453655       -3892.16667983289        1.4000000000000001       0
0.062                     0                        0.9922892785896852       -5.300949495899772E-4    -308996.0793524487       -401.74872159663784      1.4                      0
0.06364431392616776       0.0017379818280199022    0.9979483746249855       -0.0028505188383883963   -304707.159793164        -2160.353159552766       1.4                      0
0.06454538309480398       0                        0.9976136205850669       -2.2791347890754616E-4   -304960.8634130356       -172.7312226924114       1.3999999999999997       0
0.0632590605331932        0.012583009488870553     1.0738910317254373       0.00956264164200417      -247151.68708330803      7247.341363530296        1.3999999999999997       0
0.06777688108713231       0                        0.9957731347203174       -2.073236367305114E-5    -306355.7320943006       -15.712657907356819      1.3999999999999997       0
0.06609967770712555       0.002427554518624733     1.0000103624069234       0.0014047596375803936    -303144.41908797115      1064.640191318567        1.4000000000000001       0
0.06633802214976153       0.013195453033093258     1.0578081254192873       0.04238347203567464      -259340.61107334433      32121.614666070167       1.3999999999999997       0
0.06508969485215746       0.010326250205679333     1.0426124554843001       0.013940277414211399     -270857.11575784965      10565.066945447852       1.4000000000000001       0
0.0715420620825323        0                        0.9851002441198004       1.6467165785312602E-5    -314444.50969502114      12.48014682593445        1.3999999999999997       0
0.06986057794577095       0.0026656175379405293    0.9926485628113372       0.008083227689286663     -308723.7847817305       6126.122108986911        1.4000000000000001       0
0.06993838262634966       0.013911609258911554     1.0313589730292836       0.07095321548904228      -279385.91270886763      53774.07130164529        1.3999999999999997       0
0.06854262619953073       0.010877004816852921     1.0266965407208999       0.04021198989368776      -282919.4800836802       30475.890300674986       1.4000000000000001       0
0.07551907084975426       0                        0.9675760313195774       3.8979066348786126E-5    -327725.77203287696      29.541481364363182       1.3999999999999997       0
0.07384999461242804       0.002875985668921724     0.9766264574115225       0.013166765830329578     -320866.628939444        9978.837459192457        1.4000000000000001       0
0.07379516985446317       0.014678771936935245     0.998308090239143        0.09097652846019329      -304434.53827839973      68949.353379906          1.3999999999999997       0
0.07218466419194086       0.011445686202333783     1.0033431012512752       0.059462593078383606     -300618.60070171877      45065.55055946034        1.4000000000000001       0
0.07971693569276571       0                        0.9456955631746463       6.873164379052301E-5     -344308.5561396891       52.09038502901482        1.3999999999999997       0
0.07795253064783514       0.003068990907054166     0.955576890094432        0.01634298602398286      -336819.68936068483      12386.033383803015       1.4000000000000001       0
0.07786554458380635       0.015488419810471228     0.9614709013888919       0.10259450096032585      -332352.73206471925      77754.39029467649        1.3999999999999997       0
0.07610863183814782       0.012073278853014872     0.9743218279556967       0.07248759752260013      -322613.26308177673      54936.94980275064        1.4000000000000001       0
0.08414778776039672       0                        0.9218790072339758       9.957511654204753E-5     -362358.66378436703      75.46605717437342        1.3999999999999997       0
0.08231258586903088       0.003269332050024122     0.9314506232313904       0.017771181944962734     -355104.5209302432       13468.435481553626       1.4000000000000001       0
0.08215926614862697       0.01634249413179879      0.9226700415667008       0.10626147229540879      -361759.1541452785       80533.51702874666        1.3999999999999997       0
0.08029638781012319       0.012743952203822009     0.9417697524276415       0.0790406433985681       -347283.85226363706      59903.37667640904        1.4000000000000001       0
0.08882598806287301       0                        0.8985376193396353       1.2616031806507024E-4    -380048.6507463176       95.61446781953175        1.3999999999999997       0
0.08689681553555642       0.003449727570581943     0.9069226086878747       0.01724425082199819      -373693.8293056262       13069.084563035673       1.4000000000000001       0
0.08669179795310741       0.017244070763251587     0.8834552909920741       0.10180466312912302      -391479.2560313146       77155.7874609769         1.3999999999999997       0
0.08473882115272713       0.013447376685770576     0.9078472033514345       0.07891739842622018      -372993.09687199787      59809.9716927881         1.4000000000000001       0
0.09376241099663772       0                        0.8781562090229015       1.445970345418508E-4     -395495.3278848525       109.587299065548         1.3999999999999997       0
0.09174146286136836       0.00357168069938182      0.8843997002377274       0.014591201657739028     -390763.50650870794      11058.389854665826       1.4000000000000001       0
0.09147271549145711       0.01819505438905165      0.8458364023637867       0.0884010581640514       -419989.8849780548       66997.45419696633        1.3999999999999997       0
0.08942879254670993       0.014190281734360816     0.8747786404586265       0.07182076499125482      -398055.12184978655      54431.57030952167        1.4000000000000001       0
0.0989752206681675        0                        0.8632310967365847       1.1302010444274929E-4    -406806.78215422813      85.65575376583729        1.3999999999999997       0
0.09684705278530821       0.0036239484140745274    0.8665631918660361       0.010016254247775148     -404281.4516270633       7591.125594279089        1.4000000000000001       0
0.09651800861569697       0.019198625588518512     0.8123737915063703       0.06495522227691995      -445350.5512957612       49228.30811906955        1.3999999999999997       0
0.09450045208581452       0.014951641210975994     0.8445443301095824       0.056540838644407225     -420969.1215784761       42851.20931818414        1.4000000000000001       0
0.10447640189169256       0                        0.8563187275041112       8.126934399999143E-5     -412045.5332581543       61.592465806830056       1.3999999999999997       0
0.10207883273183019       0.0034500974898125873    0.8563164571524152       0.003950328689372355     -412047.25391384464      2993.877798815898        1.4000000000000001       0
0.10184077614654634       0.020257389879091342     0.7868103361533899       0.03049981502130361      -464724.60025736014      23115.22059061386        1.3999999999999997       0
0.09982394435604208       0.015819105517710617     0.8209092405856069       0.03316099897712709      -438881.69933161995      25132.080500357435       1.4000000000000001       0
0.11028539478605208       0                        0.859673393623901        -1.6781528656686592E-4   -409503.096613452        -127.18396373095068      1.3999999999999997       0
0.107248112034671         0.0036958302464655322    0.8544936304159919       -0.0018661411063351262   -413428.7390829011       -1414.3122932391125      1.4000000000000001       0
0.10745091064909051       0.021373315014310702     0.7742507567027737       -0.014578627003818076    -474243.2628893649       -11048.859767383974      1.3999999999999997       0
0.1051356811352823        0.016938018797630055     0.8063977240491923       0.00359439563381365      -449879.6973722396       2724.12301213985         1.4000000000000001       0
0.11566336241104153       0                        0.8722532169755607       -2.4437398759770797E-4   -399969.0915199308       -185.20632423453694      1.3999999999999997       0
0.11248898221431797       0.003313843360341027     0.8623064995130499       -0.007487140346483063    -407507.51652801206      -5674.359027454979       1.4000000000000001       0
0.11295158384672083       0.02246746694223318      0.7782360022203821       -0.06235733223136789     -471222.92230097344      -47259.41744117032       1.3999999999999997       0
0.11076085104647707       0.017899728314980642     0.8058401299490784       -0.03384294936088644     -450302.2871687732       -25648.917521875137      1.4000000000000001       0
0.12                      0                        0.8884149737201348       -3.724921031855372E-4    -387720.4083058939       -282.3045689746408       1.4                      0
0.11680467844602091       0.002922904449972809     0.8749411981275774       -0.010164162572416167    -397931.92253287684      -7703.222456141275       1.4                      0
0.11769423364838763       0.02341083864193539      0.7861980058513114       -0.11600984084348022     -465188.6735639352       -87921.61722639966       1.4                      0
0.11510070201821046       0.019493260618772143     0.8096799643020514       -0.06845357327140068     -447392.15089291724      -51879.64075450791       1.4                      0
0.11851234784447717       0.018836756843725693     0.8336127236401992       -0.08878907949669905     -429253.97493817937      -67291.52806894718       1.3999999999999997       0
0.1191765657295766        0.014033751490742038     0.8605594410413603       -0.06285277352735834     -408831.57839296415      -47634.90282816429       1.3999999999999997       0
0.11521938162849099       0.015791308443505493     0.8331229737115229       -0.053593632674883505    -429625.1469478353       -40617.578849804886      1.4000000000000001       0
0.11992051208535767       0.004367010554783047     0.885948704437725        -0.018575067484977028    -389589.5461501377       -14077.684802379212      1.3999999999999997       0
0.11964621301538814       0.00920780707206533      0.8769934365328501       -0.0398088941947566      -396376.57069191424      -30170.391857703664      1.3999999999999997       0
0.11567618440627853       0.006589055132828383     0.8663139336088174       -0.021059654151344847    -404470.35964488634      -15960.705038058506      1.4000000000000001       0
0.11532234083455285       0.011010297950465719     0.8536662106986194       -0.03537125806559322     -414055.82450209884      -26807.193164372537      1.4000000000000001       0
0.06483742844694049       0.007784490024142884     1.0244356140445465       0.0030074671754624065    -284632.99273372756      2279.30127219744         1.4                      0
0.06564745771650894       0.0056440261448653705    1.010849915157287        0.0035384474782026443    -294929.33146356296      2681.7209858428687       1.4000000000000001       0
0.06720614061970998       0.008053916062978063     1.0184319000663038       0.018125398048772723     -289183.0915744287       13736.889023668444       1.4000000000000001       0
0.0686129682256435        0.005346021672518237     1.002349408360705        0.013997886308439096     -301371.70134671667      10608.727613459263       1.4000000000000001       0
0.07049589807628981       0.008346265111234758     1.0040199928488167       0.03360398263856205      -300105.5976365471       25467.80925953039        1.4000000000000001       0
0.072203076656746         0.005567373082541971     0.9879830772331761       0.023823843133587874     -312259.6661707223       18055.63046741152        1.4000000000000001       0
0.07422591256416779       0.008787588830183572     0.9827456657482392       0.045998143577928974     -316228.9991556459       34861.104397514835       1.4000000000000001       0
0.07608268655117953       0.005996679182757236     0.9677122618786953       0.031588975578990854     -327622.52552390663      23940.674336216955       1.4000000000000001       0
0.0782801692144164        0.009296353269332093     0.9563189253164831       0.05396314260040167      -336257.31520098133      40897.623283936955       1.4000000000000001       0
0.08034625519952761       0.006359603004081653     0.942514596885302        0.035700436767453554     -346719.3490385359       27056.67134323751        1.4000000000000001       0
0.08262012618694252       0.009817316415150172     0.9270556563939295       0.05677136869942876      -358435.3813917045       43025.923593364736       1.4000000000000001       0
0.08482480834134566       0.006709770784741367     0.9159371055659582       0.03607764802756006      -366861.91626927635      27342.552470075007       1.4000000000000001       0
0.08723246573126353       0.010347325357462361     0.8974502693343824       0.05418907578985844      -380872.732309208        41068.853683511064       1.4000000000000001       0
0.08953879089175831       0.007015701495887615     0.8904424909930224       0.0325632648007081       -386183.7921335878       24679.069315442932       1.4000000000000001       0
0.09214572892515317       0.010866986517066232     0.8699946681928287       0.04581346996837208      -401680.8020103402       34721.14383646912        1.4000000000000001       0
0.0945324478123027        0.007215416986283846     0.8686273775372038       0.02501491112108421      -402717.0451840833       18958.31788535703        1.4000000000000001       0
0.09761352257982796       0.011439793519148126     0.8466722175826207       0.030777016314231128     -419356.43677048874      23325.306095379947       1.4000000000000001       0
0.09986075238539711       0.007290421580479472     0.8534365477724016       0.013824868857725674     -414229.88159711077      10477.601030020218       1.4000000000000001       0
0.10380797766101399       0.011314699854260521     0.8354569880157641       0.007169925082960416     -427856.24259656295      5433.947707389132        1.4000000000000001       0
0.10428468074209955       0.006698573219297217     0.8491371410672629       0.002962255954980536     -417488.31888037396      2245.036561612168        1.4                      0
0.10827628229105964       0.013662355609709003     0.8262167533315719       -0.012770020752197419    -434859.237955222        -9678.152029039537       1.4                      0
0.10987440091406456       0.008712485864871007     0.8468961612609124       -0.012466548627976288    -419186.71418299206      -9448.156368751963       1.4000000000000001       0
0.11189065134292904       0.013415235236706374     0.8338145887645517       -0.029200493636940737    -429100.98526018625      -22130.490014488358      1.4                      0
