% Model:              
% Version:            COMSOL 5.3.1.275
% Date:               Feb 17 2019, 15:52
% Dimension:          2
% Nodes:              245
% Expressions:        1
% Description:        Magnetic flux density norm
% Length unit:        m
% x                       y                        mfnc.normB (T)
0.14159                   0                        1.499110679731388
0.14146580151369847       0.005929173811489362     1.3622706563668245
0.13755033505285413       0.004225074101427109     1.3941370194919658
0.13539165286655042       0                        1.4027072808858072
0.14109342394113839       0.011847945837408601     1.3290311408878188
0.13674113009524785       0.008861587980495364     1.3720391807422392
0.10277716688439459       0.09738881900514697      0.9088443365272241
0.10130523956979741       0.09891904030926464      0.9035340081159663
0.101067565739965         0.09724838373121933      0.9017959082393378
0.10011924914820326       0.10011924914820323      0.9058134882315443
0.10013298316446474       0.09849561387256767      0.898750895616141
0.10462458651445657       0.09540138362035934      0.9262114939607601
0.10212043288656528       0.09522719605849633      0.9127465243557019
0.14047352055911508       0.017745932540383688     1.335341052693158
0.13624432297294214       0.014176578669236925     1.3646879250703767
0.13960717888880808       0.02361278684756053      1.3847445639434275
0.1353687490642026        0.019435556483174292     1.380371604289017
0.12845120077469183       0                        1.4043665767306692
0.13157144532030038       0.005602604008118995     1.3965499973319155
0.09896590240280394       0.09896590240280391      0.8948464421741411
0.13849591878789955       0.029438216302886542     1.5472568548485703
0.13419562596424398       0.024799048356233488     1.4146179675878956
0.10669674343580207       0.09307810182956353      0.9588258680872114
0.10361457693336333       0.09243604506330572      0.9422374356536332
0.13714168978420982       0.035212001123644636     1.3894753193839506
0.1329602780162845        0.029849088889584964     1.4287603300616205
0.1212382511506985        0                        1.416094605384109
0.12449184398417464       0.005530623776420297     1.4086035732577102
0.09753649782409661       0.09753649782409658      0.873743185648057
0.09914628609106578       0.09725034160337888      0.8886663076172822
0.09609245918417074       0.09609245918417071      0.8489412649431215
0.09800859628902608       0.0956924191513319       0.8742543779460296
0.10907541091504006       0.09027891688381698      1.01632196468958
0.10532944117816581       0.08968679346626195      0.9882327987020004
0.13554686765556936       0.04092401212935433      1.3601349966488303
0.1313525757545717        0.03574063141561365      1.4032415910643872
0.1337142502619203        0.046564228511729186     1.3763935447664337
0.1295366504770844        0.04138594413990896      1.3945446923737796
0.11454195850304483       0                        1.431808361922499
0.11796797837020578       0.00529913213142402      1.4218916791644434
0.09480418876102457       0.09480418876102455      0.8267555071953154
0.09667539628717352       0.09426966190703069      0.8567857171490835
0.1118152812219276        0.08686236806155599      1.1210727654829864
0.10751410101914856       0.08624984222743098      1.070911770864865
0.11454871623354881       0.08322451387209127      1.4799276711328468
0.10982826008408847       0.08239280501915891      1.1814490325458185
0.13164705263690715       0.052122755414649606     1.4505442749725432
0.12783711592866953       0.04711219035489714      1.4120883390506884
0.12934890134761584       0.05758984129310253      1.6632205063887986
0.1259778813724805        0.052439759613608014     1.4503460204193441
0.126736951229983         0.06313060504168232      1.3607511063224893
0.12358786010721298       0.057525873669298705     1.4232777637915996
0.12388779379636246       0.06855321034255028      1.284369449380349
0.12086447161382376       0.06223484735758796      1.3503164922788953
0.10896450018907916       0                        1.4489530207136927
0.11194816001910524       0.004700910949485201     1.4379749957751053
0.09339748213669495       0.09339748213669492      0.8045199638394512
0.09537599060231504       0.09263566784597915      0.8406720615660088
0.12080675291107289       0.07384752230835476      1.2637302967066129
0.11794529334758587       0.06765089794510769      1.2877465717860788
0.11755082798332614       0.07892737763561168      1.3087078286246976
0.1147687084241853        0.07269757108126043      1.25625551390466
0.11221884518740166       0.07798467545133801      1.25106538608945
0.10427844977741867       0.004370561979695916     1.473439563894152
0.10437                   0                        1.4549666770279037
0.10717333823899511       0.003304991070658763     1.4560544050389255
0.10400395971987159       0.008733456508583494     1.4693111876928213
0.10747056540030196       0.0069549373745731195    1.453074082717755
0.09170550361920965       0.09170550361920961      0.7814412945180265
0.09400496043878519       0.09080812740988183      0.8267785546799177
0.08445914940190986       0.08445914940190984      0.7303967048986871
0.08247883101652778       0.08247883101652775      0.7294773475232336
0.08531443186829823       0.0817925097334391       0.7800297394897874
0.0869605623520665        0.08696056235206648      0.7394321770542446
0.08753131693958613       0.08371587029298175      0.7872676622178171
0.08955168492585575       0.08955168492585572      0.7582439238776931
0.0921748272180344        0.08859674658427884      0.811525020010638
0.09004758038280848       0.08611690360080011      0.7994317989988279
0.08077079463039405       0.08077079463039402      0.7330621958157274
0.08325889972011631       0.080170617135725        0.7755889885068122
0.10354701137619071       0.013081029587116655     1.4500319498074434
0.10706586211581376       0.011271629480218509     1.4434247809626763
0.10290840638904511       0.017405654094779965     1.4060117004601587
0.10670377537386383       0.015673662334253678     1.4212918064642552
0.07927897615674998       0.07927897615674993      0.7394759420410991
0.08133039343451867       0.07875669388722378      0.7734804765166193
0.07797606378662286       0.07797606378662283      0.7475367186736562
0.07994196886189252       0.07761885329991738      0.7762474417430828
0.10109102452700033       0.025955763523375867     1.4444395958115763
0.10208926508858729       0.02169974317064954      1.300299441580871
0.10520097754510067       0.024999032282569986     1.4086172955785379
0.10618677327684525       0.020393271998526287     1.3919683987073121
0.07683839336554119       0.07683839336554116      0.7563960498026208
0.07847296053642672       0.07647208890510607      0.7803265853884459
0.09991543595742482       0.030166248647084618     1.485576090741529
0.1040243054184708        0.029444218621481628     1.4455750435828196
0.07570466853369424       0.07570466853369422      0.7668742924551942
0.07719821882639848       0.0753037910251442       0.7888918863868536
0.07465094859678169       0.07465094859678166      0.7780408367725488
0.07584049365126239       0.07447683445925767      0.791883830132139
0.09856456176168248       0.03432381192011566      1.5059210225113293
0.10265685826689504       0.03377596140913125      1.4666044681694534
0.09704077183214918       0.03842115956371903      1.5231234941073855
0.10112312441601527       0.03803019470201558      1.4758424436883315
0.07380073475243998       0.07380073475243995      0.7880093323032147
0.07498032886807207       0.07381095981803157      0.7974021531378912
0.07464158293135673       0.07295019532188646      0.8116572363086156
0.09534673941415828       0.04245110343782126      1.5461411540599375
0.09941956072745904       0.042199369532707635     1.470590982770233
0.09342139699041832       0.046535357357160696     1.4227226195634284
0.09748562153361263       0.04627576518088373      1.4256763308915554
0.07567616945203251       0.07187638191413959      0.8412931720564726
0.07591271006224298       0.07313655605220115      0.8186063789819084
0.0913212023343905        0.050532513337467166     1.361996256652045
0.09537312211371904       0.05030500326562553      1.3660592921120722
0.08905007981728          0.05443510066616987      1.306264188873013
0.09295552293281927       0.054280893581360644     1.3072716637722201
0.08665004531831165       0.058179605931413185     1.2564059109455294
0.09042465435867189       0.05781287472824828      1.2516123339944913
0.07696562301473248       0.07049389884205635      0.8791375617613123
0.0773847944913106        0.07222250049454194      0.8494248090195587
0.07856405724361902       0.06870797486042901      0.9276492012720888
0.07921702418583172       0.07100704101250623      0.8898492564623353
0.08047161850161587       0.06646364055429398      0.9887710675247936
0.081794039991895         0.06909256075098351      0.9521220197851367
0.08249374393235455       0.06393652408461938      1.061710620928073
0.08363998146237694       0.06666118113285258      1.0200206453109184
0.08443710370291327       0.06134714678176541      1.1999832524810463
0.08577185849604815       0.06470503210060835      1.0877017437841447
0.08827792762477439       0.06034151682964792      1.2073518916345947
0.09998888345216836       0.09530183498495692      0.8953011150159305
0.13259189369084248       0.011303920520696318     1.384162235522209
0.09861205489548153       0.09370371940435751      0.8837568177729599
0.10099174881696357       0.09284786450948893      0.9140978373073806
0.13119722048710658       0.015864528653263297     1.3896788112172078
0.13088260217997083       0.020820328328326806     1.4003220546516897
0.12728781229102815       0.011013824555476861     1.3998185829113436
0.0990031980539597        0.09151846847577068      0.8978005529789136
0.0972104975938203        0.0926086333357695       0.8685697470570967
0.12785902884829847       0.025638313285867777     1.4123726141728916
0.10154419662941434       0.08967940006986172      0.9429617650944894
0.09877661193253683       0.08923103047139085      0.9097327825146196
0.12818434947867302       0.03161344612628323      1.4129759082366355
0.12479552487104964       0.0184630513768335       1.4059450624134868
0.1207892742178005        0.011504896699212291     1.412606447610979
0.11479838234641108       0.010058361363426327     1.425096822281284
0.09650655283763517       0.09047403318536021      0.8684697621378797
0.09717222542276505       0.0879589220890579       0.8959263483149167
0.09486940621882184       0.08803933108776821      0.8598641647422164
0.12073844430183933       0.02326330170395771      1.4114028008939747
0.12339551745783964       0.02973627645542982      1.412345430972498
0.10350652544413354       0.08611207642807478      1.0060373921866814
0.09965688671890982       0.08652432853690371      0.9448970037983895
0.09310079951317429       0.08535406216116202      0.8559442350830871
0.09630004782749592       0.08539201189372508      0.9051133804372774
0.1253323550884357        0.03551262722614874      1.4080212639751974
0.12059469320416283       0.033331867827978735     1.4121017606208
0.12376742111829137       0.04215675557396372      1.4058665135731518
0.11694709681765664       0.016837663023278316     1.414521793441186
0.11498544333638973       0.023586108931486462     1.4132758248913264
0.11035362253060735       0.009348074258796836     1.4375072026948836
0.11074178572354704       0.013657689865716062     1.425693748729662
0.11733377677263056       0.02922349728693272      1.4145314546919516
0.11250204799998302       0.027629183467804658     1.4169403153726177
0.09096629134813386       0.08252249528845593      0.8539991141365665
0.10552969655452739       0.08216609075941218      1.0857694907167268
0.10763162130529903       0.07788362557299802      1.1617806985452603
0.10146483056463529       0.08236600350857813      1.0140257674570647
0.0981584100375122        0.08286416765202523      0.9580693639570402
0.09479087073155226       0.0815419851612671       0.9220741321671682
0.12237943970533328       0.04800369887552335      1.4112234480572674
0.12137621606334305       0.05290404197889134      1.4122686751122333
0.11751665124518448       0.056578215960828036     1.3672082285289275
0.11580589008490447       0.06230628082118993      1.3150486682402316
0.1199231294850736        0.03790013096048596      1.4096644024468137
0.11687551236339791       0.03436292090465122      1.414594123720168
0.11868181071187962       0.04333518290590281      1.405541705867967
0.10967057979597616       0.02404592020600778      1.4097876190324792
0.11087257572071312       0.019032386059878097     1.412130219028949
0.1122447787448014        0.03265482171722045      1.4217885459563973
0.10827566137054329       0.02863557232865789      1.424716608419548
0.08822849174088758       0.08050169132190342      0.8397040758237093
0.08593551653220088       0.07910310360435686      0.8279185118720794
0.11154806843544149       0.06628177020982194      1.2606938919264226
0.10944013638586665       0.07291939079378738      1.207546601610236
0.09151310491587136       0.07851766826109739      0.9122041201861216
0.1032184033371974        0.07799787428780276      1.0853502474170702
0.10524260517737191       0.07418965333610032      1.1469572212536758
0.09857941434496778       0.07849650915965212      1.0111095911899943
0.09489609633952874       0.07760746404357877      0.9700381272687801
0.11666182137172502       0.049725939621466646     1.3903648114489204
0.11289137619393583       0.05331695994338399      1.3601448553592843
0.11114474262315681       0.05878667429463461      1.3135694343188995
0.11428698442427408       0.03870143132427053      1.4139617682549652
0.11378561853237157       0.04434536864043407      1.4017123100177915
0.10952910228060693       0.03673334795169082      1.4272662842697537
0.08366234098591084       0.07784963350960697      0.8177202288641054
0.10700663808371974       0.033134102789255174     1.438525836151008
0.08811028884123497       0.07735850075108953      0.8828162272889294
0.08566814042286973       0.07694491189220642      0.8576524050492683
0.10694432689009567       0.0626657564397192       1.2569136146828306
0.10523096978550052       0.06847904911120563      1.1922232011351421
0.09022401815902859       0.07487861502506211      0.9467064242030542
0.09317304133178353       0.0753409078971313       0.9769939195362267
0.100862252076383         0.07288536339007584      1.1024242819072765
0.09642287135584704       0.07414061811412964      1.0333510382157232
0.11031024244055745       0.04810423838514047      1.3838696578655747
0.10863187511880212       0.05351503629414193      1.3439067199921282
0.10460125211931971       0.056872916011111795     1.3002884261210188
0.10898466095912145       0.041871664511803124     1.415707334995523
0.10530912242100089       0.03756069470734902      1.4449706336700963
0.10591455715570827       0.045747670121754784     1.401834762389992
0.0816980262942941        0.07669922662765097      0.8128418345639347
0.07999654245190675       0.07612848028598808      0.8032489162680314
0.08408306951146537       0.07542324791047872      0.8629922482296513
0.08683159170882664       0.07435839318340065      0.9135914561543641
0.08908435475390347       0.07208208809811405      0.9772941487685797
0.10219660148705995       0.06290837257182198      1.22360916186045
0.1003120149490695        0.0674824815413769       1.1564168324149104
0.09262636815727274       0.07161727222626507      1.0238747305065865
0.09662735482322583       0.06942443230662239      1.0970409267753303
0.10474350006907443       0.05072716913467615      1.3610085801802296
0.10102834022159483       0.0539513086235715       1.3222691745931123
0.09945254501503026       0.05830740074286899      1.2647121557798457
0.10375453431137709       0.04192138575920216      1.4365066874832515
0.1017778132758429        0.046129865168399085     1.4114588091666187
0.07899278240303596       0.07474574245806379      0.8175468494771149
0.08139154840449991       0.07434799746992485      0.8506089554633138
0.08428811345211812       0.07298575990851258      0.9072902210969224
0.08636315682116615       0.07083562869834117      0.9686280945764539
0.0895632282872161        0.06902493549643929      1.0345360099347174
0.09662177570239802       0.06373923479049967      1.176832524055177
0.09291743864033274       0.06668322674160998      1.1047956418808484
0.09958156239530178       0.05006389260589478      1.3685891363496914
0.09717892188699989       0.05413835673453596      1.3136122937475683
0.0946820111224676        0.05840867160111696      1.2477704384169528
0.07745381448163799       0.07381115873356187      0.819676632581639
0.07939388745557752       0.07298152791216247      0.8544066158440912
0.08164437801078314       0.07186669784419303      0.8984470725692354
0.08375271662104847       0.07078011786118635      0.9412307100923002
0.08445150484449326       0.06899110395839506      0.9823520468659777
0.08656990549698519       0.06762737255810103      1.0315244008918303
0.08931348622965615       0.0654857391515416       1.099401689733685
0.09146867225530934       0.0622020906456663       1.1748506327955917
0.08799395916027056       0.06301696325902434      1.1433029078136596
