% Model:              
% Version:            COMSOL 5.3.1.275
% Date:               Feb 17 2019, 15:52
% Dimension:          2
% Nodes:              463
% Expressions:        4
% Description:        Magnetic flux density, x component, Magnetic flux density, y component, Magnetic field, x component, Magnetic field, y component
% Length unit:        m
% x                       y                        mfnc.Bx (T)              mfnc.By (T)              mfnc.Hx (A/m)            mfnc.Hy (A/m)
0.09896590240280394       0.09896590240280391      0.8431496648756083       -0.3005651546618288      670957.1846561403        -239182.15042805043
0.10011924914820326       0.10011924914820323      0.8547631220333595       -0.30088106155245153     680198.8802213506        -239433.5411440474
0.09857215965546544       0.10020766750671539      0.8481503057140047       -0.3122057683451188      674936.5681964302        -248445.45646964424
0.09906533238328738       0.1011621867092086       0.8604095554413548       -0.3118011437848501      684692.169159959         -248123.46647532843
0.09800055198831084       0.10219403069644709      0.8729291742154609       -0.3309659917356546      694654.9652275844        -263374.3679002041
0.09759737733721617       0.10093960876222344      0.8481316740133389       -0.32967647215541246     674921.7415601345        -262348.2008231575
0.09692502472844301       0.10321466795659766      0.8982957118761812       -0.36352860828356004     714841.014516736         -289286.8748182296
0.09659160929148043       0.10192304423954551      0.8539107968860621       -0.36103691358199486     679520.621419781         -287304.0471760796
0.09753649782409661       0.09753649782409658      0.8245190172654229       -0.28951217695953546     656131.3863553192        -230386.47024202798
0.09710917968227681       0.09932932139571984      0.8255723748122016       -0.3147786630291212      656969.621657384         -250492.90100471344
0.09583886854736795       0.10422398656528317      0.9555029210999174       -0.4152605700732223      760365.0651589856        -330453.8619915585
0.09551703746919425       0.10285857111743744      0.8585901533884955       -0.4178654518382885      683244.3350090384        -332526.76103695965
0.09474220255435076       0.10522187583934424      0.9405554252335255       -0.8031457758070714      748470.2258890759        -639123.1012153529
0.09441230912860052       0.10383262235570909      0.8378675734337396       -0.5196206959051105      666753.8298419564        -413501.0114307446
0.09609245918417074       0.09609245918417071      0.8055719561407727       -0.2677974568024945      641053.7941800574        -213106.44498777654
0.09553447759682764       0.09798705517338284      0.7944730421241505       -0.29857196272466896     632221.5590365707        -237596.01868140092
0.09480418876102457       0.09480418876102455      0.7906108522282124       -0.24206664090537378     629148.12597108          -192630.51228870513
0.09409811412293255       0.09669036468030145      0.769562029280758        -0.27189277050239863     612398.0048793126        -216365.39208203508
0.09350897817085269       0.10631932609569615      0.5402567463267235       -0.7052806787373341      429922.6585832111        -561244.5314412687
0.09309127135172529       0.1046987294824096       0.68017099274747         -0.5922615694507686      541262.8782174076        -471306.7819072685
0.09339748213669495       0.09339748213669492      0.7768564832267016       -0.20957834709777656     618202.7468925782        -166777.1495282006
0.09260245336755073       0.09542665383078897      0.7480509702616328       -0.23965218582638678     595280.0480091362        -190709.14998523457
0.0919619794848867        0.1076602174864107       0.4568860938087713       -0.5990299431134347      363578.4012980668        -476692.8825328
0.09160794033067812       0.10562098546228782      0.5612277914257011       -0.5490140910050804      446610.8860297378        -436891.532052811
0.09170550361920965       0.09170550361920961      0.7635131244757888       -0.16679134361893536     607584.4393792967        -132728.33400946212
0.09083537879552733       0.09399508079612245      0.7269467808731958       -0.19844874087490924     578485.8677035499        -157920.49030302232
0.08997008301902087       0.10933028977163867      0.3855045823664975       -0.5248158117613687      306774.7993410239        -417635.1532730374
0.08957635918865048       0.10678034391643347      0.4701928184859168       -0.48813526784740785     374167.5563417198        -388445.7038770065
0.08077079463039405       0.08077079463039402      0.7192849651013279       0.1413849398699903       572388.7884377888        112510.56029529676
0.08247883101652778       0.08247883101652775      0.7237080149065859       0.09137412217108358      575908.5396380309        72713.21607105348
0.08031392847303488       0.08297171770712214      0.6824103641037514       0.11215707035164792      543044.9133212607        89251.76074585113
0.07927897615674998       0.07927897615674993      0.715811410958391        0.18554902942878618      569624.6218780602        147655.22609747437
0.07879942703569129       0.08128418749125169      0.6806518458475516       0.15987609683442208      541645.5289563028        127225.35546718398
0.08955168492585575       0.08955168492585572      0.7503863320183856       -0.10904143249332378     597138.4698466113        -86772.41491566847
0.0887217891296968        0.09222335386369217      0.7071618587566189       -0.14514183362265556     562741.5269358429        -115500.20135233544
0.08445914940190986       0.08445914940190984      0.7295660289299128       0.03413286152253902      580570.1990806017        27162.06816591621
0.081788013733056         0.08505146425381355      0.6789082278830204       0.05902345780044397      540258.0018667082        46969.375336582736
0.0869605623520665        0.08696056235206648      0.7384892666643958       -0.037016650966229615    587671.0860497373        -29456.91488991414
0.08345266981046312       0.087538152265986        0.674199376277087        -0.0030095969679801832   536510.8168198556        -2394.961170842134
0.08620322336785659       0.09003769826879915      0.6890847316497419       -0.07858567074497556     548356.2062560433        -62536.48977627504
0.08757253004476295       0.11125996621228615      0.32301448924538634      -0.466975928936735       257046.76326853552       -371607.6369760551
0.08707509467316987       0.10808574071581606      0.3989599989011692       -0.42974065958434826     317482.279605291         -341976.7511021025
0.07797606378662286       0.07797606378662283      0.7130380429795825       0.22445679793961978      567417.6457638593        178617.0445133462
0.07756825474425949       0.07990520852844034      0.6796576705559482       0.19908668291427356      540854.3893965104        158428.14844787712
0.08461633756500986       0.11352446219685106      0.26038903289561294      -0.41816890248780475     207211.0085612747        -332768.23939123447
0.08376000454844748       0.10985649723645308      0.3246110514882968       -0.37269011486654496     258317.2671331009        -296577.3701124845
0.07683839336554119       0.07683839336554116      0.7107974431514484       0.258653272572424        565634.6330731675        205829.73438398316
0.0764266384985466        0.07852724259798498      0.6803916517622285       0.23728014831567454      541438.4730820907        188821.54251008833
0.07570466853369424       0.07570466853369422      0.7087364378597697       0.29289737115790865      563994.5371736212        233080.32219201347
0.07534051054348413       0.0772638465534004       0.680686026160683        0.273026360254279        541672.7287852593        217267.47414428546
0.07465094859678169       0.07465094859678166      0.7069842436491017       0.3248400349691867       562600.1853241973        258499.486397451
0.074328633737205         0.07605017964713306      0.681707416759785        0.3070450534481344       542485.5255986326        244338.69004092886
0.0706455449557793        0.07682645298268671      0.610724919502293        0.3479081053534488       485999.44904094905       276856.4735436864
0.07144618144577722       0.07608245564397272      0.6346788673851429       0.3482759326435459       505061.395101555         277149.1812008016
0.07154197040368482       0.07707760064573468      0.6216729781237297       0.3307007706014471       494711.6372752564        263163.3116275962
0.07223898305685433       0.07533011500662606      0.6584908624478493       0.34885500620282883      524010.3786971026        277609.99329767004
0.07230448810855603       0.07632749302751038      0.6450050450022986       0.33180325582888154      513278.7061566312        264040.64149575616
0.07302386284937994       0.07456951357327567      0.6821704488706753       0.34964768633773263      542853.9948449252        278240.7881064735
0.07313100500428049       0.07562616478041922      0.6685381158983699       0.33114321365569155      532005.7289528399        263515.3966231947
0.08072172706578963       0.11632596820794629      0.1875499971490017       -0.3755110468392571      149247.54561567248       -298822.1964504001
0.08019800847485994       0.1119231311556415       0.25259736048663656      -0.32806860649564545     201010.59266706803       -261068.70198525922
0.06891832583899919       0.07837959724028654      0.5593144850372292       0.3478543723221256       445088.3251828649        276813.71415597433
0.06983716138567404       0.07756202543507565      0.5866228117007201       0.3477594678662832       466819.6010631787        276738.19158963056
0.0700744721058148        0.07882957317721188      0.5718521660246816       0.3233125620932622       455065.4947031764        257283.9621042401
0.07083967550404019       0.07786329479632836      0.5986772874807154       0.32808021892337574      476412.2480970176        261077.94286163218
0.07380073475243998       0.07380073475243995      0.7057191534648686       0.3506481101609862       561593.4585428084        279036.900089762
0.07373347925991734       0.07491281393264157      0.6885381370065891       0.3338855819429745       547921.2400594165        265697.7039666924
0.06776251945475731       0.07938096659239942      0.5250289654602985       0.34837439577609236      417804.7755971525        277227.53567208705
0.06912613681533175       0.07998502407822947      0.5389586980767411       0.317921300333363        428889.70460642857       252993.73231128883
0.07593460931424023       0.11950591285912876      0.09533016754151453      -0.34938596235206765     75861.33695005298        -278032.51477625204
0.07601687668081511       0.11412409509661182      0.1759576430495392       -0.2836870854902534      140022.64333066723       -225751.00973553467
0.06627108824990602       0.08063026579500504      0.48075673896748183      0.3497226637732996       382574.0571570738        278300.45325392776
0.06794324577128795       0.08126824190903245      0.4997972624580351       0.3135899452306604       397726.0243199682        249546.9494368817
0.07079500000000001       0.12262053692183866      -0.07455512460574716     -0.24903081316614317     -59329.08306918427       -198172.42448792967
0.07071498936838719       0.11686045475267771      0.07670656171154247      -0.22326282703302272     61041.142319877494       -177666.91265488203
0.0645127207119507        0.08204392583452987      0.42822790314945247      0.3524022985125004       340772.9377805639        280432.8388260506
0.0665860313865434        0.08285367351099278      0.45239940450691724      0.30618888427862806      360008.0073955287        243657.37226367995
0.06495778518720081       0.12581023107670325      -0.04569123388888033     -0.09297321168389143     -36359.92864691614       -73985.73107310239
0.0648848171640339        0.11875501563365985      0.031263392100019265     -0.12917995708777952     24878.616952690878       -102798.14359459514
0.06236575285313888       0.0836875723812155       0.36283393854882684      0.35753469879899336      288734.0742077339        284517.0732036587
0.06482746063786303       0.0847571268684753       0.39160331457957503      0.2980958913384107       311628.0162325493        237217.17310946283
0.05727621576728714       0.12948808133329942      -0.01857657665271353     -0.042119110128561815    -14782.770000024268      -33517.322877962644
0.05827907874201768       0.12078657298802807      0.017006698312922734     -0.06761428798610107     13533.50051087125        -53805.7407831347
0.008344809707814841      0.14134387942511112      -2.504759499138399E-4    -7.214976085966179E-4    -199.3224277721281       -574.1495541856665
3.352734756940191E-17     0.14159                  -2.0750274806257402E-4   4.5286910220700905E-6    -165.1254402965543       3.6038178094917126
0.005106957961565514      0.13599767303534233      2.7193722609667077E-4    -4.486200763983348E-4    216.40076871991755       -357.00051364529355
0.059531385316042455      0.08572695645100714      0.27117971890662895      0.36838687516599206      215797.96365130352       293152.96076422307
0.062427165348562116      0.08697927002825975      0.3099401797450484       0.2910763060656221       246642.55834607498       231631.16463636604
0.05601002565452422       0.08806800739303422      0.14547018201991602      0.39924658513637934      115761.49270473696       317710.33768506994
0.059456080451276754      0.08960382328187187      0.19764937710737393      0.2738454430596831       157284.37682836328       217919.27953069363
0.04806684199127627       0.13318148069827754      -0.007126172714408625    -0.01915338855597129     -5670.82806412361        -15241.78232821285
0.0498971544015913        0.12361517915768169      0.009474534962574917     -0.03081181149016699     7539.595363953919        -24519.26052137867
0.038303858384865636      0.13631046376867828      -0.0027240047819960516   -0.008946538979993614    -2167.6941303031617      -7119.429511151535
0.04076396872745819       0.12658517956370044      0.004938010784482231     -0.0137595551022447      3929.5441269571747       -10949.506046337767
0.028325353043492173      0.13872779993556278      -0.0010724798902900683   -0.00422411470100478     -853.4523795315899       -3361.4436742602716
0.03140626445462916       0.12951222294974596      0.002369520517609766     -0.006229410407011488    1885.6045156763037       -4957.20729411987
0.018145983299868905      0.140422403447886        -4.5586411986548017E-4   -0.0019127109875657908   -362.7651402741372       -1522.0870418863822
0.022082197601103682      0.13183392927582296      0.0011654718481542271    -0.002875968362366359    927.4530283409604        -2288.6229052325466
0.012231434917720671      0.13335956427736537      6.274458102119845E-4     -0.001171481307016126    499.3055110876829        -932.2352037568537
2.6296344703256978E-17    0.13414599999999996      4.30820291391161E-4      -7.388027590884252E-7    342.83589479597          -0.5879205553942678
0.05218500000000002       0.09038707139298185      -0.2097566892949362      0.11618087386976576      -166919.06973939974      92453.80184554619
0.056116459690274574      0.09229437283594703      0.0744603228176433       0.21291937394847907      59253.64220323087        169435.85421966086
2.4837113790885048E-17    0.12670199999999998      9.725541600834808E-4     -1.5079455552235392E-6   773.9340100093623        -1.1999849451363944
0.0052089819511334946     0.12964854779685986      8.407199101073661E-4     -3.8213303052416566E-4   669.0236472468061        -304.09180363303545
0.048427012537342405      0.09245496934566622      0.020909220885955523     0.045921493111775034     16639.029301000603       36543.163114497096
0.05206679266802347       0.09502364756793429      0.028018875382250216     0.08367708345949222      22296.7125848047         66588.1072804563
2.3377882878513122E-17    0.11925799999999999      0.0011945895244296143    4.521896974155976E-7     950.6241388938479        0.3598411277946041
0.005362860349585518      0.12249745056157071      0.0012590307456848751    -1.6179616341531242E-4   1001.9048334021141       -128.75329590425522
0.04381926087364194       0.09472575825237671      0.01912430528256002      0.041258127740751875     15218.638594589369       32832.17486328756
0.04749899336498696       0.09792243784506725      0.03530488377949747      0.04132291339861785      28094.73384395949        32883.72965174171
2.1918651966141192E-17    0.111814                 9.306448301831453E-4     3.1444309935577072E-6    740.5836249328254        2.502258679180344
0.005809715050989905      0.11568884899540928      0.0013066588033502238    1.903405714330772E-4     1039.8060374386448       151.4682140725512
0.03826752892920111       0.09710145791723603      0.010900757997390905     0.02657194545943607      8674.547593666362        21145.282337187473
0.04247370322701307       0.10076090456277915      0.025136101127148747     0.02418641616533626      20002.673722217427       19246.93844195495
0.03198610596098999       0.09934780282146312      0.005205772076423289     0.014854997192872402     4142.621792862631        11821.231164309362
0.0364046200907771        0.10386719175178101      0.014878208606904274     0.012754209913131401     11839.702220705987       10149.47776453258
0.024512975912249685      0.1014505343106948       0.0020259394121609204    0.007109236569049485     1612.191359250496        5657.35070786946
0.02946969687703624       0.1065361537470297       0.007677305286258291     0.006435455058896186     6109.405429667728        5121.172418345362
0.015751591568641875      0.10317453301592737      6.524728642913528E-4     0.0028416794588789727    519.221407926481         2261.3366628164545
0.021355226984911196      0.1087179192318422       0.0034740032093627214    0.0029786321205804347    2764.5239154359283       2370.3201282133527
0.007297997902378966      0.1041145336954302       2.592040337340467E-4     9.83542904715935E-4      206.26801619065964       782.6785751425103
0.012185050949886322      0.11015652553850462      0.0015151337545267832    0.0011896095062616323    1205.7051323915996       946.6611663532391
1.7525865084486908E-17    0.10437                  1.851887013801789E-4     8.94205248425311E-6      147.36848614712187       7.115859271280226
0.0048436856638429055     0.10924410978087049      7.909070731180053E-4     4.675760415344834E-4     629.3838510653683        372.085191407772
0.0963003651539321        0.10083069608206048      0.8276047422247123       -0.34733570291094373     658586.928256784         -276400.97015287355
0.09521972246175592       0.1014889774735274       0.812478944475103        -0.3803988958001181      646550.2008564911        -302711.82306643814
0.09495123796885252       0.09980094762421599      0.7879480928176547       -0.33804118114118153     627029.1693588065        -269004.6247362091
0.09411897844894446       0.10245793312991462      0.7846400314710115       -0.4361271092318399      624396.697781959         -347058.9262531315
0.09395690086244346       0.10116822248282649      0.767070703597504        -0.3835631095275747      610415.4708926043        -305229.82434505783
0.09318456569961818       0.10332968038441914      0.730301544881989        -0.49068080053905677     581155.5040780811        -390471.3744303961
0.0934585955354494        0.09848732500638457      0.75050024465734         -0.3080464541710252      597229.1186444623        -245135.57941624834
0.09298506009498227       0.1000985679763157       0.7342102973002725       -0.3495141004166788      584265.9904215422        -278134.4838081575
0.09209651029257225       0.09734450612605704      0.72475997204173         -0.27529094124042525     576745.660527926         -219069.57043417092
0.09253584343185794       0.1019713377077045       0.7097907043494555       -0.41464997753333144     564833.4957894695        -329967.9678868652
0.0917691823047152        0.10368476315214614      0.6457620148748969       -0.4793169101190827      513881.0836416094        -381428.2777649287
0.07375778577662645       0.07917104588872009      0.6278166436779482       0.2644777812221695       499600.6109835429        210464.73109742563
0.0744561305803884        0.08025046476120362      0.6240373377732065       0.23684654481884324      496593.1349025627        188476.49181077513
0.07307772549558038       0.08007734223205674      0.6037146636960712       0.2591955376683848       480420.8647214547        206261.25523642497
0.0916287433642835        0.09915019458382016      0.7010047895562789       -0.315676314595489       557841.8869448781        -251207.22942452147
0.09143018631061131       0.1007453457414112       0.6812898402214388       -0.36023338881772426     542153.2287476477        -286664.62248542754
0.09041593855860783       0.09806740276395436      0.6803752240838785       -0.2780486434519632      541425.4003510261        -221264.08012687945
0.09035705797791556       0.09623808308202268      0.6967301359784136       -0.2374783322808145      554440.2257102646        -188979.25229855618
0.09046234750265454       0.10218866213718326      0.6289780717026056       -0.3928168670632171      500524.8460393912        -312593.7306149147
0.08973461424700452       0.10429798193935141      0.5557771805924937       -0.4398099975921588      442273.42774486187       -349989.6756901333
0.07258803575312585       0.07876664814472853      0.6143656750785987       0.28785110405918685      488896.6702737412        229064.63042739566
0.07493917320871542       0.07884254931944111      0.6518002412200041       0.253103800728033        518686.151493267         201413.60500606257
0.07587871615407546       0.08029987281316404      0.6466940338153947       0.21612093350736494      514622.76074878685       171983.57436665983
0.07380555591720227       0.07762004585660785      0.6507346987719872       0.28914650470428616      517838.2197548864        230095.4775071556
0.07255400269411472       0.07738722759404625      0.6336948330823297       0.31094822597146604      504278.3254842315        247444.73604507247
0.07315658301377023       0.07656687349532859      0.6553467968130688       0.31557186023786316      521508.4107611993        251124.1072878033
0.07797068662704008       0.08325486200828411      0.6404404689413031       0.13901143957592332      509646.3319404994        110621.78877414262
0.07676637832536681       0.08169466256902072      0.6419359929549616       0.18100101517655262      510836.43213693117       144036.0313499976
0.0748993434379464        0.08181115401160366      0.6095607509678794       0.2048582988575444       485073.03315672907       163021.0544828748
0.07361582771461354       0.0812286692670066       0.5963632796021574       0.2324776937250744       474570.8191358871        184999.87057474646
0.07173078290872667       0.08013181209226375      0.580538027785109        0.2775527362609853       461977.4838741009        220869.44972308478
0.07252950152952321       0.0811533443380283       0.5793020122939853       0.2490575372854658       460993.8939983483        198193.69086637953
0.08957213228447157       0.10000239472777353      0.6374150968363842       -0.3160211100641397      507238.8173145484        -251481.6089404787
0.08842524887379626       0.09760183530009849      0.6411382324181288       -0.24532480283481026     510201.5944727282        -195223.27517102336
0.08821213477155214       0.09497535122564112      0.6674103640159516       -0.1898242963829744      531108.2925194997        -151057.37544145682
0.07936706922856607       0.08464345144409689      0.6447404182114366       0.09753380007458404      513068.1228474298        77614.93200203359
0.08794830747050361       0.10233040152903133      0.5570484513019928       -0.34717215578029476     443285.0728319855        -276270.82348151715
0.08709768706128335       0.10516147880055693      0.4747578521918594       -0.38744380288685676     377800.29474012926       -308317.981998826
0.07127543907724808       0.07892539105463597      0.5903941494635284       0.30418652484095715      469820.7362982791        242063.9452519197
0.0717000450777093        0.07795221737211214      0.6115257317222536       0.3140704752919664       486636.7151574247        249929.34310968715
0.07721026927272738       0.08576809189484427      0.5941153032668056       0.10765560529261069      472781.9364072629        85669.60866934498
0.07547509603631898       0.0836038751862412       0.5944222754674876       0.16713370090405602      473026.21712291456       133000.77328061446
0.07311643752962936       0.08285104099214068      0.5652857742271946       0.212285855441252        449840.12613893586       168931.7162098339
0.0704500940135956        0.08026210645871527      0.5571972832132253       0.2938686178295431       443403.50950379786       233853.2157357744
0.0713178371430689        0.08182109119620434      0.5493958157670792       0.25505761659631493      437195.2989666744        202968.40227270478
0.08645748703605972       0.09969392260574227      0.5699085902756512       -0.2626309171915822      453518.8462645179        -208995.04339899274
0.08541021737632613       0.09317012657978357      0.6373765543340375       -0.12320538953897088     507208.1461657104        -98043.73380344854
0.08552311647605071       0.09662362773212742      0.5952312698168017       -0.1880868862105134      473669.99437104835       -149674.78835583027
0.07989593321632506       0.08775374583394781      0.6125661790721761       0.03921021513123337      487464.67685125995       31202.497789162102
0.08245626857482613       0.09088275158975029      0.6150765135565782       -0.04632723631872829     489462.33756129304       -36866.04329955993
0.07642107157631874       0.08871541422813031      0.5418272281801113       0.06874625381379378      431172.408333225         54706.5305675767
0.0844234912151672        0.10269059949845927      0.4785996225603319       -0.28608386985776874     380857.4784619611        -227658.31013361184
0.08390787676702587       0.10643097945348659      0.3963548362084284       -0.3356538700605338      315409.1570047496        -267104.8629402935
0.07410410695565181       0.08581332773007924      0.54133269751979         0.14860691004463236      430778.87333772174       118257.62155607936
0.07183083998303569       0.08493852404912938      0.5144393739495134       0.194587433078931        409377.8464258254        154847.7591903763
0.07077635591179571       0.08341726726796404      0.5175091238170245       0.2354773703056393       411820.67575317575       187386.9373521159
0.06967411934773803       0.08168389846373017      0.5233844395569568       0.2810237421576872       416496.103464355         223631.58845289084
0.08285262589636896       0.0989146768469635       0.5129802157201929       -0.19216583088050235     408216.68520107743       -152920.70938996566
0.08147947138065693       0.09516760953451088      0.5421093320641335       -0.10714200841483293     431396.8994712628        -85260.90126007055
0.07860081563123751       0.09174461604484907      0.5387594042461383       -0.01072154979823984     428731.11161508784       -8531.938239978917
0.0745273529295274        0.09220778104288979      0.4644126110528025       0.03464831663158636      369567.8134163366        27572.254308650485
0.07343574841676415       0.08886016791195106      0.4893001008926582       0.10557242999795236      389372.6485621483        84011.87044198606
0.0816268484647467        0.10452522155050595      0.3999441342012544       -0.26465631012322566     318265.42959369          -210606.7998828649
0.08105496041030655       0.10177545982553844      0.43755304524067         -0.21259924423016777     348193.6500748218        -169181.10308416156
0.08017713288429411       0.1074462515335365       0.32899192874601374      -0.27870350373854796     261803.4584863235        -221785.20138510223
0.07145260283059039       0.0872308046060596       0.47670197603373493      0.1599923648301719       379347.3793372156        127317.87859841886
0.06979093173344177       0.08533638490994035      0.47340030604057026      0.21589897550950102      376719.99383786396       171806.94580406568
0.06866772713608713       0.08328216837218805      0.4827989213110661       0.267958875074125        384199.1742304559        213234.8975669533
0.07868845866141988       0.0990970753996521       0.44023002941808925      -0.13394866514916462     350323.92639689706       -106592.96089525319
0.07682479704836911       0.09574039254845018      0.4562970371170714       -0.05375637888584118     363109.6448768398        -42777.967112012084
0.07326190909791092       0.0953909574765143       0.4028806781222444       -0.00211340554162595     320602.25699685          -1681.7946935378714
0.07155568678797056       0.09360247887552674      0.39687242498408676      0.04869656639351851      315821.0410654241        38751.49626565571
0.07086991211296324       0.09057874322917592      0.4228160650679095       0.10912159777113291      336466.3338711113        86836.20841680677
0.07769188502784131       0.1036720963979997       0.3573867219282871       -0.1880947899132199      284399.3169514777        -149681.0779226026
0.07614978178475318       0.10865966987759501      0.26151025923004473      -0.22784105277070268     208103.25212852284       -181310.14893859354
0.06868407778168568       0.08785767980608171      0.419134586597993        0.185956616557992        333536.7063892433        147979.5736292431
0.06736749128320359       0.08529475491674726      0.43059453894088856      0.25079527783741773      342656.24670409015       199576.5408596515
0.07364447888330136       0.09958969008619077      0.35568453424410007      -0.07241876942085963     283044.7590314352        -57629.02562981002
0.07006562459742782       0.09644928609879626      0.3387332014639651       0.019519104089105472     269555.3170116644        15532.809502531813
0.06905363520202339       0.0933856265302574       0.3565804347979955       0.08241510514107495      283757.6940397913        65583.85684320176
0.06700416153206622       0.09097803189599771      0.3483983605118047       0.14988404266870545      277246.6062028296        119273.93140660513
0.07207048767105526       0.10534296525008735      0.2600376732231687       -0.1306449239198174      206931.4054179114        -103963.92715851769
0.071455501338951         0.11113531814657374      0.1752566863140225       -0.18545427099402745     139464.839683912         -147579.81973101685
0.06570560224377954       0.08768356453910649      0.36577204242084654      0.2295917028814032       291072.1429804808        182703.27203230537
0.06729086348798297       0.10142358315519731      0.2434818663903842       -0.025675859905893408    193756.7129463503        -20432.200110789712
0.06558710970371653       0.09530334009009167      0.27554688214865436      0.0858840748740163       219273.2417375914        68344.37524537071
0.06325828969754206       0.09107100446485142      0.27279831984162395      0.19202288429711598      217086.00534979158       152806.95611324545
0.06670064967098184       0.10823852749977471      0.1666120219071429       -0.09812931609446503     132585.63432528474       -78088.82859330595
0.0670802228577134        0.1135861964026958       0.10648888325096968      -0.1449324792347344      84741.16076863781        -115333.60242385724
0.06141376211255317       0.1054361504203593       0.14080889813366473      -0.025163372714054527    112052.16084647948       -20024.3757615275
0.06134513920273141       0.09925284931265874      0.17597425986097712      0.0513474146721614       140035.86656906107       40860.97430031899
0.060404911011038454      0.0943457951275189       0.18292143233288027      0.14463695952446345      145564.2507661377        115098.43531050374
0.06080524104380341       0.1127378822342229       0.08171567352140584      -0.07307396503110156     65027.26684507623        -58150.413730120585
0.05620498527659458       0.10822472928214166      0.08454165365991667      -0.01892294717449308     67276.1103856938         -15058.40290343694
0.05673924637719641       0.10227026004775051      0.10755046711752965      0.02761452847580762      85585.94236798596        21974.94354038342
0.05639761416417205       0.09723404140764327      0.10116077010761283      0.08968565031052395      80501.18304804714        71369.57285665533
0.051969090844622236      0.11427484362994231      0.04204438488110534      -0.028179037966261748    33457.85841543033        -22424.165919523737
0.0526127259720837        0.10428269348528103      0.07071559384751078      0.016307354625223525     56273.681572550806       12976.980486784032
0.05107443780669097       0.10776620761760174      0.05757115678998022      -0.0018051640288863605   45813.67091321942        -1436.5038914447262
0.05177567625136483       0.09984899258030007      0.06077667951356777      0.045735720326673474     48364.5448464812         36395.32982929279
0.046944714964866366      0.11009432980993676      0.03837921327952517      -0.0037983492437935196   30541.20752707271        -3022.630288695507
0.04307997656517358       0.1165576438538617       0.020241009217963134     -0.01123150070781431     16107.283351037258       -8937.744279943843
0.03382991270886005       0.12033503628602267      0.008464000990790485     -0.005249688615277697    6735.437980095026        -4177.569464073464
0.025132384002088674      0.12328138252377929      0.003934503762178424     -0.0026074864963069894   3130.9786118217758       -2074.9718246631223
0.017251765888822528      0.12570020252059827      0.0020140035999136018    -0.0013934127615603201   1602.6931416556079       -1108.8426438482672
0.010088275748830682      0.12582778340197057      0.0013368431933140639    -6.207795623808434E-4    1063.8260117734376       -494.0006796166741
0.04768996946948013       0.10401311140948509      0.04491147236517865      0.01769182239926424      35739.41414226619        14078.704935734098
0.041029222846386326      0.10785355936522044      0.02453179618634566      0.006244892284886126     19521.783129899097       4969.527381080338
0.03520147481466802       0.11160335028866779      0.014166665836471304     0.0016186475754168775    11273.47447502744        1288.0788137565376
0.027395419799774806      0.1144705167280911       0.006870735456609056     5.351193481806571E-4     5467.557552980409        425.83444703532297
0.019187197536296368      0.11666258793417039      0.003359141455372821     1.9773224021277222E-4    2673.119835837439        157.3503171924837
0.01187125008360459       0.11927464731168988      0.001878550580908952     -7.760241543214065E-5    1494.903053999056        -61.75404005947983
0.14159                   0                        1.4960596358911027       -0.0903468306273161      1190526.4310616506       -71895.72343511801
0.14146580151369847       0.005929173811489362     1.3611517412152472       -0.055163055049905645    1083170.1395627346       -43897.36443621411
0.13755033505285413       0.004225074101427109     1.3940016828012909       -0.01808221810924327     1109311.2924812287       -14389.371970759263
0.13539165286655042       0                        1.4026713755410871       0.00460394215023441      1116210.4147543616       3663.7007545946785
0.14109342394113839       0.011847945837408601     1.3290272914442989       0.0031940553784592777    1057606.314686966        2541.748509955243
0.13674113009524785       0.008861587980495364     1.3720339789899152       -0.003459929477527006    1091829.9492314332       -2753.324395488909
0.10277716688439459       0.09738881900514697      0.8602989738103064       -0.29305748784206803     684604.1710939765        -233207.73900079075
0.10130523956979741       0.09891904030926464      0.8542416816052366       -0.29435429819554476     679783.931113032         -234239.70789083358
0.101067565739965         0.09724838373121933      0.8546456476327483       -0.2877777951025319      680105.3970636305        -229006.2930132729
0.10013298316446474       0.09849561387256767      0.8492713035924551       -0.2940939850759548      675828.6299641847        -234032.5572921615
0.10462458651445657       0.09540138362035934      0.8763536604849452       -0.2997825810932536      697380.0848142781        -238559.3981691914
0.10212043288656528       0.09522719605849633      0.8683004714791939       -0.28135304236090825     690971.5606246848        -223893.63722840985
0.14047352055911508       0.017745932540383688     1.3339267914788593       0.0614292902113506       1061505.212932862        48883.875938815145
0.13624432297294214       0.014176578669236925     1.364398771849128        0.028082713964533827     1085754.0444414993       22347.513714456774
0.13960717888880808       0.02361278684756053      1.3795362088948722       0.11980405232529064      1097800.034099362        95337.03565005043
0.1353687490642026        0.019435556483174292     1.379165635224598        0.0576155451108064       1097505.1409423428       45848.9940165946
0.12845120077469183       0                        1.4043659474347703       4.226069121748897E-4     1117558.912220883        336.29989528718096
0.13157144532030038       0.005602604008118995     1.3965457235193348       0.002726844813673537     1111335.7757597477       2169.9541557032085
0.13849591878789955       0.029438216302886542     1.5424774818856175       0.05814245264217718      1227464.5792501774       46268.293707444645
0.13419562596424398       0.024799048356233488     1.4131912010124712       0.06257752876427425      1124581.8258755354       49797.615146547556
0.10669674343580207       0.09307810182956353      0.9048540666257532       -0.31714696574931694     720059.987401459         -252377.53642799906
0.10361457693336333       0.09243604506330572      0.9002892742965414       -0.2780092051924238      716427.441084549         -221232.6961571163
0.13714168978420982       0.035212001123644636     1.3892667379461061       -0.0239438930353605      1105543.343086378        -19053.944667206146
0.1329602780162845        0.029849088889584964     1.4283017104522013       0.034367356701847145     1136606.3872253846       27348.67350050675
0.1212382511506985        0                        1.4160945157598581       4.074150725339576E-5     1126892.2103425264       32.42106134196123
0.12449184398417464       0.005530623776420297     1.4085712240159742       0.009542487808086812     1120905.3649957187       7593.670520255808
0.09914628609106578       0.09725034160337888      0.8414677729764702       -0.2857611335694575      669618.7776086702        -227401.48475561253
0.09800859628902608       0.0956924191513319       0.8322421918015489       -0.26775602428462836     662277.2933742488        -213073.4740376609
0.10907541091504006       0.09027891688381698      0.9538409602964165       -0.3508330037752985      759042.5187734747        -279184.0337530817
0.10532944117816581       0.08968679346626195      0.9471240920021401       -0.28205804516375405     753697.4048178182        -224454.6606332426
0.13554686765556936       0.04092401212935433      1.3597964467414059       0.030239736255531207     1082091.6304884497       24064.017514314968
0.1313525757545717        0.03574063141561365      1.4030559089421282       0.02277362259057737      1116516.4167121595       18122.673036998214
0.1337142502619203        0.046564228511729186     1.3739693234497778       0.08155230513088992      1093370.0474182966       64897.26241059834
0.1295366504770844        0.04138594413990896      1.3938612860349264       0.04359539966639534      1109199.5682844238       34692.11676486791
0.11454195850304483       0                        1.4318082826810004       8.696879661575619E-5     1139396.828742995        69.20756938075647
0.11796797837020578       0.00529913213142402      1.4218395296661932       0.012169901836116164     1131463.9471491508       9684.500170805104
0.09667539628717352       0.09426966190703069      0.8212672802714155       -0.24413428428601194     653543.7362741639        -194275.89061160418
0.1118152812219276        0.08686236806155599      1.0407883762201477       -0.4164398626770462      828233.0739401188        -331392.31322780997
0.10751410101914856       0.08624984222743098      1.0309167904899363       -0.2899264323087199      820377.515614526         -230716.12417465277
0.11454871623354881       0.08322451387209127      1.4278879428682618       -0.3727453171858249      1136277.1214440085       -296621.2987224022
0.10982826008408847       0.08239280501915891      1.152015060745208        -0.2615709428407164      916744.4571695495        -208151.5426115381
0.13164705263690715       0.052122755414649606     1.4445271679019924       0.1306519814908235       1149518.1960106918       103969.54339507688
0.12783711592866953       0.04711219035489714      1.4108595669381654       0.058618693325357595     1122726.370433499        46647.27400159277
0.12934890134761584       0.05758984129310253      1.6553723389630968       -0.059064671794057694    1317303.4520178468       -47002.17239062364
0.1259778813724805        0.052439759613608014     1.4499579771863118       0.03159494021511261      1153839.8967236357       25142.454559640417
0.126736951229983         0.06313060504168232      1.3489960710853914       -0.178235784298148       1073496.9646239292       -141835.53053455535
0.12358786010721298       0.057525873669298705     1.4221270493363527       -0.054161487035348795    1131692.7480328612       -43100.34193441683
0.12388779379636246       0.06855321034255028      1.2785631743828028       -0.12185867551793532     1017448.2462914403       -96972.05283655366
0.12086447161382376       0.06223484735758796      1.3480555423511937       -0.07803527227262883     1072748.5156380918       -62098.496588554
0.10896450018907916       0                        1.4489524987979714       9.429592017512132E-4     1153039.7624452533       750.3830904634669
0.11194816001910524       0.004700910949485201     1.437904292130202        0.014250055764779015     1144247.8789278718       11339.834071498697
0.09537599060231504       0.09263566784597915      0.8133442425747973       -0.2126038613496537      647238.7832055629        -169184.7772711067
0.12080675291107289       0.07384752230835476      1.2609079679556332       -0.08404723622699156     1003398.6794204809       -66882.66549368964
0.11794529334758587       0.06765089794510769      1.2856239360488129       -0.07379913543204018     1023067.0218971364       -58727.485999587145
0.11755082798332614       0.07892737763561168      1.3064945036920117       -0.06982006481391229     1039675.2919248808       -55561.04221065327
0.1147687084241853        0.07269757108126043      1.253465692984723        -0.08335453885064249     997476.3051731338        -66331.43443612591
0.11221884518740166       0.07798467545133801      1.2424357570976825       -0.1466249554081036      988698.9610810877        -116680.4321691421
0.10427844977741867       0.004370561979695916     1.4733731034789777       0.013985043063082715     1172473.0621866295       11128.943664213177
0.10437                   0                        1.454891048286929        -0.014070266916815967    1157765.5099750706       -11196.762652168114
0.10717333823899511       0.003304991070658763     1.4560135540625923       0.010829499586495882     1158658.771689301        8617.84195201228
0.10400395971987159       0.008733456508583494     1.4686077439436402       0.045460524866739925     1168680.9095583344       36176.33624046843
0.10747056540030196       0.0069549373745731195    1.4528213218499149       0.027101252078311724     1156118.4740085767       21566.49116121406
0.09400496043878519       0.09080812740988183      0.8082697439175194       -0.1739614457771191      643200.625480468         -138434.12001420613
0.08531443186829823       0.0817925097334391       0.7773068933542583       0.0651180542401132       618561.1718836747        51819.30108420085
0.08753131693958613       0.08371587029298175      0.7872349302776508       0.0071742285224446894    626461.6526414586        5709.069661089685
0.0921748272180344        0.08859674658427884      0.8022884664836235       -0.1220898165892974      638440.8761324253        -97155.98905684783
0.09004758038280848       0.08611690360080011      0.7971622679156803       -0.060194732783496734    634361.5769256316        -47901.44635294634
0.08325889972011631       0.080170617135725        0.7666472058524842       0.11743222905806887      610078.4620950635        93449.59866445682
0.10354701137619071       0.013081029587116655     1.448103484020278        0.07475752056560134      1152364.1379521135       59490.14465654738
0.10706586211581376       0.011271629480218509     1.442649950253525        0.04728249932045076      1148024.3536706269       37626.21744294461
0.10290840638904511       0.017405654094779965     1.4026463384254686       0.0971878630302029       1116190.4908508041       77339.64404897431
0.10670377537386383       0.015673662334253678     1.4200309968702207       0.05978364508329998      1130024.762478037        47574.313155293385
0.08133039343451867       0.07875669388722378      0.7555256034918979       0.16568978679053434      601228.1721411146        131851.74293777882
0.07994196886189252       0.07761885329991738      0.7492954498107921       0.20277183773579474      596270.3733682637        161360.70147739723
0.10109102452700033       0.025955763523375867     1.443829520723769        -0.04184881214382346     1148963.02602595         -33302.226576068206
0.10208926508858729       0.02169974317064954      1.2976734067395326       -0.0024636477128692773   1032655.6860074814       -1960.5085577009402
0.10520097754510067       0.024999032282569986     1.4085724412925316       0.005826158652510814     1120906.3336736248       4636.309743923562
0.10618677327684525       0.020393271998526287     1.391284292972354        0.04267940912199237      1107148.862363314        33963.19465003207
0.07847296053642672       0.07647208890510607      0.7420258676793856       0.24146881892480807      590485.4237161345        192154.78067222505
0.09991543595742482       0.030166248647084618     1.4855735817641353       0.002444670880201087     1182181.8943224705       1945.4072740840882
0.1040243054184708        0.029444218621481628     1.4455233634331417       0.01185644553523388      1150310.943226034        9435.059572161525
0.07719821882639848       0.0753037910251442       0.7382696989518731       0.27804362860205106      587496.3596157803        221260.08943611765
0.07584049365126239       0.07447683445925767      0.7284492666007806       0.3105505854450415       579681.5078559007        247128.30376830182
0.09856456176168248       0.03432381192011566      1.5051968296232465       0.04668664249049818      1197797.5788039453       37152.049643634506
0.10265685826689504       0.03377596140913125      1.4660274096220791       0.041105488662464114     1166627.5447478038       32710.708544195124
0.09704077183214918       0.03842115956371903      1.5200914296193677       0.09603224197456361      1209650.3248777415       76420.03003224397
0.10112312441601527       0.03803019470201558      1.4736705632472373       0.08000546674330317      1172709.773149077        63666.32753285471
0.07498032886807207       0.07381095981803157      0.7243190277628347       0.33348484194202543      576394.7682198546        265378.80520646385
0.07464158293135673       0.07295019532188646      0.7313715450934012       0.3519703537056141       582006.9831918591        280089.1080702564
0.09534673941415828       0.04245110343782126      1.529273179679006        0.22294138414140566      1216956.9294188702       177411.116529269
0.09941956072745904       0.042199369532707635     1.4643066924193977       0.13570592145168361      1165258.2415054536       107991.34102937963
0.09342139699041832       0.046535357357160696     1.39849732675303         0.26142793759167543      1112888.8122677312       208037.74265017337
0.09748562153361263       0.04627576518088373      1.4126230119204857       0.1924155195558499       1124129.6753625332       153119.40532454383
0.07567616945203251       0.07187638191413959      0.763181791422892        0.354016592170822        607320.7729134056        281717.45290266944
0.07591271006224298       0.07313655605220115      0.7487934207082176       0.3307942209380371       595870.87130201          263237.67704260576
0.0913212023343905        0.050532513337467166     1.3333782212239047       0.27773395221912617      1061068.674594316        221013.65680061103
0.09537312211371904       0.05030500326562553      1.3480566384383472       0.22104401989136613      1072749.3878765344       175901.24203307077
0.08905007981728          0.05443510066616987      1.2713090464929153       0.3001647416208744       1011675.5947339582       238863.51185431867
0.09295552293281927       0.054280893581360644     1.284387917023023        0.2435296551407202       1022083.429208586        193794.74202555107
0.08665004531831165       0.058179605931413185     1.211588590917371        0.33256473495459404      964151.5661912191        264646.60733034834
0.09042465435867189       0.05781287472824828      1.2220373049775104       0.27047405588452295      972466.3886493441        215236.41486067683
0.07696562301473248       0.07049389884205635      0.8032696990091152       0.35726827859784         639221.716166198         284305.0627438931
0.0773847944913106        0.07222250049454194      0.785129609056356        0.32418205200079303      624786.2912456319        257975.8801880003
0.07856405724361902       0.06870797486042901      0.8538055186781679       0.3626969911237295       679436.8436838499        288625.0949094942
0.07921702418583172       0.07100704101250623      0.8313810112664347       0.3172338415064668       661591.987678959         252446.6699589253
0.08047161850161587       0.06646364055429398      0.9159748572836812       0.3723680653421873       728909.6314229561        296321.0912438749
0.081794039991895         0.06909256075098351      0.9000307075356179       0.3106139955624995       716221.6801939479        247178.76393647917
0.08249374393235455       0.06393652408461938      0.9873467649884574       0.3903506357406232       785705.5909685245        310631.16608592024
0.08363998146237694       0.06666118113285258      0.9674273417807893       0.32330444582786416      769854.2176333256        257277.5033854524
0.08443710370291327       0.06134714678176541      1.1234322139903732       0.42030006102894774      893998.950426199         334464.16147291154
0.08577185849604815       0.06470503210060835      1.0406554612787846       0.3163813831073131       828127.3035904752        251768.30511889773
0.08827792762477439       0.06034151682964792      1.169072549292469        0.3016055153860746       930318.3752646996        240010.04318736232
0.09998888345216836       0.09530183498495692      0.8533204425826287       -0.2709386683216077      679050.8323919461        -215606.14169059685
0.13259189369084248       0.011303920520696318     1.384065830177232        0.016310598482221224     1101404.592186471        12979.561866163369
0.09861205489548153       0.09370371940435751      0.8482377977108256       -0.2480294971578919      675006.1921153055        -197375.6025263785
0.10099174881696357       0.09284786450948893      0.8773356956087452       -0.25662555992978947     698161.5635354914        -204216.1319327571
0.13119722048710658       0.015864528653263297     1.3892868127197364       0.032985236284529        1105559.3180836514       26248.81701868467
0.13088260217997083       0.020820328328326806     1.3995726019419856       0.045792801486184434     1113744.489075263        36440.75357276072
0.12728781229102815       0.011013824555476861     1.3996853041152946       0.019295702161178603     1113834.1746151594       15355.031896902714
0.0990031980539597        0.09151846847577068      0.8687341595741289       -0.22659810113722742     691316.67864503          -180321.03945613487
0.0972104975938203        0.0926086333357695       0.8387416948718925       -0.22566722123079824     667449.4335806796        -179580.26876346924
0.12785902884829847       0.025638313285867777     1.411765388103592        0.04140021256986269      1123447.2000136736       32945.24237774433
0.10154419662941434       0.08967940006986172      0.9138235376084879       -0.2325996518111358      727197.6656205667        -185096.92173597994
0.09877661193253683       0.08923103047139085      0.8879519509998002       -0.19787618793144368     706609.7111485532        -157464.86714735054
0.12818434947867302       0.03161344612628323      1.4125434974750881       0.03494381573834489      1124066.3997773721       27807.405026249784
0.12479552487104964       0.0184630513768335       1.4055436505675551       0.03357920273650226      1118496.0985962702       26721.48050299616
0.1207892742178005        0.011504896699212291     1.412422641381981        0.022784690845740783     1123970.2255542686       18131.48087460152
0.11479838234641108       0.010058361363426327     1.4248694405151607       0.025446172611511008     1133875.0735928558       20249.420769457898
0.09650655283763517       0.09047403318536021      0.8470074986880006       -0.1918797713531005      674027.1512604868        -152693.070450943
0.09717222542276505       0.0879589220890579       0.8806070920897688       -0.16497005577893967     700764.858139333         -131278.99919681967
0.09486940621882184       0.08803933108776821      0.8480477578875796       -0.1420606819220291      674854.9632290358        -113048.29873448191
0.12073844430183933       0.02326330170395771      1.4109484648815964       0.035806249989771076     1122797.1131691376       28493.708397280967
0.12339551745783964       0.02973627645542982      1.411836878177434        0.03789536010460228      1123504.0900068432       30156.16940447428
0.10350652544413354       0.08611207642807478      0.9819195116061142       -0.2189636076665078      781386.7199524638        -174245.70258679576
0.09965688671890982       0.08652432853690371      0.9286817232848625       -0.174299995518854       739021.434099428         -138703.5293386041
0.09310079951317429       0.08535406216116202      0.8518341406952286       -0.08377957695891247     677868.0709304133        -66669.6690157939
0.09630004782749592       0.08539201189372508      0.897045178816542        -0.12058228995205551     713845.8719270291        -95956.33747604908
0.1253323550884357        0.03551262722614874      1.4075189343440617       0.037604021730003385     1120067.9794814717       29924.32969232542
0.12059469320416283       0.033331867827978735     1.4115341606174368       0.040033230794616625     1123263.195026672        31857.432844509603
0.12376742111829137       0.04215675557396372      1.4051708131033722       0.04418707161288141      1118199.4039692974       35162.954339728225
0.11694709681765664       0.016837663023278316     1.414150691969135        0.032380539103169154     1125345.3645185602       25767.614291248894
0.11498544333638973       0.023586108931486462     1.412849007849915        0.03472182506914088      1124309.51720897         27630.750464629305
0.11035362253060735       0.009348074258796836     1.4371735642215122       0.030964643483628308     1143666.3841342558       24640.880357488455
0.11074178572354704       0.013657689865716062     1.425137566200194        0.039795085336283544     1134088.4412335705       31667.922710166633
0.11733377677263056       0.02922349728693272      1.4140270308558553       0.03777118917068794      1125246.958131327        30057.35731487026
0.11250204799998302       0.027629183467804658     1.4165392130681318       0.033707372581493165     1127246.0892164838       26823.47482492429
0.09096629134813386       0.08252249528845593      0.8538312995605356       -0.01692651522816294     679457.3594581805        -13469.692839411864
0.10552969655452739       0.08216609075941218      1.0688625742178564       -0.19084591591950664     850573.8108634982        -151870.35443744864
0.10763162130529903       0.07788362557299802      1.1539973016581622       -0.13422299269126092     918321.8743680279        -106811.26381700758
0.10146483056463529       0.08236600350857813      1.0042204612355408       -0.1406738060650311      799133.2517982969        -111944.65799400175
0.0981584100375122        0.08286416765202523      0.9520294747432703       -0.10740937259499879     757600.984372861         -85473.66291446608
0.09479087073155226       0.0815419851612671       0.9207754626335948       -0.04892019554522765     732729.8317793169        -38929.45469022549
0.12237943970533328       0.04800369887552335      1.4106956105917676       0.03849363281258588      1122595.8981185965       30632.2596984371
0.12137621606334305       0.05290404197889134      1.4122138509861084       0.01202716581024699      1123804.0754364023       9570.914450433245
0.11751665124518448       0.056578215960828036     1.3671937968748857       -0.005614097272054586    1087978.2546860739       -4467.556659231062
0.11580589008490447       0.06230628082118993      1.3146387137266715       -0.0328277312468625      1046156.2483478546       -26123.47849215218
0.1199231294850736        0.03790013096048596      1.4089976810786966       0.04334996831542856      1121244.7287434621       34496.80870138749
0.11687551236339791       0.03436292090465122      1.413963663700465        0.04222828215574228      1125196.5321512767       33604.19921682831
0.11868181071187962       0.04333518290590281      1.4048029213042048       0.04555794734102269      1117906.6449774953       36253.86258222015
0.10967057979597616       0.02404592020600778      1.4094882052327566       0.02903959560918615      1121635.0754625853       23108.97593295838
0.11087257572071312       0.019032386059878097     1.411589931071983        0.03899786565415984      1123307.5757442694       31033.515444465942
0.1122447787448014        0.03265482171722045      1.421197197561011        0.040984876898252684     1130952.795500919        32614.72875184871
0.10827566137054329       0.02863557232865789      1.4244699116879678       0.026437014575592416     1133557.1386540784       21037.90775149009
0.08822849174088758       0.08050169132190342      0.8383718362026263       0.047281777764669936     667155.109403384         37625.64324709843
0.08593551653220088       0.07910310360435686      0.8220691759739444       0.09824114639898957      654181.8645986721        78177.82032206871
0.11154806843544149       0.06628177020982194      1.2604206330468413       -0.02613752314492462     1003010.8706221035       -20799.580043467875
0.10944013638586665       0.07291939079378738      1.2054003548899266       -0.0719038488954832      959227.1244272836        -57219.26489524435
0.09151310491587136       0.07851766826109739      0.9115595873646954       0.034284141450886554     725396.0712594986        27282.452907851697
0.1032184033371974        0.07799787428780276      1.0810584616971861       -0.0964186446107942      860278.9897521379        -76727.51948014316
0.10524260517737191       0.07418965333610032      1.1453241183844203       -0.06116907529491379     911419.974416238         -48676.803487729325
0.09857941434496778       0.07849650915965212      1.0097913882774918       -0.05161309218112688     803566.454679951         -41072.39374441998
0.09489609633952874       0.07760746404357877      0.9700270799904235       0.004626182910533272     771923.0235673663        3681.399389293109
0.11666182137172502       0.049725939621466646     1.3898783690559593       0.036687981528536584     1106030.0636587876       29195.36806165374
0.11289137619393583       0.05331695994338399      1.359599330809904        0.03850547382896627      1081934.7706141463       30641.682479877956
0.11114474262315681       0.05878667429463461      1.3133576598454266       0.02357111668201267      1045136.8180600184       18757.298670690758
0.11428698442427408       0.03870143132427053      1.4130762907813572       0.05002538879031425      1124490.3832190675       39808.93953036201
0.11378561853237157       0.04434536864043407      1.4006469177961312       0.054632075566950565     1114599.4024684092       43474.824389250716
0.10952910228060693       0.03673334795169082      1.4262794860052814       0.053058733021075666     1134997.1521415415       42222.79817248683
0.08366234098591084       0.07784963350960697      0.8042187253834346       0.14798178563668285      639976.9273591858        117760.16335821657
0.10700663808371974       0.033134102789255174     1.4379732645886492       0.039831323742494575     1144302.7654663671       31696.760317557917
0.08811028884123497       0.07735850075108953      0.8776560992557195       0.0953113618854519       698416.5326564944        75846.37188445071
0.08566814042286973       0.07694491189220642      0.8470536765792817       0.13441617324314178      674063.8984587814        106964.9920157129
0.10694432689009567       0.0626657564397192       1.2564350653810359       0.03466940001462655      999839.2566469029        27589.03193179022
0.10523096978550052       0.06847904911120563      1.1922186795725362       0.0027233809982850628    948737.4805023082        2167.197738998041
0.09022401815902859       0.07487861502506211      0.9411598772065615       0.1023284309235009       748951.2334859275        81430.37800156364
0.09317304133178353       0.0753409078971313       0.9753291748535109       0.057009470593477087     776142.2965983788        45366.69524001963
0.100862252076383         0.07288536339007584      1.1024181912503923       -0.0034563416103950187   877276.522459632         -2750.469261542846
0.09642287135584704       0.07414061811412964      1.0328604466493199       0.0318324227067327       821924.2280417104        25331.437121836003
0.11031024244055745       0.04810423838514047      1.3822312634218366       0.06728902831419134      1099944.6903487053       53546.907360270285
0.10863187511880212       0.05351503629414193      1.3422577927344004       0.06654724291534574      1068134.813086483        52956.61329557192
0.10460125211931971       0.056872916011111795     1.2972166682097779       0.08931291564916763      1032292.2250339264       71072.96003757261
0.10898466095912145       0.041871664511803124     1.4139909390113548       0.06966848601335647      1125218.237154039        55440.41963377128
0.10530912242100089       0.03756069470734902      1.4435193938274844       0.06472775197022042      1148716.2348833026       51508.70840643373
0.10591455715570827       0.045747670121754784     1.3986182609088509       0.09490107164520722      1112985.048611169        75519.8732852642
0.0816980262942941        0.07669922662765097      0.7896355552511202       0.19284070402597098      628372.009296646         153457.7563752722
0.07999654245190675       0.07612848028598808      0.7709370841154463       0.22553233268688735      613492.2387491278        179472.9278708198
0.08408306951146537       0.07542324791047872      0.8441654119217222       0.1792773634741468       671765.4904727405        142664.39290696438
0.08683159170882664       0.07435839318340065      0.9000687266170477       0.1566065344924614       716251.9348176548        124623.52042483319
0.08908435475390347       0.07208208809811405      0.9646201289138462       0.15688147468247296      767620.3086128997        124842.31087630801
0.10219660148705995       0.06290837257182198      1.2210561686398902       0.07899901044942988      971685.6251594474        62865.41506197528
0.1003120149490695        0.0674824815413769       1.1547940141777246       0.06123532835347545      918955.8780465858        48729.52599655455
0.09262636815727274       0.07161727222626507      1.0176407060787118       0.11281040464780585      809812.7433197681        89771.66765947612
0.09662735482322583       0.06942443230662239      1.0937076450065273       0.08544450208107086      870344.8900009239        67994.57433114083
0.10474350006907443       0.05072716913467615      1.3568785104668826       0.10593739553861771      1079769.610579862        84302.30079126156
0.10102834022159483       0.0539513086235715       1.3150732346285963       0.1377591770649315       1046502.0290949449       109625.26993077752
0.09945254501503026       0.05830740074286899      1.2570637047430464       0.13887952445397653      1000339.5119563335       110516.81405551061
0.10375453431137709       0.04192138575920216      1.4332435347853434       0.09675506758991244      1140538.9660779412       76995.236380625
0.1017778132758429        0.046129865168399085     1.4051339100690179       0.13347025977300744      1118170.0374676348       106212.25799316743
0.07899278240303596       0.07474574245806379      0.7746116021460252       0.2614569105051346       616416.3272893626        208060.79856213732
0.08139154840449991       0.07434799746992485      0.8178615589566288       0.23374786399036673      650833.5493639553        186010.6399561945
0.08428811345211812       0.07298575990851258      0.8818492876965008       0.21334800266654766      701753.3659948251        169776.94611581965
0.08636315682116615       0.07083562869834117      0.9445087054277278       0.2148107063851856       751616.1463107488        170940.92875132026
0.0895632282872161        0.06902493549643929      1.0168420813984331       0.1905170585307346       809177.21799206          151608.6580424718
0.09662177570239802       0.06373923479049967      1.1684829848398413       0.1399293159641287       929849.2147801649        111352.21159579373
0.09291743864033274       0.06668322674160998      1.0922518169832907       0.16600729250326707      869186.3788699744        132104.40595598545
0.09958156239530178       0.05006389260589478      1.3588325989100305       0.16312529249197472      1081324.6247546906       129810.98321704508
0.09717892188699989       0.05413835673453596      1.3004916706753227       0.1851989367709992       1034898.3891890743       147376.6312123395
0.0946820111224676        0.05840867160111696      1.2313170635512944       0.2019621304364766       979850.9858879298        160716.35688167685
0.07745381448163799       0.07381115873356187      0.763553894600722        0.2980859469980716       607616.8832138648        237209.25965485908
0.07939388745557752       0.07298152791216247      0.8059834718448234       0.28355124440490453      641381.2679723555        225642.91083449344
0.08164437801078314       0.07186669784419303      0.8572931386591668       0.2688040358878087       682212.2034818601        213907.45517297994
0.08375271662104847       0.07078011786118635      0.906065650536631        0.25487305626624546      721024.1352433932        202821.53382855863
0.08445150484449326       0.06899110395839506      0.9439515962945171       0.27197589968531594      751172.8129487882        216431.54418391743
0.08656990549698519       0.06762737255810103      0.9986074892042393       0.25850605967757795      794666.5905772061        205712.58608447513
0.08931348622965615       0.0654857391515416       1.0732173776786496       0.23851182717173738      854039.253348393         189801.68140130918
0.09146867225530934       0.0622020906456663       1.1520729644612686       0.23021402092634863      916790.535482722         183198.49699744707
0.08799395916027056       0.06301696325902434      1.1059554820510613       0.2898084450589899       880091.4090400316        230622.23290457105
