% Model:              
% Version:            COMSOL 5.4.0.295
% Date:               Jun 14 2019, 18:06
% Dimension:          2
% Nodes:              162
% Expressions:        1
% Description:        Magnetic flux density norm
% Length unit:        m
% x                       y                        mfnc.normB (T)
0.006782444136629691      0.1329164793154694       0.003236112581825269
0                         0.13603851317746612      0.003035788977408213
3.879400209700218E-18     0.1267108267952721       3.3076930842157915E-4
0.010314760017785599      0.1262902979366069       0.004172684855618798
0.008074658687563425      0.14069657549873693      0.004586014891682216
0                         0.14536619955966015      0.004085445266182378
0.0076280217060848525     0.14884732463547193      0.00455782923899827
0                         0.15469388594185418      0.0034954665432544974
0.016740423938806454      0.13445142818489614      0.007306013383263298
0.021488394167577585      0.12487546814022467      0.011927497783462143
0.00868191183237414       0.15823862340334272      0.0036461366250905456
0                         0.1640215723240482       0.0018122243414814248
0.006643372201880873      0.16690262869964992      0.0019244759381831494
1.819684597729291E-17     0.17334925870624224      1.9118411499626417E-4
0.08200708931415612       0.09659436282393227      0.7596486023859952
0.08403361143706724       0.10680905631650471      0.6271635580951154
0.07310570109309394       0.1034948795585011       0.5061906340312085
0.02977439299944601       0.1317663659827275       0.01950410981901155
0.032492283979879105      0.12247401809735946      0.029823004567239925
0.04136258183665217       0.12934457219171427      0.0456212386051048
0.04323944626060759       0.11910492816931409      0.06930725974054447
0.10081904205450999       0.10790015968419163      0.8683559393869772
0.10185455126730689       0.10185455126730689      0.9553500218113262
0.10629126679892989       0.10629126679892989      0.9594717111872416
0.0895029949122601        0.09866004432838796      0.8302957375815196
0.08959808487669098       0.08959808487669098      1.0140570004742453
0.09429687398660767       0.10505062510603531      0.8066052831756346
0.0961597719509733        0.0961597719509733       0.9660862630812806
0.009838591087305995      0.1730698345160718       0.002150584695527376
0.0536449967156317        0.11479480804688558      0.15194193813603504
0.05326899674962848       0.12493468941953381      0.10836624311354184
0.06362669437739527       0.10957772305421837      0.29673961486500383
0.0637559102087183        0.12059585794229097      0.21647675576515546
0.07441751369884633       0.11471974489733724      0.39594120434352875
0.10531968532110397       0.11087162310182092      0.8998880891834758
0.10974806377168025       0.10974806377168025      0.96634146857992
0.10878700884844647       0.11332864011046222      0.9217981439491006
0.11244147722569761       0.11244147722569761      0.9719536371419712
0.11454009361922167       0.11454009361922167      0.9755150916519731
0.11147916151607458       0.11535237644426195      0.9362033197438625
0.01474464954714282       0.1655334969751655       0.003984013845493247
0.02052142644106754       0.17213028946361397      0.005318343143630746
0.02443167936139859       0.1636840377123595       0.007922699708346054
0.031125755413194657      0.17053197015211452      0.01064329691443087
0.11625629392899087       0.11625629392899087      0.9774349203984825
0.11364583531140869       0.11701480873242955      0.9459097929219703
0.11779098218988727       0.11779098218988727      0.9781436633922672
0.11541548148688979       0.11854520331079041      0.9511359506399032
0.1173359475805581        0.12760188438803022      0.9112725841034712
0.11680145387931608       0.12591089780787695      0.9161563851590507
0.11866573336224161       0.12636617118360863      0.9246649218350008
0.11599329458996643       0.128823604607886        0.8991330689848134
0.11554151580320589       0.12721015079740156      0.9025809020464391
0.11446646889273666       0.1301821531287289       0.8868968647178049
0.11402876869330218       0.1282568247884112       0.8895879540699775
0.03401405252339959       0.1615570103897896       0.014828625715725274
0.04161095820476248       0.16828099610854816      0.020374737586988836
0.11806788235302047       0.12467342720948354      0.9307397084883203
0.11998250610902066       0.1251166005044994       0.9392743287565533
0.11722750729727216       0.11991858947644395      0.9564378938471899
0.11949295472980519       0.11949295472980519      0.9776044271095712
0.11951807430708757       0.12348438647841548      0.9473071553659423
0.12128612142192498       0.12385330938020896      0.9551351658433255
0.11907734110506978       0.12148830391894         0.9587100569246331
0.12118712126925907       0.12118712126925907      0.9754219358231979
0.11228451083763111       0.12937845564435416      0.8758745662284827
0.11254610785000074       0.13184589148630937      0.8739111932031598
0.043897986896929975      0.15895045112868217      0.02823230377478199
0.05193691105092201       0.16538598116071476      0.039118186663124645
0.12075428037289765       0.12263214533252319      0.9611425875742204
0.12257643634484504       0.12257643634484504      0.9723781966474421
0.11023054702123856       0.13378786192103598      0.8619046106783039
0.10993268534585623       0.13060620868759554      0.8591416214730142
0.053711761768060855      0.15605287265966894      0.05439188319593586
0.06206164084539883       0.1618589454728419       0.0775557243037782
0.06309340916415705       0.15263844303126745      0.10661313696025009
0.07163274947687158       0.15785662702714584      0.16290801994765058
0.07193990870502025       0.14885532838003865      0.21935740648522747
0.07991407958815933       0.15383011856454187      0.38236394446841465
0.10741544803547855       0.13605839561504854      0.8531033506015757
0.1069691651956945        0.13210049915784414      0.8395649869140125
0.10377433595012682       0.13885551012514366      0.8528200087087442
0.1032195871812628        0.13400239331368216      0.8173567025519811
0.0984188072970416        0.13651795290911714      0.7947518357740085
0.09896325440767156       0.1423244173395631       0.8793077489017637
0.09278271373026534       0.13973465110548736      0.7881513856287716
0.09303070956412791       0.14627116110839666      0.9912679110963656
0.07920882242061066       0.1457892926370176       0.4300345167880584
0.08667462935312112       0.1501248617668065       1.5763678378336108
0.0864380438540044        0.14293865420120327      0.7102196543888465
0.015304007534170109      0.14464288322687852      0.006564147460834924
0.014401034541529708      0.15140443730266478      0.005765255681135728
0.09685176534856697       0.11138614722390418      0.7772841799590946
0.1010402102002849        0.11328119852960866      0.8221289225763236
0.024546855290292         0.14113684614911493      0.011981296300873913
0.021900217574406168      0.14958400356997548      0.008953897023659846
0.018640665103341437      0.1573734226156796       0.006354508484758977
0.10515610454288866       0.11505799587188056      0.863951896629593
0.1085299304567455        0.11672388378248777      0.8933067274395562
0.1109346411156347        0.11805865759479418      0.9108866520022483
0.11114239352238597       0.12032538734328677      0.8993902060180444
0.11312723467127778       0.11934994127900993      0.9243699706076386
0.11268671249670059       0.12161424805422927      0.9068380778298112
0.11452243951055072       0.12264544684048312      0.9168829728969978
0.1126852001328029        0.12368279881917998      0.8967384515726994
0.11433316683549657       0.1242812175484933       0.9070763941207834
0.1150287170670965        0.12560097578171192      0.9060331233813447
0.11325225916984336       0.12546966938906345      0.8938224133983962
0.11406315933568033       0.12672621928127223      0.8948959431687387
0.10877176011734671       0.11989201536472623      0.8773041732490526
0.10561369611263763       0.11898845156611396      0.8460423641999545
0.1015540820867093        0.1179616003138541       0.7995311613893393
0.09654058184793045       0.11650966498200062      0.7358076452002097
0.09085638093556926       0.11258464497097855      0.6754180656560612
0.08445410583628091       0.1166371693272796       0.5408480163256787
0.03240924726227251       0.14057372907188434      0.020104420168619522
0.03741602678823208       0.13658253488424132      0.030247263372766276
0.030980987239788548      0.14741226351790435      0.016067495691815745
0.027818613690309385      0.15541813816580957      0.011430299974544542
0.043067219007516824      0.13715728771370156      0.04275394586032192
0.049889244325148546      0.13421091367480975      0.07083356827386718
0.11618099945631155       0.12400773579145952      0.9219512082771845
0.11490118046721277       0.12051449531582417      0.9328216681175938
0.11668584552911263       0.12178000171613157      0.939072831870106
0.1179403144805919        0.12314253252483759      0.9392625627350324
0.11019161921097007       0.1227120744236743       0.878682743038466
0.1111742259738756        0.12535901004413563      0.8777822239116538
0.11250724231637527       0.12715938204000998      0.8826311817446323
0.10671033812900052       0.12256104106107552      0.8439280683558316
0.10291464044025292       0.12222365086363055      0.8008208481677626
0.0981065347411788        0.12175674388444131      0.7375759860895278
0.09153760191503894       0.12104418097270524      0.6373834810887926
0.06152142375823341       0.12824391723543602      0.1621053296845328
0.05727749939569982       0.1325410424022529       0.11520632907550943
0.06717460730840824       0.12794078046890311      0.2228494918465028
0.08521637412756981       0.12498159245499989      0.5193260829523788
0.07264608266445449       0.12396777887527755      0.3119226979904916
0.07948831031788114       0.12213291363994155      0.42799898371178824
0.03921889746776103       0.14377596862941372      0.029086992498552983
0.036944080339522005      0.1528980911891489       0.020977265813620163
0.04744934461979029       0.14187244918832875      0.05078351923576708
0.056909825714241295      0.13941544134878803      0.09684980178302162
0.10831339604165122       0.1254205697476567       0.8523499975865577
0.11024278284075999       0.12776189770066385      0.864342077512256
0.10493930932729494       0.12575416739897652      0.8179884086412081
0.10066860838944681       0.1261848178967295       0.768018605909162
0.09544582333725661       0.12658433747008457      0.6948545286216011
0.09047072752013932       0.1271310851919611       0.6133563450368144
0.0873882085197739        0.13034230553025788      0.5633868287953798
0.06459231915472886       0.13478141129459015      0.17064318598040162
0.07143773207850598       0.1313882228381468       0.2647349589924377
0.07963751751616253       0.1309799292755935       0.4090847683017761
0.04607211374204586       0.15014790570315473      0.038935268340322945
0.05521061136021099       0.14733760142368588      0.07304242655694491
0.064027231470661         0.1438985151788953       0.1387005735198758
0.10733296177624171       0.12855288394626044      0.839662035506833
0.10369591118717643       0.12958204087850653      0.8066001196002813
0.0990485690234711        0.13089442936414233      0.7593631243899396
0.09284289843426474       0.13249476751052794      0.6790714121113248
0.08640416054078223       0.136035155301303        0.5801654605969687
0.07313813374877583       0.1392712142763696       0.27527559458175666
0.0811198403801167        0.13920001478209615      0.46730321271040465
