% Model:              
% Version:            COMSOL 5.3.1.275
% Date:               Feb 12 2019, 02:10
% Dimension:          2
% Nodes:              386
% Expressions:        4
% Description:        Magnetic flux density, x component, Magnetic flux density, y component, Magnetic field, x component, Magnetic field, y component
% Length unit:        m
% x                       y                        mfnc.Bx (T)              mfnc.By (T)              mfnc.Hx (A/m)            mfnc.Hy (A/m)
0.1293461170650485        0.12934611706504845      0.7761746930710044       0.06069998161595591      617660.1955254251        48303.51059883278
0.1308147545195113        0.13081475451951127      0.7770145572121679       0.05903591257339548      618328.5381733843        46979.286529984325
0.12879662440253947       0.13093491227679283      0.7765749443425392       0.057379845104188545     617978.705367143         45661.42991089448
0.12943771799497256       0.1321774457320686       0.7797765562754987       0.05907710835649644      620526.4671921056        47012.06909255963
0.12804648716602515       0.13352564219819701      0.7889777968285622       0.05475301319351733      627848.5817750938        43571.063494620226
0.1275493845238371        0.13189795950906885      0.778054409273131        0.05096094063598511      619156.0261513168        40553.42803414833
0.12664121459680738       0.13485919607296115      0.8097767100898047       0.043843997625751745     644399.8310574256        34889.94473523856
0.12623495900627404       0.13317851557816526      0.7852839138973424       0.03687918636544882      624909.0831365618        29347.524036342045
0.1275354884488051        0.12753548844880505      0.77008401448618         0.06911467901866448      612813.3875076314        54999.71403015079
0.1269336872560939        0.12981825793208873      0.767852092064358        0.05659936444906751      611037.2800774785        45040.34313964391
0.10940192717387742       0.10940192717387738      0.7045111108940368       0.35955226851329103      560632.128809742         286122.6041689735
0.11089936157636097       0.11089936157636092      0.707352412037102        0.33024009685075056      562893.1644183995        262796.71910471603
0.10898564663679348       0.11136394407659243      0.6825047013645339       0.34198421587961236      543119.984528117         272142.3920832308
0.12567082945975727       0.12567082945975722      0.7610981550810477       0.08523705480480988      605662.6677963533        67829.4930339014
0.12500546307281077       0.12804324558700908      0.7522877513904258       0.06715123127811475      598651.5713063657        53437.251963095274
0.12402581239292998       0.12402581239292992      0.7527871549207031       0.10448853078544466      599048.9840085716        83149.330854566
0.12329438086434388       0.12635341201773825      0.7385392911210732       0.08507277994722806      587710.8942475157        67698.76725585207
0.11252957012758759       0.11252957012758753      0.7109565249821049       0.2988546726687634       565761.226371693         237820.99210672025
0.11043195781345538       0.11301746755426643      0.6840331659233575       0.3112501416465881       544336.2979775049        247684.99290553542
0.12522205439129222       0.1361779611171509       0.8590146501329651       0.02634590453671566      683582.1387850823        20965.40468622744
0.12482149391154818       0.13439923224946135      0.797150237251013        0.005569964258070838     634352.0032268792        4432.436722585776
0.10818733752154178       0.10818733752154173      0.7025656533357563       0.3836188600482141       559083.9828748626        305274.18919975637
0.1080914335457091        0.10978874589561197      0.6868544815631843       0.36721760174669765      546581.4296280093        292222.48254168977
0.10704849109854485       0.1093143199838189       0.6798428425442484       0.3819281296257486       541001.744582811         303928.74867890024
0.12378916217638879       0.13748179271331792      0.9196821401294546       -0.22559014881781658     731859.7933746792        -179518.93648595898
0.1233522484713093        0.13566261109187705      0.8030857671734878       -0.06317528144965093     639075.3478620378        -50273.29161966833
0.12225129632401627       0.12225129632401621      0.7442901749572566       0.12912641694096         592287.302195895         102755.5376994942
0.12153400701938624       0.12463324760521759      0.7261172061888012       0.10840796397199885      577825.7131451234        86268.31668335859
0.11414567048048108       0.11414567048048102      0.7150712663338464       0.26831410984202353      569035.6335000644        213517.58441329902
0.1119088689061217        0.11484012519303913      0.6851169186260081       0.2788274169292461       545198.720976085         221883.80836917166
0.10589790560217217       0.11042931489904939      0.6568355105875817       0.3802418896344621       522693.09154151304       302586.8815296378
0.10726704543242765       0.11084968970480515      0.6681745559805562       0.3630513255947323       531716.4171626893        288907.0653223339
0.12217571274840078       0.1389175842520314       0.6371811353013316       -0.23569309427608465     507052.63664056343       -187558.60503331487
0.12161907985047148       0.1368292900249417       0.7081857248653645       -0.1378709751412845      563556.2936971986        -109714.23601317623
0.11598441838414052       0.11598441838414048      0.7203971561160154       0.23438518856575105      573273.8419260384        186517.80673882633
0.11350108840312474       0.11664687307245578      0.6883659040425832       0.2461702555830384       547784.1814214921        195896.065091179
0.11808166080118379       0.11808166080118374      0.7273619950247375       0.1970002607079946       578816.2846268477        156767.82641034713
0.11534759290719704       0.11869358653297361      0.6935335880375755       0.20967962055156972      551896.4936821916        166857.74038207644
0.12028006395478259       0.12028006395478255      0.7357414464130936       0.15986773294646062      585484.4401711234        127218.69969662132
0.11745265006345543       0.12079035503901067      0.7025240083084371       0.1720994039466952       559050.8428150975        136952.3542064269
0.11957202793446801       0.12278802816865171      0.7138901348703989       0.13757952535284856      568095.7189458191        109482.30764071294
0.10473570720708933       0.11153219999547595      0.6335335080720211       0.37859659187791966      504149.94712005666       301277.59517557913
0.10617683537954772       0.11199086717364909      0.6456211199011422       0.36018930315320863      513768.9629839601        286629.54022829176
0.1201510592019396        0.1406723959156592       0.5593311621690916       -0.1816410010479049      445101.5964227272        -144545.31592467104
0.11973184754044128       0.13803783796518243      0.622931375383157        -0.1297682719549584      495713.0379963122        -103266.30969062501
0.10356202336144707       0.11262285432931937      0.6099272869753922       0.3770083574838936       485364.71324381325       300013.7184025901
0.10514952886577766       0.11309521064290788      0.6238641203302805       0.35695085583428493      496455.2928412058        284052.46573454485
0.11754341739530118       0.1428584790169417       0.49556864484743035      -0.14317174096352442     394360.9973441023        -113932.45142708655
0.11708980435656896       0.13959136895588883      0.547727567415277        -0.1036993413672571      435867.7491092033        -82521.31386986414
0.10237698277290531       0.11370115829804131      0.5860078925338613       0.37551668839382074      466330.26393814106       298826.68585687765
0.10410710514299855       0.1142050349554658       0.6016336004832563       0.3535906286251352       478764.80723542377       281378.4818833045
0.11441252624268435       0.14537803767683424      0.4420627072912902       -0.1149798954563271      351782.3251099724        -91498.09359031908
0.11387160760009699       0.14133509552964338      0.48663820656548484      -0.07691835226846513     387254.3803613587        -61209.67989004964
0.10103298054731072       0.11489707064032019      0.5587612339504151       0.3739647521525166       444648.0619566776        297591.6942360426
0.10285458506928753       0.11569643738234807      0.573118905381428        0.34740688339186726      456073.5338543526        276457.61377982673
0.11055711964268396       0.14833112719963137      0.39306497932577905      -0.09551226306025874     312791.1720800569        -76006.24395966809
0.10997235721324651       0.14354044470951663      0.42756673017882735      -0.05666778967811031     340246.79304799525       -45094.79420681569
0.09934331515568741       0.11636110060444488      0.5242952103824363       0.3722760638901124       417220.8718588497        296247.87881452823
0.10147473158242162       0.11723790918763641      0.542154472252237        0.34142897052623916      431432.8208916066        271700.54187014
0.10547653551357596       0.15198585610527482      0.34638867227441766      -0.08983187109179826     275647.3471175607        -71485.93165726816
0.10529564883428749       0.14619994928982888      0.36806405494908995      -0.04749670312973484     292896.06859797327       -37796.67541832798
0.09716393613704864       0.11818701076833917      0.47936115623944636      0.37063382899243624      381463.48770877114       294941.02980611235
0.09976824023892704       0.11911502907762903      0.5033795326610123       0.3339122628396601       400576.7043714414        265718.93594966055
0.09922330544983396       0.15614011545918915      0.31338934438813065      -0.10897235315045554     249387.31635849664       -86717.44332125336
0.09938540265322436       0.14912586917696705      0.3019167129857068       -0.05760887523064564     240257.68636866135       -45843.68629460753
0.09458331213776978       0.1202622013146657       0.42520715275082765      0.3696826983680174       338369.1009916242        294184.14410410053
0.09768151045277133       0.12149519612871301      0.4538742228156123       0.32281454916578217      361181.630515485         256887.65600857954
0.09250000000000004       0.16021469970012114      0.07985512105227338      -0.360264385444764       63546.68623335491        -286689.2888174903
0.09240589853367882       0.1526442338787919       0.19721036019669017      -0.09533683718516002     156935.018271182         -75866.64448382716
0.08512029605997899       0.16425448303976825      -0.029501802370851007    -0.06275916008757988     -23476.788387205674      -49942.15276116963
0.08536907453025379       0.15650979974267867      0.05871750887120485      -0.08276331962547841     46725.90891447235        -65860.9571254468
0.09142645688190261       0.12267926875402205      0.3568611992840449       0.3703928423034108       283981.11931878846       294749.2586922236
0.09505175942989885       0.12428842852701251      0.39104568442343374      0.3099931759315088       311184.2682537143        246684.73137127594
0.07698135683992181       0.1682226818805497       -0.009513818137841875    -0.020911673931722868    -7570.855921574327       -16640.98137279812
0.07795557032115034       0.16037195134605267      0.01101766449327058      -0.033203814454280015    8767.578827160374        -26422.755999523943
0.06866813790581779       0.1717838375300412       -0.003704547581591099    -0.00864596295047143     -2947.9852976467496      -6880.238706784581
0.07029120837865417       0.16402179467018294      0.0031754890575128175    -0.014038018546955744    2526.9739011869437       -11171.100214818565
0.06020218590090647       0.1749305485407071       -0.001646384992584642    -0.003964782180910326    -1310.1515490107959      -3155.073411872718
0.06309544030015812       0.16718975127699676      0.0010950783345793178    -0.006635155365109752    871.4356501056941        -5280.088872699634
0.05159308287688189       0.177660220081084        -8.523385032015671E-4    -0.0020158103221007274   -678.2694298603834       -1604.1308854899823
0.054495736292983384      0.16952421543229193      5.026782518798445E-4     -0.00306037817502192     400.01864285735036       -2435.3715714264613
0.025061704966241747      0.18329460151402452      -3.2293243646926265E-4   -3.883051413466581E-4    -256.98146774396304      -309.00341336658875
0.016040574762979664      0.1843032825569671       -2.921048968661068E-4    -2.2033410689368347E-4   -232.4496911879459       -175.3363112193389
0.018956677996069527      0.177140425424732        -1.7621593253802585E-4   -2.884672812536732E-4    -140.2281835748739       -229.5549686590106
0.0073752053316123774     0.18485293166816844      -2.7800872360793366E-4   -9.549767670005206E-5    -221.23231292435574      -75.99463650302503
0.010852453266688551      0.17816685472505606      -1.8682528419247056E-4   -1.5353620612827942E-4   -148.67083736889916      -122.1802307444591
3.946495907847236E-17     0.185                    -2.7437037618298213E-4   3.737714667381986E-7     -218.3370080375222       0.2974378825904613
0.004560478838458599      0.18029066168912125      -2.130885603000318E-4    -6.206548677263332E-5    -169.57048844042734      -49.390145076346194
0.0872606152371421        0.12567650945357847      0.2598996842120473       0.3758683723070165       206821.5972518498        299106.54702283273
0.0916371402569562        0.1276351771339719       0.30698005748746576      0.2935143845167331       244286.96789882184       233571.32582206678
0.0820962545971924        0.12910927534888014      0.12847445078779812      0.4065064702998164       102236.71951947261       323487.57073527254
0.0869385340323422        0.1314840356202789       0.18184710162681872      0.2697004657012147       144709.32555421218       214620.81135267243
0.04285329139431877       0.1799683178136463       -5.278587985748028E-4    -0.0011075865807253459   -420.0566852386449       -881.3893961234468
0.04580292511142672       0.17129063997390462      1.8354804260344165E-4    -0.0015428805045617428   146.0628913758977        -1227.7852945055945
0.03400304978443673       0.18184826808456855      -3.851445685101156E-4    -6.499236627042303E-4    -306.48830941690017      -517.1928177588399
0.02756248376278682       0.17547546171668812      -1.4171238099799623E-4   -4.833556115253143E-4    -112.77112966576539      -384.6421742272984
0.03642856976430456       0.1719823288990479       3.416278158375531E-5     -8.095749832223236E-4    27.185877794117136       -644.2393019168551
2.6795382729466626E-17    0.17860000000000006      -1.8870030061952155E-4   1.0165827239622588E-7    -150.1629280326175       0.08089708279020863
0.07650000000000001       0.1325018867790191       -0.25454289761536586     0.07181968454954003      -202558.80192209847      57152.28903679959
0.0815895449044021        0.13522272749867129      0.03221047694074733      0.19733335528642035      25632.283122337245       157032.89465371496
2.5835189843304326E-17    0.17220000000000005      -1.001142962909827E-4    3.123867506385838E-8     -79.66842564438248       0.02485894776027295
0.004875725145766593      0.1750140890350582       -1.3913588893665972E-4   -6.793397612731883E-5    -110.72082242877173      -54.06014052274802
0.07064623052455389       0.1357133380057818       0.005150789378347737     0.013824639250349874     4098.867951946365        11001.298365777087
0.07542801137992985       0.13899514533357488      0.0040260625430356125    0.04593685041827004      3203.8387746062212       36555.38407070338
0.06361288928767045       0.13914884231093905      0.0060280167583057305    0.012934337862302803     4796.943320625699        10292.81903203075
0.06892727152938663       0.1426779754880429       0.014327717588974562     0.014497782723103677     11401.63538754997        11536.968921271147
0.05576522896384714       0.1424753987136365       0.0025363399027448445    0.005928522581626788     2018.3551644152956       4717.768370489139
0.06181083737154505       0.1461835173103081       0.008298672429935797     0.005740809190808191     6603.873691623562        4568.390800322536
2.4874996957142026E-17    0.16580000000000006      -1.2785372720184367E-5   1.3760353925009247E-8    -10.17427633844807       0.010950141729295926
0.0048585519852474114     0.16902984298012813      -5.564184077752091E-5    -6.649018210286828E-5    -44.278370012373216      -52.91120574375879
0.047745211827565776      0.1453595361424247       9.139855274970739E-4     0.002168676394016324     727.3265730780637        1725.777840372024
0.05394272968980102       0.14964752347587737      0.0036793523694153615    0.0020072285233540296    2927.9355848466607       1597.3017070341982
0.03958771601273714       0.14778975857918866      3.3326420689001055E-4    5.768862291893619E-4     265.20322941072635       459.0714748856549
0.04522441022855373       0.1525940178535208       0.0013783213912187155    4.7096293616774717E-4    1096.8333129087832       374.7803965208487
0.03130882260932701       0.14976233714394846      1.6845244671494683E-4    -2.4591800262179385E-5   134.05019785303946       -19.569532856272087
0.03797098575996396       0.1565413536723051       6.400793056426052E-4     -1.6278783441398413E-4   509.35892731924366       -129.54244261105262
0.022924056310897365      0.15127289129997748      1.35412874757866E-4      -1.9128848210151262E-4   107.75814187999056       -152.2225374150064
0.028466785236710847      0.15862803429278532      2.1626169570345023E-4    -2.66172828991491E-4     172.09558936319704       -211.81360725374768
0.01446782872403171       0.15231441800437698      1.414621389981038E-4     -1.754294082525568E-4    112.57199340950497       -139.60228743540276
0.019508659014334878      0.1577935624064202       1.0773102278714953E-4    -2.150234014168408E-4    85.72962400460233        -171.11018607961535
0.0066660282406816596     0.15285471555530902      1.5280960179326418E-4    -9.034139734724856E-5    121.60201738651074       -71.89139976821825
0.010936736111967825      0.15833642776692503      8.544346818757812E-5     -1.3660323625328558E-4   67.99375158484084        -108.705401460302
2.3914804070979722E-17    0.15940000000000004      7.159046941219344E-5     -5.0167968462661876E-8   56.96988542609861        -0.039922400828554756
0.005016387842947009      0.16296810104416254      2.5862575383070607E-5    -6.601667603700804E-5    20.58078356651228        -52.534401588930535
2.775557561692138E-17     0.153                    1.5648180769236355E-4    -3.8057586027744183E-7   124.52426599097517       -0.3028526469230269
0.004199190220195581      0.1572924536472372       9.833188298255427E-5     -5.486736176274456E-5    78.25002620103668        -43.66205919476022
0.12588233554879125       0.1317450104263535       0.7700392662885571       0.04082210273573585      612777.7780234007        32485.197188987724
0.10855107169309632       0.11336272090984403      0.6601532115464933       0.32361832740207613      525333.2340780703        257527.28240585898
0.12447975427169493       0.13263425372600954      0.7657257934489561       0.020613486700501185     609345.2254018252        16403.691513719037
0.12415803479959248       0.1304105469258977       0.7479399521155291       0.04350263784909026      595191.7025755097        34618.29925609646
0.10748205357283255       0.11220486481941785      0.6583730907949323       0.34601688112092976      523916.6589935135        275351.4851181834
0.12239167663491482       0.1286484829014678       0.7253959907760802       0.06160246176335712      577251.7881552804        49021.681481338805
0.12099272921436663       0.1269878001529538       0.7117916899690832       0.08407193660766332      566425.8295515672        66902.32143209044
0.10971722794077221       0.1151090834421747       0.658373266675034        0.293951057365273        523916.79895445146       233918.8190338624
0.10751481502444298       0.11537524518075962      0.6308965981764123       0.3096555817779604       502051.5608981863        246416.08247979518
0.10677264712829315       0.1134868718763968       0.638930623470923        0.3378492815899432       508444.8350909197        268851.91592542565
0.1229987327319111        0.1338828559106041       0.7556565473352027       -0.017446966125191022    601332.3739407616        -13883.854503905013
0.12278416026854484       0.13218362921048826      0.7377931573810631       0.013702354817726938     587117.1398828644        10903.987506201443
0.12151561115636902       0.13072673283616268      0.7135381517674807       0.03366626890912351      567815.6196922478        26790.76556173999
0.1217138419013673        0.1350310866462619       0.7264855823246366       -0.060776486870103855    578118.8575597999        -48364.39154568352
0.11981489598265262       0.12910985422957622      0.6905705215424804       0.059780520559195784     549538.5602851697        47571.82673801342
0.11881337741369853       0.1274087944981694       0.6829967139264014       0.08651318411975792      543511.5156845397        68845.00447639366
0.119073335420385         0.12528976142050113      0.6955797218718723       0.11171271953570781      553524.7552519711        88898.15760173222
0.1110304064065104        0.1171732163518994       0.6563929586689631       0.2596864163170093       522340.91991439817       206651.88405335927
0.10870241476619308       0.11717941077133104      0.6294064030644635       0.2786111181568941       500865.70130699617       221711.68327514906
0.10701608450555282       0.1170310148290222       0.6108435279019453       0.2945935713461884       486093.83460643346       234430.11541420416
0.10605752427787148       0.1161243693502404       0.607373658414844        0.31357948333299035      483332.6002026539        249538.62412324006
0.10571569331892107       0.11465858870455045      0.6163112777740382       0.3337597583593392       490444.9317051016        265597.57674022677
0.12079403145331016       0.13318587370905735      0.7009919365235365       -0.012054865721537621    557831.658826405         -9592.957339458799
0.11881782946753709       0.13115625342188036      0.668444017522151        0.031240194199519223     531930.8478442793        24860.156650021207
0.11978358652691244       0.13552676083712664      0.6652675507459073       -0.06613211790387725     529403.0958992472        -52626.26730769049
0.11252000031054102       0.11921598795463512      0.657636841482584        0.22458852291631404      523330.77040647226       178721.86791919396
0.11736208785427044       0.12904370629757791      0.6554857772605506       0.07053344692435187      521619.0078872485        56128.73365660221
0.11668706919892807       0.12643729134206438      0.6600385627760393       0.10962429407391537      525241.9994853847        87236.241424116
0.11454548157746397       0.12144237061970092      0.6650839046597846       0.1840317408460855       529256.9549873178        146447.80620730584
0.1168408017414623        0.12348340675594985      0.6788687801963268       0.14518915972701493      540226.610395054         115537.86226956581
0.10969275957599767       0.119512348287178        0.6221213304173502       0.24302158233472335      495068.4246941379        193390.43053292623
0.10724508051735689       0.11887632481255306      0.5979660726701714       0.2706411239571424       475846.2813335264        215369.36340862792
0.10556058794189972       0.11759972403022684      0.588578251325474        0.30035427042928725      468375.6904741654        239014.33408790478
0.10456830233913095       0.11600650438961184      0.590773077987374        0.32815898796249915      470122.2780365219        261140.6252713276
0.11775197754748408       0.13363143543157446      0.6357496607335587       -0.007424134333047044    505913.5053737064        -5907.938386413443
0.11566837281113634       0.1312399180273336       0.6172011003349499       0.04745502521182115      491153.03000032064       37763.509185059265
0.11709056702732192       0.1364450225390441       0.595266213146799        -0.053761951588250194    473697.8013895341        -42782.40172768596
0.11120767826816759       0.12206681698464067      0.6206560810136895       0.2005799473158196       493902.41626686277       159616.4505021232
0.11410904465192995       0.12826195293793305      0.6143930216160887       0.10083755090175188      488918.4319568311        80243.97337647209
0.11385073551755756       0.12461041531030617      0.635241445482481        0.1503574900924994       505509.08052688796       119650.68889555981
0.10751779695037898       0.12212097057571797      0.5746900078117345       0.22859747130267688      457323.7774437875        181912.0876806436
0.10498177110200609       0.11981490964766622      0.5623635021485801       0.2783307238169644       447514.65590708103       221488.55254907502
0.10352012321920043       0.11774761019988322      0.5625559355351103       0.31655503042229033      447667.7895304921        251906.489261564
0.11435744902517345       0.1342347809372217       0.5731972888254301       0.011453876388340806     456135.90941720014       9114.705223839925
0.11159318592760616       0.1311095619987623       0.5589669869776729       0.07959575013393563      444811.7950133987        63340.285414616235
0.11382611717764758       0.1376475838235543       0.5304454246264777       -0.032804253386179545    422115.05684891646       -26104.795404247605
0.10948080128457413       0.12653489752825892      0.5652857280155539       0.15702656401630238      449840.0893648806        124957.76929965234
0.10514114656829569       0.12462032816165985      0.5240806249353829       0.21608053795971677      417050.1101857791        171951.42861122428
0.1038719201545086        0.12223107704862073      0.5277629339539361       0.257485756930155        419980.3985972521        204900.65495596212
0.10234117932508946       0.11960262664224561      0.5313524204245305       0.30416170789035424      422836.821172035         242044.1965501151
0.11058791984285052       0.1349648225288408       0.5132801073207222       0.03502242610430455      408455.3313541573        27869.9611678535
0.10762842200828755       0.1313488412029238       0.5034523172038748       0.10755860204702868      400634.6244703277        85592.41593919334
0.11004022325215983       0.139113431770552        0.4686340735893237       -0.01208677149051763     372927.14656515955       -9618.34714369038
0.10479840038436965       0.12814029305412736      0.49114242391303636      0.172591149865322        390838.72263947414       137343.6731749005
0.10226773142295015       0.12520497404761202      0.48152776726494256      0.23239672662354438      383187.62198109686       184935.43900256485
0.1007634986563184        0.12207090688997176      0.4890356701713368       0.2867700794361259       389162.22128013003       228204.37836557464
0.1064816829230201        0.13601640424366082      0.45146837372924536      0.05559557158285272      359267.1166433429        44241.55015715159
0.10325904666517248       0.13240648591645052      0.4370264497677609       0.12754300625435203      347774.59871220513       101495.49951090325
0.10562888139617028       0.14086294253957812      0.4047273850685391       0.004052345815959546     322071.8196915747        3224.7543386386083
0.10056823524348975       0.12863135412084814      0.42997714092383216      0.20016952268748925      342164.9369727418        159289.84496029603
0.0987594352624297        0.12505124677640475      0.4355571958224745       0.26492365795434025      346605.4035719571        210819.54852709884
0.10167387388023834       0.13728719759233285      0.3808803214168268       0.07428407846371433      303094.92939958937       59113.391402631714
0.0984036655516295        0.13301482528481007      0.36554109208753194      0.15533842481585877      290888.3585447021        123614.39080776332
0.10027001279876718       0.14289023812037074      0.331084101540237        0.012199824118499585     263468.3566963386        9708.311566554667
0.09622387636914975       0.12861662094427115      0.36824472038262274      0.23666464451701286      293039.8375819362        188331.7401498441
0.09599999339989776       0.13853236961685128      0.29618540577644265      0.09112243451946299      235696.85700499825       72512.92940170046
0.09292328822982998       0.13308091795402552      0.28155393056158123      0.1939377870795257       224053.49897913952       154330.78733005014
0.09358101012717633       0.14505683459355817      0.23499326172092352      0.009727491763916112     187001.69598086225       7740.891990564748
0.0883371583524211        0.13920704453194194      0.17456022291342219      0.11191285833184898      138910.61171947134       89057.42299528385
0.08508759502506867       0.14794125223642615      0.11167662533720614      -0.004695084405905251    88869.43475118981        -3736.229457167477
0.07914516082009866       0.15363272789433138      0.04504107301945634      -0.02530667321209052     35842.54706604738        -20138.410674577295
0.08119534997351782       0.14146456703657528      0.06551276820562625      0.06743855281121093      52133.40447779489        53665.89517434027
0.07082633756107011       0.1555903124553748       0.017136487950033762     -0.009835353731680995    13636.783822412868       -7826.7258172717475
0.0642204073438069        0.1609722335320826       0.0057516253910532495    -0.0066287072952803065   4576.9980589949          -5274.957661765843
0.057305271888646404      0.1621389485727141       0.0031405576534207884    -0.0033219173823810073   2499.17637303501         -2643.4978597441354
0.07556994829022935       0.14709082467248163      0.03739793935950329      0.01185023375451334      29760.334552579494       9430.116394126138
0.06754844940483926       0.14893411336189932      0.015505878347651469     0.004046377625315868     12339.18593005161        3220.0050034273286
0.04897552409698767       0.16393517531642196      0.001339131185574199     -0.0015843383394309755   1065.6467381632199       -1260.7763912522241
0.02167043586443981       0.17004020273438128      -3.444667520302009E-5    -3.254436009731536E-4    -27.411793158208326      -258.97978896251874
0.014967427474491025      0.1715724019541534       -8.278130808827942E-5    -2.1578967218554898E-4   -65.87527188931384       -171.719964982549
0.008982901707633693      0.17179723264374075      -9.251782523859866E-5    -1.260901549805743E-4    -73.62334605417546       -100.33935720190782
0.06110135557385156       0.154295058627751        0.007577219126697038     -0.0011358457353239475   6029.75939452144         -903.8773168332743
0.05194316772409078       0.15691725725074043      0.002838430134377268     -6.355060420561297E-4    2258.7509325356746       -505.7196397899949
0.0414836783321835        0.16439640935615704      6.608853418751582E-4     -8.585940685684918E-4    525.915844882043         -683.2474506102858
0.045126266870237255      0.1588810467046064       0.001339467009956323     -5.280564398223221E-4    1065.913978715349        -420.21396314615265
0.028619662683237245      0.1672486065174658       9.623225783198903E-5     -4.4653053354651046E-4   76.57919759427408        -355.3377082769427
0.03459779839018086       0.1637479115706562       3.423718054509524E-4     -5.272448204515649E-4    272.45082606407897       -419.56809697232694
0.022991810547327397      0.1638499418338225       8.280498377037009E-5     -2.987847779556948E-4    65.89411239849284        -237.7653716613159
0.016895813091964505      0.16469386238543113      2.6018876512812042E-5    -2.225476518988719E-4    20.70516405355826        -177.09779436599942
0.010276303035708577      0.1663996447957568       -1.5079579620509435E-5   -1.3806832761637693E-4   -11.99994818175942       -109.87128412288814
0.18438689973856007       0.015048960256514718     1.1992421510207358       0.07212927314727653      954326.5814955368        57398.651815072866
0.18357716897543042       0.02290028451714576      1.199905300048311        0.1538470742546621       954854.2987242629        122427.61173927672
0.1764248042523221        0.01650859630152752      1.2684209381356841       0.09934525439811422      1009377.3111277664       79056.44155090864
0.18486099563752986       0.007170236530349186     1.2266157418624728       -0.009146278170821356    976109.7929587243        -7278.376908898586
0.17923833704909345       0.009608694287229786     1.261525515831979        0.039188758192125334     1003890.1084060627       31185.42289954878
0.185                     0                        1.3336227786034218       -0.06530298267825417     1061263.2871734146       -51966.462459442846
0.18041077712935719       0.0044178056526845404    1.2748126838012848       0.005439818653794133     1014463.7007160991       4328.87014137418
0.1824332770413736        0.030709923932588947     1.2316954687835802       0.237290840420652        980152.1112039802        188830.05101688442
0.17576329253725076       0.025144371576317708     1.2724542876043243       0.16756113015454277      1012586.9486535223       133340.9106707996
0.1809573061357541        0.03846366280128547      1.3648185123789673       0.22582007968721265      1086088.063342199        179701.90965812802
0.17474574925191433       0.032643814163829145     1.2933840102230199       0.2073517694888369       1029242.2927150605       165005.2953649982
0.17860000000000004       0                        1.2905754291587666       0.003320156650083037     1027007.2949178094       2642.096713500718
0.17918788480880585       0.04600762912546262      1.2467562150019342       0.1820803568311571       992137.0722404983        144894.944148074
0.173309470235659         0.040024133270709014     1.2997924533551517       0.21629164194991868      1034341.969725071        172119.41982895954
0.17220000000000008       0                        1.319165079030112        3.845147994668886E-4     1049758.2154092656       305.98715513572097
0.1755417910280029        0.004847342580494462     1.2982614475917391       0.021052715798595755     1033123.6340493247       16753.218924276764
0.17710410704343765       0.053470882434709696     1.213665957632414        0.25122359599844596      965804.6820977876        199917.38562236982
0.17156498447725743       0.047250943578183026     1.2757760450823603       0.23713909818182954      1015230.3192654318       188709.29837996233
0.16580000000000011       0                        1.357485210755326        7.61586639299367E-5      1080252.4073292671       60.60513911861926
0.169721123709996         0.005102561257912003     1.3307824071608632       0.030506233797780186     1059002.991396913        24276.0895201688
0.15085754135752102       0.025514745061705407     1.4278730173654057       0.1968566066788973       1136265.2441062203       156653.5101662176
0.15179377127795463       0.019174227525925878     1.437479208947689        0.15041767188906832      1143909.608479261        119698.58004760028
0.1568850434880953        0.023821879927986064     1.3930578396088074       0.17129469819491647      1108560.2059332922       136311.98971577655
0.17470962849392793       0.060840329646655124     1.2189262739508793       0.32150181482252427      969990.7088193409        255843.0152100996
0.16941372338034566       0.054414545839565905     1.263243130151984        0.28003880000065423      1005256.9424528335       222847.79638813392
0.15246362975426828       0.012800062583963129     1.4443556199681868       0.10142583470129041      1149381.68250248         80712.1147496593
0.15760736770996164       0.016859235822566095     1.4004835393098103       0.12331782637470771      1114469.389999945        98133.20819441417
0.15286594130230513       0.0064034357777817885    1.4486265360672743       0.05102800161958563      1152780.3695459825       40606.79346929147
0.15745585153962677       0.009891690053857781     1.4105576473977683       0.07341377271186444      1122486.1104971478       58420.82409059062
0.15940000000000015       0                        1.4014745240219455       1.7146927743878304E-4    1115257.990577269        136.45091546388963
0.16302090900560257       0.00621432100789282      1.3738876357951562       0.042648607420701944     1093305.0424481835       33938.683434952014
0.14965658291227227       0.03181048869511718      1.4149761637404474       0.23985687853689255      1126002.2540824965       190872.03926869397
0.15581601502478454       0.030513982658216855     1.384147662020787        0.21362787395938185      1101469.7118984917       169999.66061424004
0.14819322365268803       0.03804955273619342      1.3982709370798296       0.2789884450698414       1112708.6570899573       222011.95049193487
0.15444407434648302       0.037013320762412545     1.3722294141854805       0.2508165104263385       1091985.471618575        199593.43721705838
0.17200864988931297       0.06810304224669944      1.2750431381808813       0.39424936179318176      1014647.0904844492       313733.6737010495
0.1668253110565552        0.061548133270490406     1.2750732438117047       0.31660849074553665      1014671.0477842512       251949.0316350838
0.16900590966388118       0.07524627896902303      1.4909128103062788       0.2705892317204839       1186430.7173963676       215328.06887876647
0.1643379385024651        0.06841412643394466      1.3072970979568033       0.3143826882661822       1040313.9761475745       250177.7943004065
0.153                     0                        1.4500823114757964       3.687149606117934E-4     1153938.838807472        293.41404286650203
0.157088187217621         0.004498023264902467     1.417417093560643        0.03369110004338537      1127944.684315619        26810.52555054176
0.14646988312241058       0.04422186493248967      1.3776667616400557       0.3138722055995428       1096312.3752420943       249771.56510161454
0.15277250377110982       0.04342854825878645      1.3568844898396206       0.28402604320004343      1079774.3688135014       226020.74371059556
0.14251694776256948       0.11795727870903516      0.8979136728581286       -0.02779073380835377     714536.9975258509        -22115.16328875278
0.139408208697435         0.12161558842423267      0.8419009789103523       0.009036505287081577     669963.5119374405        7191.022423575399
0.1379532249302885        0.1170350545709332       0.8934389210068364       0.04299688549523858      710976.1031446372        34215.83432061718
0.16559316320041564       0.08248578241903545      1.2351876383986207       0.14166142564377263      982931.0914857254        112730.58068325697
0.16138872112822192       0.07555333235177675      1.2929480700546832       0.2499733964463726       1028895.3825516449       198922.50842955112
0.13670043035985013       0.12465148350273138      0.8085223091362629       0.03269395303796014      643401.6104955487        26017.02117602822
0.13544962700645108       0.12081421661974147      0.8400863417171323       0.05308350236669828      668519.4695413436        42242.50899145178
0.13428704870856922       0.12724774477035852      0.7884951501523375       0.04787496542498948      627464.5037536537        38097.68698870329
0.13349790420900023       0.1241294689175264       0.8065906542097349       0.058017999392955405     641864.448346025         46169.256958457176
0.14448958464632952       0.050316596951017464     1.3530752575022091       0.3437842293914039       1076743.0780340785       273574.7973233999
0.15074631297553567       0.049625021552694236     1.339421524054396        0.31257912285292694      1065877.7821846858       248742.56254686075
0.16187048416079566       0.08957090128802743      1.1629357481258669       0.1981582465797415       925434.8640625152        157689.3222879426
0.1578172838486826        0.0821627972145085       1.225831016612586        0.23233083679298025      975485.3284462817        184883.00554139598
0.1460971019885775        0.1134928931278922       0.9971823915642144       -0.08816662433320772     793532.5339082131        -70160.77039178096
0.140797630496847         0.11295636486393976      0.9748265367739956       0.031776818807871136     775742.3099236735        25287.188945040998
0.14966814395936529       0.10874027167410753      1.380118123140153        0.009539878016664389     1098263.1067423222       7591.59371422922
0.1436444007875184        0.10798385678205005      1.0906957078499888       0.0690166481501555       867948.0665671976        54921.70354365682
0.15359067149456412       0.10312567880915438      1.1980177996846828       0.2843246765937418       953352.2736594668        226258.38861449258
0.1468083435064874        0.10237380806988632      1.1647317053916335       0.18891247480553222      926864.0414446583        150331.77088511796
0.15784482864996457       0.09648839343912448      1.14518415717621         0.24651568841905028      911308.5968255992        196170.95180796678
0.15053548333239386       0.09548731751881538      1.1559457485012425       0.24486100380100403      919872.3991001681        194854.19562686584
0.1540370089521969        0.08904266116893067      1.1750291071582601       0.24483143629054627      935058.4534054673        194830.66654964446
0.14225580234089125       0.05632305656078385      1.3235774978976176       0.36787671168263447      1053269.5067780428       292746.98556341644
0.14817537847100473       0.05540073004450898      1.3204795032887355       0.3360684100711937       1050804.2009996648       267434.74339932285
0.13236415358126244       0.12924678273255363      0.7792895535629955       0.05581351055812336      620138.9227471355        44414.980483185114
0.13198221612295025       0.12693792935852505      0.787365390421111        0.05961060318498878      626565.4695249993        47436.610787902224
0.13081689185532797       0.12869742127036937      0.779648546485594        0.06020014461717953      620424.6002379681        47905.75295335539
0.13977245501931793       0.06223070639059742      1.2880383151425667       0.38600880685156125      1024988.3237334798       307176.0484371532
0.14587569928819039       0.06181996020188733      1.291635302684028        0.351100920574021        1027850.7154707975       279397.23516735184
0.1369500214576411        0.0682179714060131       1.244214271658181        0.3990859108538562       990114.257999409         317582.47715361346
0.14335184609169527       0.06810617501829952      1.2558114117110848       0.3585139521821658       999342.9688251521        285296.3382860154
0.1295772179878674        0.12714152267620846      0.7799869917959622       0.0671579724000023       620693.926458525         53442.61637744723
0.12812851648925094       0.12506671048312612      0.7794357576555386       0.08162131267311748      620255.2682672777        64952.17686787903
0.11117459573827129       0.10914738268057197      0.7256465887661331       0.3464629385170857       577451.2076995095        275706.446315688
0.13387126527892831       0.07407755620036863      1.1933414576675776       0.40740203436401323      949630.9589214138        324200.23797363456
0.14019936436266775       0.07435555054314318      1.21060284509514         0.36281517994786094      963367.134590018         288719.14658738783
0.12636892088069382       0.12323711863631186      0.7752031681598787       0.10105106672034529      616887.0805657123        80413.88386625936
0.11308496456420578       0.11036201143729213      0.7351530193581556       0.3171173538726583       585016.1847989116        252353.97204527687
0.10993594537306489       0.10818235288153814      0.721202295613547        0.367720570568034        573914.5515805917        292622.73241237365
0.10941996922964048       0.10694049903467112      0.7271434173928467       0.38545960435421583      578642.346074024         306739.0069760986
0.11093660942953884       0.10536635463124802      0.7573521390968235       0.38776148926672677      602681.6829924008        308570.78878737247
0.11126480842439657       0.1071530859532914       0.7443921593368427       0.3664796375577759       592368.4587865412        291635.22929923126
0.11282686903568138       0.10333971948677413      0.7949920530567741       0.3906145356545642       632634.5748137996        310841.17096484645
0.11332593892994328       0.10579384033067621      0.7775946127488155       0.36179131113514523      618790.1317030108        287904.37767428125
0.13054193936997072       0.07979850916857316      1.135817816242966        0.4111397156688637       903855.0995345503        327174.59025048016
0.13664156520962492       0.08013244646937363      1.1601886734133149       0.3652440680570901       923248.8114647884        290651.9943313926
0.1270236364252341        0.08528772355567903      1.0722665265544202       0.4104015435291711       853282.590065565         326587.17152605613
0.13286515722265144       0.08541762650140335      1.1053990791150217       0.36506125413637996      879648.6376519239        290506.5156356574
0.11485590404559012       0.11204766713359648      0.7395327478142781       0.2847158193629108       588501.4619648722        226569.6501403321
0.11683763609521342       0.11374346603570822      0.7465307275072339       0.2512842995055247       594070.2772638251        199965.69193844288
0.1186992021911338        0.11541883122211882      0.7528335383907702       0.22002267094056213      599085.8948012661        175088.4783623599
0.12091804795830119       0.1173602736773846       0.7610857610242947       0.1848406064324176       605652.8049193673        147091.48098911424
0.12463386006159265       0.12142021938660141      0.770318050655925        0.12425872153806274      612999.6275740176        98881.94877531023
0.1227648159546833        0.11941777012398633      0.7652445572945528       0.1530750267256394       608962.2698379859        121813.2358365475
0.1151700752924567        0.10072166478533709      0.841665360720239        0.39414147283310363      669776.012939246         313647.81839454215
0.1158952233754591        0.10391380709356857      0.8196174203522412       0.35736566395833075      652230.819466435         284382.5595514276
0.11796644275890794       0.09743160874587499      0.8972811618243078       0.39840461389407117      714033.6612378875        317040.3182592972
0.11896125454241958       0.10115599658860673      0.8728015013535168       0.3562255605092126       694553.3663921988        283475.2940536113
0.12093075425553554       0.09372701144914017      0.9558322670592995       0.4029569625108638       760627.1503461007        320662.9621844977
0.12200840846566754       0.09762708252770722      0.9305922281544842       0.36116869823085823      740541.7655684351        287408.91806753085
0.12377960013936697       0.08993114360074837      1.0110818012708063       0.40698444753564633      804593.3327125311        323867.9329341113
0.12553622718062477       0.09402920723332306      0.9898212970606605       0.3613259285329296       787674.7610241772        287534.03796642326
0.12922981258286978       0.09047050526504549      1.0455234887346132       0.3593351145680135       832001.1567539861        285949.79854995944
0.16927902962062308       0.020009370429762443     1.317890030346635        0.13108079964613556      1048743.5639059744       104310.78604060419
0.17030473064921542       0.013950029998487557     1.3166908859468978       0.08822658316226482      1047789.3151124788       70208.48411191316
0.17366385891595484       0.009733791592144783     1.299722605894125        0.054092350877993606     1034286.3868816467       43045.325128469536
0.1685180383943197        0.027221299005275167     1.3196466971437577       0.17681528524158233      1050141.474926612        140705.13330200638
0.1676297092483906        0.03436143045335027      1.3215610671417057       0.21089299221225344      1051664.8821670131       167823.3108701036
0.16309238775830398       0.021827825191743772     1.3567919038217149       0.14874647668981825      1079700.6912014468       118368.68516343982
0.1641135108958133        0.014087080295888333     1.3590029956211214       0.095835051663431        1081460.2221489742       76263.11096851106
0.16817931146910953       0.009797082324514098     1.3359953294763134       0.06220958796558533      1063151.3031692032       49504.81716216495
0.16215133644101098       0.02896808566898453      1.3528653666011932       0.19217301426853442      1076576.0521620451       152926.42574853296
0.16091011594973503       0.03579342006448063      1.346177084258484        0.22758359060087996      1071253.686183863        181105.2670536613
0.16610423853698594       0.041333779322898195     1.313597970298187        0.23648584463584552      1045328.0510421855       188189.45572528397
0.1593176339276001        0.0424835444954007       1.3349546320487198       0.25885522931209515      1062323.1424698804       205990.4464510301
0.16427743152397625       0.04826034167224485      1.300545011876299        0.26559126706541303      1034940.8367681034       211350.81497750094
0.1574266036826129        0.049087091377640064     1.3215780932132637       0.28756652749189804      1051678.4310842627       228838.17159053494
0.1620008776869194        0.055116644435112334     1.2929747503809872       0.2948088226852432       1028916.6140807178       234601.40698729272
0.15514392415974668       0.05529529775172282      1.3093441739623441       0.31030220719712825      1041942.9874734078       246930.65063874234
0.15840002548165544       0.06253932492364347      1.2917619739734383       0.31190795123249915      1027951.5172800848       248208.46114159035
0.15782185120922282       0.06984583010244538      1.287003764003312        0.29963833871673834      1024165.0540950112       238444.61373306275
0.15163124488183202       0.06033116778135458      1.2975535947822887       0.3269886946730979       1032560.3426812969       260209.33546195022
0.13348375009417007       0.11667873617432248      0.8693667875886635       0.09419728902307532      691820.108023288         74959.82086939186
0.13535398708274568       0.1124618366989751       0.9275185404658205       0.10825539232673097      738095.8026225775        86146.90402575834
0.15366515180118384       0.07512883802057253      1.2501233569513632       0.28872393208832303      994816.5586672168        229759.20490392655
0.15116319779753074       0.06731563830852916      1.2735432418231731       0.3228629450032986       1013453.510887175        256926.1681924086
0.12969176664297674       0.11304331371483482      0.8723471277845551       0.15709842941468066      694191.7873946461        125014.95796659819
0.12989149870957267       0.11770187452958693      0.8351948046321378       0.11818980680920281      664626.9080093727        94052.4598838039
0.13165424374796242       0.1207749681287027       0.8228082912711729       0.08517444909501536      654770.0338640158        67779.67299300352
0.13070726972099467       0.12431914816094905      0.7955688037515078       0.07401129839672865      633093.5384337924        58896.31992244317
0.15029982137154035       0.08179129688135378      1.202657635962184        0.2810743958238376       957044.5380529738        223671.8973596587
0.12821938169687372       0.10855606944863438      0.8968281048339859       0.21016880569053806      713673.1299403269        167247.02154684596
0.12582261188419347       0.11071420520122453      0.857087278846633        0.20998285946932405      682048.3854481166        167099.05024556862
0.13795717520021736       0.10766105979211472      1.0057702189397124       0.1333115005883319       800366.5097943653        106085.9214481557
0.13253745812197545       0.10798000891108629      0.9431101416989821       0.17900359124175577      750503.2046574544        142446.53188663264
0.14070234327763365       0.10211403583418233      1.0809658695951219       0.19014792282141643      860205.3072984634        151314.9091784232
0.14379429359653065       0.09582485318939944      1.124625732774298        0.24521813994155642      894948.7224968724        195138.3955374942
0.14582301594728211       0.08871050195137024      1.1545935142404349       0.27758582545886934      918796.3252660391        220895.78127011567
0.1469410252076511        0.07442590361135747      1.2303160238377446       0.32377916627160974      979054.383794716         257655.27391149686
0.1252622894983743        0.11380454399301312      0.8273907219302119       0.18632143098489926      658416.6163178254        148269.8837260107
0.12256653462101397       0.11125915819493086      0.8223394662055795       0.23092833745595498      654396.954730843         183766.9320305426
0.12696315501423178       0.11644923486345159      0.8220207276996544       0.15053035024654002      654143.3106869844        119788.24663545575
0.1276503020958643        0.11877281260669334      0.8107664266972098       0.12694261924622086      645187.4225090689        101017.7267103421
0.12900454089660768       0.1201236348996797       0.8114604625555915       0.10797881941740414      645739.7186967912        85926.814297535
0.12883177604747492       0.12244443221567802      0.7957871310733534       0.09408263141524624      633267.2777962111        74868.5792441464
0.14344046293046595       0.08117325055344672      1.181436204536859        0.3197302238665883       940157.0594988432        254433.22792122906
0.11918365961362906       0.10910786150153519      0.80718249385628         0.27884442165044243      642335.419372352         221897.34029634317
0.12396433075672214       0.10701572690195452      0.8698575935365778       0.2595274637342197       692210.6789868353        206525.3936070183
0.12874442759308263       0.10352775020956034      0.942841595936482        0.253398858962636        750289.5027297129        201648.4048887477
0.13471424110080388       0.10243594358744518      1.0096485678002785       0.2193894484985597       803452.8017553348        174584.57595375288
0.13729560589006506       0.09640469207075902      1.0699949934298412       0.2624164126439144       851474.9614396965        208824.3461036076
0.13972284268272678       0.09168194972021074      1.1100486502990494       0.2863550591591714       883348.6488379022        227874.11572277127
0.13893119876512022       0.08597218462743489      1.1347740499051155       0.3235462191352847       903024.4966740413        257469.90047037066
0.11700550213971378       0.11162308667363763      0.765063699043288        0.27162808802228866      608818.3474145472        216154.76445673849
0.11564642677177432       0.10948327325682973      0.7689562102262849       0.30447968676531495      611915.9093936193        242297.2360988591
0.11935165993129952       0.11258674155904531      0.7809055777571414       0.24337146721207117      621424.9139404076        193668.8600716413
0.12181742492709303       0.11436804572634118      0.7912718018411978       0.20722503612897814      629674.0929612865        164904.44416161734
0.12386511992093059       0.11659527023589497      0.7941288652690872       0.17160163465480513      631947.671797665         136556.24198980862
0.1254179532176721        0.11877759410068624      0.7928118569772509       0.14189954511162897      630899.6298989711        112920.07013503571
0.12697436159956038       0.120811724741678        0.7925212250610459       0.11589227398555245      630668.3523685496        92224.1413548047
0.11350413914770956       0.10814074019503923      0.7586641481144846       0.3364583648103987       603725.7465951102        267745.05952095584
0.11633288857241493       0.10693591154693538      0.7974624361095888       0.3240530347196473       634600.4431847291        257873.21149780726
0.11958280343738331       0.10504062682536625      0.8450430390529814       0.3145928812421388       672463.8839533977        250345.06055603994
0.12314457392464291       0.10220118955378617      0.9019900191074289       0.3109168792508346       717780.8508025021        247419.7911173814
0.12586368695612435       0.09876995118224347      0.9544881553143792       0.31932495738328576      759557.540204741         254110.72710079374
0.131048436521849         0.09692811470696829      1.0130497147662267       0.29604883058684955      806159.348514398         235588.17392236102
0.1348160343902031        0.09085302140067175      1.0817649534491902       0.3185024595106048       860841.1980250633        253456.2040901951
