% Model:              
% Version:            COMSOL 5.4.0.295
% Date:               Apr 3 2019, 16:08
% Dimension:          2
% Nodes:              157
% Expressions:        1
% Description:        Magnetic flux density norm
% Length unit:        m
% x                       y                        mfnc.normB (T)
0.18922226826734947       0.004421614120028387     1.3375729683221114
0.18487810328331084       0.00671467991533874      1.3682136331110832
0.185                     0                        1.368542821426048
0.19099999999999986       0                        1.3257837565165957
0.19416558531563086       0.005088670361735965     1.3036599829634197
0.1969999999999999        0                        1.2869488923091341
0.19028697739059683       0.01075944370368434      1.3276551273054626
0.1844230154509893        0.014599704516330868     1.3682246586371658
0.20299999999999993       0                        1.2540250527315944
0.1999094185699939        0.0051939425096953215    1.2675281338826434
0.20592218247043792       0.004686116920620346     1.23636031598826
0.20899999999999996       0                        1.2316914459142103
0.210959239918657         0.003993596099224925     1.2185542986922202
0.215                     0                        1.2884715261537034
0.18989346144563418       0.019340806068879605     1.326306538147213
0.18358592808618826       0.022829958579308078     1.3705130731906499
0.21491495285989048       0.006046737734600284     1.1792399138449048
0.18890072920535417       0.027932158572069005     1.3298578143820186
0.18238014228156185       0.03102392143745312      1.3740837330997577
0.2099590642629567        0.009235125840903994     1.1977110342508652
0.2146079215352673        0.01297844421772086      1.143530762677323
0.18744812021749013       0.03632800415242862      1.3337525192019914
0.18080542668073535       0.03917138857376923      1.3744319524369815
0.20837262567852066       0.016299495295436887     1.1910315330452623
0.2139941503003111        0.020772665626919984     1.134640058063036
0.18550839427076704       0.044550443814721806     1.332276249777699
0.17886403751459143       0.04725099029627654      1.3686623288109427
0.20755017571107595       0.024340330449731922     1.1937647469344324
0.21306443157012356       0.028784509717903747     1.1486099854243086
0.1834217248129379        0.05265587014429503      1.3234537951584828
0.17656519703148588       0.05522437140640508      1.3577501330180368
0.20685573028030066       0.03202786863756274      1.2122733010819773
0.21183409208948564       0.0367602697028094       1.1944773682654566
0.18100796238733052       0.06077822622827251      1.3108665245405027
0.17391512541100387       0.06307558286115791      1.3412118483536144
0.20549411248243377       0.038878945891344704     1.2468515828605178
0.21030173415776823       0.044701013525818255     1.336655450536866
0.20376561307355237       0.0464216215928456       1.253767996833886
0.20861355892316064       0.05201329669818059      1.1882207751394787
0.14300006035581067       0.14300006035581067      0.6101019497042983
0.14566705445519826       0.14190846479786665      0.6376959528121352
0.14487099699787942       0.14487099699787942      0.6052286946192026
0.14081813047934208       0.14081813047934208      0.6180854239925128
0.14409440957994266       0.13975687371313214      0.6464829518381222
0.13468130607437662       0.13468130607437662      0.6453885247132312
0.1308147545195113        0.1308147545195113       0.6644094063612673
0.13657545030621066       0.1303992548661574       0.6945547165283946
0.13547655458182517       0.1259805665911919       0.734502873220381
0.13810379772378878       0.13810379772378878      0.6296076217783361
0.13986626209967926       0.13321754547134085      0.6831806003630675
0.14198167020449848       0.13642982540352938      0.6643989590987042
0.1473749112965527        0.1440445136906575       0.6322947457819438
0.14661108138380127       0.14661108138380127      0.6036824525769485
0.14918812944269613       0.14590952275924016      0.6337474386460131
0.1485904471266036        0.1485904471266036       0.6077121818792898
0.1749727754204639        0.07692357442119223      1.2577237638426835
0.16757096895839096       0.07838986134919478      1.2678730567406766
0.17091559405695922       0.07080155159427452      1.3133362836162352
0.17828057251086427       0.06903949044605828      1.290874411046432
0.1710428633425921        0.08457889857685222      1.205639565938546
0.16388849940609101       0.08582283939849403      1.2067663959254713
0.16728272467754102       0.0922892251367381       1.1387943991637028
0.15987991387950817       0.09307745773215463      1.1380787019021532
0.20205651666473076       0.053940627019660375     1.2162030202516825
0.20667246806660772       0.05925783444623142      1.1545022479268632
0.20001656324703065       0.061378488648082305     1.1996534432086257
0.20448707906258112       0.06640809059484887      1.152773720561898
0.15065213471762035       0.14809951656351564      0.6344998428019435
0.15045747836038695       0.15045747836038695      0.6195584766533195
0.15203980238637513       0.1497046643252386       0.6429028093682995
0.15202795795510773       0.15202795795510773      0.6361787635206366
0.14203839275708693       0.12730211700470948      0.750118147045457
0.14073125709925025       0.12008211055467304      0.8199145462807648
0.16292401471568713       0.09971721669032134      1.0703088042236273
0.15555401094549998       0.10013965088199216      1.066265315864648
0.14791559099352167       0.12093638332040722      0.8376566911307104
0.14596353845057475       0.11366461825470398      0.9076969842393156
0.15814100309585302       0.10689876883830707      0.9999010169791102
0.15091259157949327       0.1070064937410859       0.9901290686322947
0.1532933030234679        0.11407699579730575      0.9220407323343451
0.1976434650662064        0.06853989533179597      1.2057458595264496
0.20205204686402012       0.07348449059536168      1.1765571090876685
0.15376965435742518       0.1502660753423672       0.6616593217001436
0.19624304682913374       0.07491544830331257      1.2221585408539393
0.1993576257321954        0.08050799377963583      1.2479181444870548
0.15331536059161344       0.14778799042389407      0.6644875232028927
0.15591520852040652       0.14803866978610053      0.6889466351708234
0.15495866599998828       0.1446862349943553       0.6929781682793673
0.15859210710086358       0.14516729509537674      0.7194282444090817
0.1964122733931592        0.08744837826129705      1.4151746649198709
0.19145355063196973       0.08019274817159508      1.2477569766335024
0.18956752092114537       0.08807534644483668      1.2121464147222791
0.19316201607078487       0.09441099272579331      1.1175355646118557
0.18629291576067372       0.09515692327488993      1.1098220235993814
0.18967932321939265       0.10122625323024223      1.0297695498213224
0.15720246289560724       0.1408882961883364       0.7286193520686829
0.16185104605357029       0.14152469357453143      0.7539203721656854
0.1828916216413694        0.10210162483753771      1.037709488774432
0.18595764013263855       0.10791087098295528      0.9788640279532119
0.17941933278321748       0.10794730813861997      0.9955930546646067
0.18200642033529638       0.11444939037291267      0.9486880697651374
0.17529401019181134       0.11415962915289034      0.9625780882443941
0.17783597868926          0.1208278307495133       0.9401060530171127
0.16011523314998033       0.13603779923268697      0.7740549154896543
0.1657277881137935        0.13696459486637244      0.7953209600626602
0.16364008694207688       0.1311851515376521       0.8251447164964508
0.1699148403062013        0.13173438064422704      0.8473502931634905
0.17119801763636167       0.12019998335859046      0.9356658267556756
0.1739386537906137        0.1263738292428817       0.9639798379022902
0.16746647062274808       0.12587905237758618      0.8851820777778888
0.19666734867956875       0.00975121917011456      1.2842859494433059
0.1962008309586647        0.016123903291724223     1.2827134392214683
0.2027013936009425        0.01163764887544826      1.2414063743998693
0.19512922605709687       0.024591827866823193     1.2874964169697347
0.20187828458645454       0.020173739099642488     1.2389857131136754
0.20113583185074532       0.027983704320925673     1.2464955260932022
0.1949674971441537        0.033478433327521435     1.289303161754934
0.20168031727125071       0.03459541422233136      1.2521031118932717
0.1921404028398795        0.041856570117420895     1.2996636051596357
0.1990050203718165        0.040751763407013857     1.2715251189988759
0.19034450507112527       0.05023528508544382      1.2905135057885475
0.19712273584140425       0.048244083015055846     1.26344856586188
0.19526267209756737       0.056116638582544405     1.245958485398794
0.18814388867454904       0.05848501200278623      1.2790254348914945
0.1455703065554264        0.13635351261982592      0.6850288267698943
0.1480451697730674        0.14181520462035885      0.6555447553658447
0.19281688684574091       0.06392776243422639      1.2399797623696263
0.18535690792087223       0.06672671222672737      1.2704322655789377
0.17861496561427273       0.08305434064914796      1.212087558684485
0.1474753498404963        0.13926005715759046      0.6722872279223727
0.14446047657443156       0.13192603728507077      0.7181202835656247
0.1486046653458951        0.13626426006060305      0.7038496575393501
0.14769796733557966       0.1339057730403863       0.7181944242661216
0.1499127529096793        0.14316696649916458      0.6598556796897952
0.14979578036341026       0.14069602095651504      0.67705193123189
0.15198744922191967       0.14494461129169828      0.666016524726807
0.18351506986855587       0.0759312953447252       1.24829278230118
0.19070854585127708       0.07185211363817438      1.2415246949922631
0.1852005335415517        0.08361294387259419      1.2208101053611689
0.17459722479579307       0.09103004040073304      1.1458801442164959
0.17136454285927177       0.09950907391735955      1.0704486454051794
0.18235046873115496       0.08969803158537015      1.1626184440852547
0.15085342854034878       0.137969251320618        0.7047313501946112
0.1492431576446901        0.12857292094412504      0.7723669592701835
0.15142627445762444       0.13383270616459453      0.7399614007828498
0.1527810376668373        0.14128969080256928      0.6949288614876216
0.16564344611187157       0.10660020993027923      1.0097960081672805
0.15625967013174608       0.12200119437775857      0.8607477314166208
0.16059160853720783       0.11398766175331658      0.9417638978534506
0.17894939391214018       0.09657257455870552      1.0939308858958035
0.1728052709127741        0.10751634807668009      1.004880559220454
0.17734972488909526       0.10283790262805974      1.0385240505900344
0.15492932333722975       0.1366654924245438       0.7399496336486431
0.15677871540268226       0.13059883693313848      0.7942093233868841
0.1618372268384904        0.12589665196372624      0.854940921456213
0.16848877765225612       0.11402354745727697      0.958893259463267
0.16415808848216246       0.11993890993229048      0.9089762079035503
