% Model:              
% Version:            COMSOL 5.4.0.295
% Date:               Jun 28 2019, 17:26
% Dimension:          2
% Nodes:              162
% Expressions:        1
% Description:        Magnetic flux density norm
% Length unit:        m
% x                       y                        mfnc.normB (T)
0.006782444136629691      0.1329164793154694       0.0026362383196215644
0                         0.13603851317746612      0.0024754742783915616
3.879400209700218E-18     0.1267108267952721       2.87089850873143E-4
0.010314760017785599      0.1262902979366069       0.003387428708497948
0.008074658687563425      0.14069657549873693      0.003728004180853839
0                         0.14536619955966015      0.0033129063166102125
0.0076280217060848525     0.14884732463547193      0.003692288581551701
0                         0.15469388594185418      0.002813520379643829
0.016740423938806454      0.13445142818489614      0.0059446232598300225
0.021488394167577585      0.12487546814022467      0.009710228012331677
0.02977439299944601       0.1317663659827275       0.0159206847560878
0.032492283979879105      0.12247401809735946      0.02440574017679152
0.00868191183237414       0.15823862340334272      0.0029401527472464957
0                         0.1640215723240482       0.0014250668850336508
0.006643372201880873      0.16690262869964992      0.0015408609055669027
1.819684597729291E-17     0.17334925870624224      2.2098590730098953E-4
0.08200708931415612       0.09659436282393227      0.7038346534403473
0.08403361143706724       0.10680905631650471      0.5719353598811701
0.07310570109309394       0.1034948795585011       0.45039792526565803
0.04136258183665217       0.12934457219171427      0.03742302233513884
0.04323944626060759       0.11910492816931409      0.057168248805419486
0.10081904205450999       0.10790015968419163      0.8386074957224311
0.10185455126730689       0.10185455126730689      0.9273173447867747
0.10629126679892989       0.10629126679892989      0.9454652563494217
0.0895029949122601        0.09866004432838796      0.7813197475096813
0.08959808487669098       0.08959808487669098      0.9689583562820847
0.09429687398660767       0.10505062510603531      0.7626296202963522
0.0961597719509733        0.0961597719509733       0.9272895587716308
0.009838591087305995      0.1730698345160718       0.0017761637772716777
0.0536449967156317        0.11479480804688558      0.12721050794340635
0.05326899674962848       0.12493468941953381      0.08978663217566409
0.06362669437739527       0.10957772305421837      0.2547253213839775
0.0637559102087183        0.12059585794229097      0.18251534088397284
0.07441751369884633       0.11471974489733724      0.34501958719350095
0.10531968532110397       0.11087162310182092      0.8863094050610174
0.10974806377168025       0.10974806377168025      0.9687193421182608
0.10878700884844647       0.11332864011046222      0.9265570195779156
0.11244147722569761       0.11244147722569761      0.9917544283917031
0.11454009361922167       0.11454009361922167      1.0123700027749873
0.11147916151607458       0.11535237644426195      0.9602805523562438
0.1173359475805581        0.12760188438803022      1.167176934379689
0.11680145387931608       0.12591089780787695      1.0978295261098252
0.11866573336224161       0.12636617118360863      1.11605154770004
0.11599329458996643       0.128823604607886        1.2765818329617025
0.11554151580320589       0.12721015079740156      1.1176138816540868
0.11446646889273666       0.1301821531287289       1.0055349175452808
0.11402876869330218       0.1282568247884112       1.0408337831421879
0.01474464954714282       0.1655334969751655       0.0032435349304688207
0.02052142644106754       0.17213028946361397      0.004371103315145256
0.11625629392899087       0.11625629392899087      1.03060784165276
0.11364583531140869       0.11701480873242955      0.9894727094804731
0.11806788235302047       0.12467342720948354      1.0841095295037957
0.11998250610902066       0.1251166005044994       1.0956941958844826
0.11779098218988727       0.11779098218988727      1.0474457404035458
0.11541548148688979       0.11854520331079041      1.0143955534658058
0.11228451083763111       0.12937845564435416      0.952999582926557
0.11254610785000074       0.13184589148630937      0.9135969788549242
0.02443167936139859       0.1636840377123595       0.006471485108567439
0.031125755413194657      0.17053197015211452      0.008722231405268656
0.11722750729727216       0.11991858947644395      1.0406290799997322
0.11949295472980519       0.11949295472980519      1.0655541805546938
0.11951807430708757       0.12348438647841548      1.0797961079191276
0.12128612142192498       0.12385330938020896      1.0879246434809315
0.11907734110506978       0.12148830391894         1.0655164889098867
0.12118712126925907       0.12118712126925907      1.0803642176920734
0.11023054702123856       0.13378786192103598      0.8456012680512318
0.10993268534585623       0.13060620868759554      0.8757215291570205
0.03401405252339959       0.1615570103897896       0.012106561120891724
0.04161095820476248       0.16828099610854816      0.01663964283694867
0.043897986896929975      0.15895045112868217      0.022995132178167902
0.05193691105092201       0.16538598116071476      0.03178736841858152
0.053711761768060855      0.15605287265966894      0.044098141829544774
0.06206164084539883       0.1618589454728419       0.062469806022922514
0.12075428037289765       0.12263214533252319      1.081238621730543
0.12257643634484504       0.12257643634484504      1.0877287017066921
0.10741544803547855       0.13605839561504854      0.790607901949219
0.1069691651956945        0.13210049915784414      0.8083047018387511
0.06309340916415705       0.15263844303126745      0.0857154639054759
0.07163274947687158       0.15785662702714584      0.12887803011232687
0.07193990870502025       0.14885532838003865      0.17340789246869356
0.07991407958815933       0.15383011856454187      0.2910645693562792
0.10377433595012682       0.13885551012514366      0.7439275182141415
0.1032195871812628        0.13400239331368216      0.7440124029275497
0.0984188072970416        0.13651795290911714      0.6810121031891262
0.09896325440767156       0.1423244173395631       0.7137386798607984
0.09278271373026534       0.13973465110548736      0.6313298788095137
0.09303070956412791       0.14627116110839666      0.7293493943096944
0.07920882242061066       0.1457892926370176       0.32950375077581795
0.08667462935312112       0.1501248617668065       1.056988048971583
0.0864380438540044        0.14293865420120327      0.5412364081899929
0.11433316683549657       0.1242812175484933       1.0171373264949437
0.1150287170670965        0.12560097578171192      1.051987482913775
0.11325225916984336       0.12546966938906345      0.9973398721893773
0.1126852001328029        0.12368279881917998      0.97425907299117
0.11406315933568033       0.12672621928127223      1.0351355398359172
0.015304007534170109      0.14464288322687852      0.005335112074272328
0.014401034541529708      0.15140443730266478      0.004678605504229509
0.09685176534856697       0.11138614722390418      0.7363526135046171
0.1010402102002849        0.11328119852960866      0.7930996314326544
0.024546855290292         0.14113684614911493      0.009762155239153589
0.03240924726227251       0.14057372907188434      0.01640552353019404
0.03741602678823208       0.13658253488424132      0.024731340419035734
0.11268671249670059       0.12161424805422927      0.9696231137795857
0.11452243951055072       0.12264544684048312      1.0090172055359687
0.11618099945631155       0.12400773579145952      1.051554101986555
0.11114239352238597       0.12032538734328677      0.9395782523137785
0.1109346411156347        0.11805865759479418      0.9407212074451293
0.11312723467127778       0.11934994127900993      0.9768760485310728
0.10515610454288866       0.11505799587188056      0.8527527897770878
0.1085299304567455        0.11672388378248777      0.9031815648127841
0.10877176011734671       0.11989201536472623      0.8953435231541583
0.11019161921097007       0.1227120744236743       0.9177168074087784
0.1111742259738756        0.12535901004413563      0.9388910299453888
0.11250724231637527       0.12715938204000998      0.9778617597913911
0.021900217574406168      0.14958400356997548      0.007286994822386666
0.018640665103341437      0.1573734226156796       0.005167635270133113
0.10561369611263763       0.11898845156611396      0.8396079426545452
0.1015540820867093        0.1179616003138541       0.7708154286024097
0.09654058184793045       0.11650966498200062      0.6905013237788894
0.09085638093556926       0.11258464497097855      0.623096783942611
0.08445410583628091       0.1166371693272796       0.48237208215906874
0.030980987239788548      0.14741226351790435      0.013097967902268581
0.043067219007516824      0.13715728771370156      0.034965935750985305
0.049889244325148546      0.13421091367480975      0.05814786199495086
0.03921889746776103       0.14377596862941372      0.023736426543103522
0.11490118046721277       0.12051449531582417      1.0078408282769844
0.11668584552911263       0.12178000171613157      1.039906826031239
0.1179403144805919        0.12314253252483759      1.0649515823515583
0.10671033812900052       0.12256104106107552      0.8464396053442927
0.10831339604165122       0.1254205697476567       0.8705182819856688
0.11024278284075999       0.12776189770066385      0.906831073595288
0.027818613690309385      0.15541813816580957      0.009318386395216675
0.10291464044025292       0.12222365086363055      0.7751140216287767
0.0981065347411788        0.12175674388444131      0.6894094871272336
0.09153760191503894       0.12104418097270524      0.5760711717819136
0.06152142375823341       0.12824391723543602      0.1346139889198668
0.05727749939569982       0.1325410424022529       0.09490142582166053
0.06717460730840824       0.12794078046890311      0.18577199180481982
0.08521637412756981       0.12498159245499989      0.4505927499403239
0.07264608266445449       0.12396777887527755      0.2646873020789553
0.07948831031788114       0.12213291363994155      0.3699262230952689
0.036944080339522005      0.1528980911891489       0.017103606671577273
0.04744934461979029       0.14187244918832875      0.04146451549941651
0.056909825714241295      0.13941544134878803      0.07903827828982006
0.04607211374204586       0.15014790570315473      0.03170798982701498
0.10493930932729494       0.12575416739897652      0.8001554950991888
0.10733296177624171       0.12855288394626044      0.8358192189571033
0.10066860838944681       0.1261848178967295       0.719856461405155
0.09544582333725661       0.12658433747008457      0.6264084618515636
0.09047072752013932       0.1271310851919611       0.5372375280482511
0.0873882085197739        0.13034230553025788      0.47868692544128183
0.06459231915472886       0.13478141129459015      0.14005912081773744
0.07143773207850598       0.1313882228381468       0.21918397878773827
0.07963751751616253       0.1309799292755935       0.3410184400754977
0.05521061136021099       0.14733760142368588      0.05930846842318088
0.064027231470661         0.1438985151788953       0.11203593608147172
0.10369591118717643       0.12958204087850653      0.7635865203309117
0.0990485690234711        0.13089442936414233      0.6836004476013939
0.09284289843426474       0.13249476751052794      0.5813169933047622
0.08640416054078223       0.136035155301303        0.4728624171215303
0.07313813374877583       0.1392712142763696       0.22154808387340216
0.0811198403801167        0.13920001478209615      0.37189655379400577
