% Model:              
% Version:            COMSOL 5.4.0.295
% Date:               May 7 2019, 17:48
% Dimension:          2
% Nodes:              140
% Expressions:        1
% Description:        Magnetic flux density norm
% Length unit:        m
% x                       y                        mfnc.normB (T)
0.12385261657938319       0.003905195763554466     1.8651786948509457
0.11984434763037681       0.0061100197257782166    1.926175818961929
0.12                      0                        1.9260011222269307
0.12550000000000008       0                        1.8411078237939222
0.12839797603411307       0.004482149240197478     1.7983820698112236
0.13100000000000006       0                        1.7630296350629397
0.12507174071499746       0.00970535997110955      1.843202436486403
0.11926337498813916       0.013275819614566229     1.9272035815882667
0.13367913447236418       0.0046148035664238295    1.7260142313829636
0.1365                    0                        1.6913181194606948
0.13907365192853255       0.004245355390949659     1.6578158077292224
0.14200000000000002       0                        1.6274388934972466
0.12431900379662192       0.017582344328206045     1.843309588889961
0.11820232364705884       0.02069325214740198      1.9256518468050172
0.12272293646142628       0.025232171473004546     1.8441534837467284
0.11670057770557439       0.027945932855877133     1.91508875981695
0.14369863036442068       0.00371447564379168      1.6040866281099924
0.1475                    0                        1.6106518707374793
0.14738233187615107       0.005890522111668841     1.5455565427931361
0.12118620455623696       0.032852505874662145     1.8254442455031645
0.11473158149316956       0.035166236763068466     1.889419997025371
0.08853493265432177       0.08853493265432177      0.8823342054431557
0.08485281374238571       0.08485281374238571      0.9162471867887516
0.09017930468467333       0.08462924783707451      0.9696175870778159
0.0890631860131684        0.08042231591532147      1.0472607889076242
0.09179154613571983       0.09179154613571983      0.8604882804204532
0.09330416806394055       0.08714160932969142      0.9512067791837729
0.09541789372431711       0.09071736590786253      0.9102877089911261
0.09436705114231943       0.09436705114231943      0.8458242667870014
0.14253716801741967       0.008436500716339898     1.606288429692303
0.14700051981587103       0.012128362373530663     1.5353894660295933
0.1189601538736814        0.04039882197679417      1.793221999377887
0.11229540187661098       0.04230535093070893      1.8419751396162418
0.09801549245517231       0.09801549245517231      0.8244934944013238
0.0997189599726534        0.09736831464384228      0.8475188824688717
0.09935197569363849       0.09935197569363849      0.8160450639113858
0.09709928465096535       0.0936007294173533       0.8806774767709764
0.09640239014281014       0.09640239014281014      0.8342250919107815
0.09845750000971537       0.09556248551440218      0.8632426155025207
0.09488500184732576       0.08185546082450411      1.0646186373252826
0.09371970339167328       0.07494409380449389      1.2059063665265954
0.1415435628454458        0.014585686410316333     1.6156185750191494
0.14635480217395494       0.018344532717474396     1.5494088774367005
0.14094047121309036       0.020750940214226868     1.633715609741393
0.14544634230309372       0.02452777019321725      1.5931697446491728
0.11619418927650697       0.04786124788631501      1.736962164381259
0.10941622329798437       0.04927565402108454      1.7652861837554392
0.1129175204650409        0.055150948635848455     1.647489936903322
0.10610527750781136       0.05605060289586853      1.6568026529077482
0.10095853702060617       0.09868938761163323      0.8387970244795149
0.10055110182413787       0.10055110182413787      0.808508575870924
0.10228457279231067       0.09996982910448628      0.8319732647442127
0.10189868118937162       0.10189868118937162      0.8009741645834905
0.10920638565070856       0.06226194179821575      1.5273663752272821
0.10237524968179171       0.0626043788611532       1.5231239784290984
0.10019118388173846       0.07561916763855757      1.2310539975646182
0.09824022151787508       0.06891196468044457      1.3706632797778289
0.10505995940524933       0.06921556096553773      1.385786231753742
0.14000703005523593       0.026634472121243303     1.6675498853759099
0.14427677110823633       0.0306669743956195       1.7254751625526215
0.1385266260804838        0.03248965151833897      1.6713177718508125
0.1428660162664803        0.03668175835678777      1.6024169362144918
0.13724593195685253       0.03835750006369989      1.6454598283578157
0.14120462588598404       0.04263219004929559      1.5793221404208502
0.1033975813864871        0.10152861892689413      0.8205876355889058
0.10319894757499035       0.10319894757499035      0.795993011553639
0.10430560148423848       0.10267526060655756      0.8145808322970591
0.10429825022501577       0.10429825022501577      0.7945460340009454
0.13558063885836466       0.04402627487252921      1.6380727727289253
0.13929551461002362       0.04850783039395474      1.59397874420842
0.13339203906267133       0.04970879541656297      1.6536390629113216
0.13714203166850628       0.0542983715210171       1.6605446418135468
0.10549567156111034       0.10308692100295898      0.8218848145069021
0.13138013571394325       0.055541171848943874     1.6784655839273699
0.13474795500228362       0.05999365485368052      1.8540494716421234
0.1289817870023161        0.060888461032485054     1.6044097461579518
0.13202698147060168       0.0657656913881499       1.5040334048606603
0.10513755667358883       0.10126356530292849      0.8409059816077901
0.10697143745333419       0.10155472204268684      0.8543359129602245
0.10881341324474056       0.0995785674632312       0.8950917597552731
0.10628364284558162       0.09892007213421293      0.8825981694286483
0.12051101521181562       0.076755481198754        1.347763945255753
0.1258492552749717        0.07692993530957228      1.3420127326266524
0.12245742727269299       0.08222182499648797      1.3347902149228912
0.12608956714962966       0.06633194727026209      1.489931613247724
0.12905889953360733       0.0714146375134273       1.399180067449249
0.1233508821508084        0.07180338227870102      1.4033369526346393
0.10797973652882892       0.09656620953377773      0.9311143426791695
0.1110400767710705        0.09708939875534683      0.9472950613388199
0.10998940121898948       0.09359006210214282      0.9963059970458682
0.11368584745541677       0.09397754033993276      1.0189963242936226
0.11219239469260325       0.08997729237531263      1.0870149710791597
0.11656403805952403       0.0903829355091868       1.1220657731386887
0.11933000667030474       0.08669832471313978      1.3978740918609303
0.1172912873531759        0.08151189099333865      1.301517191434193
0.11457644524211374       0.08569716258599197      1.2083723664874
0.130774517328278         0.008666552427710764     1.7628986980628027
0.1304553578929449        0.014231327190299714     1.7635203452543893
0.13626837684619011       0.010299122160506763     1.688105798140205
0.13581524543834556       0.01731362942150713      1.6930150827562738
0.13033163833089342       0.02220138429080134      1.757862325500658
0.12745373238373633       0.030089410957762908     1.7696161713859928
0.1364758444624662        0.023099550421602805     1.6898049103291153
0.1341869796511367        0.028312323438946352     1.7117432287856171
0.13259908787038427       0.03430419330206073      1.704794731985144
0.12654770048377453       0.03833770285937112      1.7383938421133094
0.10022485279719133       0.0957652151239535       0.8752885856794748
0.09902335853469647       0.09051918571001871      0.9458713357250348
0.0974318334284473        0.08622375295779801      1.0042668387294529
0.13269932573117832       0.04001101252692685      1.677598253467106
0.12294254685155309       0.045942643935876784     1.7165727564273763
0.12964651739543812       0.044940334158691836     1.6826051763100507
0.10130550733535827       0.09682524068584032      0.8688971867971885
0.10020387929302826       0.09367653218266239      0.9066439777165007
0.10150787795772546       0.09522225314875654      0.8945294754427175
0.1016715189709029        0.09125805293134223      0.9579184771200717
0.10158181805053369       0.08786971519793868      1.0134914811121383
0.10192648729791604       0.08196172971127907      1.1214007747629777
0.12063328929417112       0.05409406781757718      1.6478814832086088
0.11607523980526775       0.06135300465649734      1.5456496023908768
0.12730739612975192       0.05093878970424102      1.6705238121418786
0.12669209860866104       0.056647927076624194     1.63872904375737
0.10271913799147316       0.09784817467716184      0.8662110972337452
0.10270369585179373       0.09605808377995895      0.8924936074201902
0.10421688632874647       0.09926418191889883      0.859355738344257
0.10310345855072543       0.09378446918150837      0.9307517776030371
0.10444508042553063       0.09044036238458296      0.9971493049696695
0.10563186486867344       0.086443001562381        1.0769582245643807
0.11302708868974061       0.06928902307408495      1.412915245843509
0.10743047726965535       0.07652505084215572      1.2641905555071806
0.10753693902379932       0.08249407127241523      1.1650032475257883
0.12295398406877736       0.061050373757249775     1.5639089014514955
0.1199668529123537        0.06699056882041089      1.4664923422781095
0.11862970282247241       0.07239772355977953      1.3881701506478914
0.10484562862002364       0.09628232496215344      0.908057440320987
0.10641726798539347       0.0934387416024229       0.9663893625592411
0.10814030256826274       0.08996902145037211      1.041753646924672
0.11016056184599833       0.08592310935769795      1.1367955622707162
0.11482747416358309       0.07627539727782273      1.3241064264694462
0.11209856995861982       0.08115912504539358      1.2369771501445612
