% Model:              
% Version:            COMSOL 5.4.0.295
% Date:               Aug 13 2019, 23:56
% Dimension:          2
% Nodes:              215
% Expressions:        1
% Description:        Magnetic flux density norm
% Length unit:        m
% x                       y                        mfnc.normB (T)
0.12944724692078252       0.0014550472113607437    1.521533031075391
0.12879871483143532       0                        1.5187426095021757
0.131                     0                        1.5956247588262262
0.13098161226055802       0.0021948233698365115    1.5192010708250407
0.1274576146730823        0.0016869685484515622    1.5020288484296174
0.12615852309484643       0                        1.49291884448982
0.13092645420420188       0.004389030589430099     1.4984753094414665
0.1290253922178057        0.0032403777898251268    1.5047821596015736
0.13083454131538796       0.006582005681550957     1.4958301928136581
0.12886897744092735       0.005434743450224655     1.496595106237297
0.13070589939671645       0.008773133014800457     1.5114575592159847
0.12872994632330526       0.007714769136552459     1.4995400508826913
0.13054056456168509       0.01096179747653333      1.574663172161137
0.1285864722363529        0.00973284328616033      1.5092916486829715
0.12489089228889569       0.002087162069081376     1.4821814587760376
0.12335848230217747       0                        1.4734360018796757
0.12206242383757021       0.0020087439588956173    1.4649960426367707
0.1208818393271137        0                        1.4595790429972766
0.1303385832245501        0.013147384645509087     1.514993107709951
0.12840661439945475       0.011881195582156147     1.5085384264245263
0.13010001208730138       0.015329280964349526     1.5007291683424588
0.1281801106708448        0.01404312625862228      1.4976570131862106
0.12982491812373514       0.017506873911849588     1.506892335074565
0.12797346101270493       0.016146343235513002     1.4950838387640026
0.11951801843343335       0.0021178767413317125    1.452054228150816
0.1182356554982956        0                        1.4479216115672051
0.12951337856066603       0.01967955217482257      1.5403169304969186
0.12771812965188964       0.018305698500449788     1.5054582336495421
0.12916548085623616       0.0218467058198094       1.661154322838069
0.1273879585589427        0.020459845664109362     1.5284266720716373
0.12878132267536485       0.024007726464276253     1.5500974288801206
0.12703672181132852       0.0225705399954772       1.52703039533733
0.12836101186233811       0.026162007447377206     1.5192035974417506
0.1266246669270819        0.024699131994068556     1.5032663102377748
0.11668061668473327       0.002597567271354491     1.4407280509962694
0.11516678214607569       0                        1.4392750191214263
0.12790466641051926       0.02830894400032815      1.5198722791983446
0.12613743569640068       0.026824913681541995     1.4893682990663153
0.1274124144292466        0.030447933416077023     1.5608363907065594
0.1256667250111843        0.028858978032774804     1.4939689931757716
0.1268843941078507        0.03257837521859598      1.7257287809135384
0.12517503986826942       0.03099969507607256      1.5190970338086256
0.12632075367686454       0.03469967133142418      1.5629215231297524
0.1246258729374166        0.03311270163557118      1.507191314563964
0.12508725536180962       0.0389124471865926       1.512209086723898
0.12349521469943874       0.03730242688150835      1.4470550209615354
0.12572165136642036       0.03681122624553796      1.515806044362866
0.12408785537137547       0.035159986688998585     1.4720689821634345
0.11320514035762351       0.003074792077917035     1.4331711821637076
0.11133605498528229       0                        1.4380145409624179
0.1244177437562995        0.04100274428122768      1.5637105778483757
0.12284727833388386       0.039382933099887586     1.4494247520534576
0.12371330450111002       0.043081530722754405     1.802134438641148
0.12221548408900958       0.041376455730265355     1.4823457365056687
0.12297413535265733       0.04514822293586162      1.5935828584808933
0.12149095003729764       0.043457354927148036     1.4697567215011356
0.10887552292269836       0.0036097306998464657    1.437545632428212
0.1064963613544185        0                        1.456401351677501
0.12220044381704902       0.04720224074041582      1.561845468118354
0.12072386870155005       0.04547890894252007      1.42187249769806
0.10471362253241856       0.0037309077041910335    1.4632277242115894
0.101                     0                        1.5161093257516716
0.12139244709180587       0.04924300751439782      1.6183614405383164
0.11997813325880385       0.04743653283143304      1.4015420705073955
0.10078620772932262       0.006568129988195278     1.4828121092239712
0.10745405813206362       0.009686299071235594     1.3968553532452892
0.09998149895961701       0.014307336082866858     1.3646107348736347
0.12055037200492749       0.05126995035567662      1.8192008951032073
0.11915819127507946       0.049457164638291154     1.4325052177543893
0.10695293288994834       0.018973961269022312     1.2456032163313833
0.09843845245958985       0.022602457330145976     1.1339541645380002
0.11967445495118073       0.053282500242929826     2.9552096961473047
0.11821187261555759       0.051413091364919915     1.3646781564610715
0.1052878802214454        0.027838061874409507     1.0071835191982703
0.09620814582068307       0.030740733201180814     0.8226053410283969
0.11868225961389398       0.055457382312369144     0.9726983399275752
0.11684260080567578       0.0534330279824995       0.9860665838850485
0.10257267369228079       0.03628265002225488      0.7021540193372972
0.09330579079815732       0.0386656100886887       0.49612596233652956
0.11742593681592996       0.05807021063248543      0.5226874939568159
0.11551192889220502       0.05560105852981462      0.6216517391509635
0.09871727176848447       0.04528471697383374      0.36983571369720625
0.08975323509627775       0.0463179963918162       0.24511108127467654
0.11582922735360171       0.06119305590234607      0.308951279964564
0.11369809294824519       0.05822524735749176      0.3800533555828738
0.09356959983157802       0.053057595973483924     0.16021388689055752
0.08557677069712825       0.05364341820811882      0.10319033216897965
0.11377827749307738       0.06492690944984429      0.18253058882513015
0.11147588830415778       0.06125842860677699      0.2344081831201197
0.08855425915919622       0.060187138624672        0.06501766629556954
0.08080861326179088       0.0605885139503051       0.03946268023479169
0.10850782808811373       0.06498061098051519      0.1362333298963333
0.11100597702359351       0.06956057119545113      0.10105212259445828
0.08280487024397368       0.06746098908873774      0.023440991440536667
0.07591097296619652       0.06662224991191294      0.015876013448199958
0.10478711378599871       0.06965356326735128      0.07272490269140998
0.10715727711846483       0.07535461472634927      0.050113769528302925
0.10023699208156968       0.0749239647667193       0.03624907863792288
0.10221538158843187       0.0819329955923208       0.022897091484612
0.07726502839338997       0.07139450302343466      0.011063234158243614
0.07141778489984131       0.07141778489984131      0.007053809728831984
0.0756604255869606        0.0756604255869606       0.006880546287444482
0.08140549358839902       0.07437067873965023      0.011798371059183244
0.07990306627407986       0.07990306627407986      0.006813026041189722
0.08525431572879583       0.07848631621912472      0.010989606124859502
0.08414570696119916       0.08414570696119916      0.006734589839566648
0.0892566118008897        0.08267688642529672      0.010451815753770737
0.08838834764831843       0.08838834764831843      0.006588083487357133
0.09544176948789138       0.08090131696338787      0.01721769988918347
0.0971343495445161        0.08789720210884854      0.011240977431607603
0.09248110372316626       0.08653515475292693      0.009537532192318312
0.09263098833543773       0.09263098833543773      0.006334615995432407
0.1264547682546762        0.004289167417120833     1.488494357801655
0.1270987958630643        0.006576149951394624     1.4896638863046772
0.12659584706146715       0.008499254676176085     1.488083094410107
0.1265399563975897        0.01056691379793632      1.4891503169193985
0.12331299313881973       0.004224841755365142     1.4698165442674995
0.12452871216013836       0.006773928355503339     1.473987432631267
0.1210345435371377        0.0038412400616645507    1.4573136622176317
0.12625399930570597       0.012835108028175512     1.4831357199310233
0.1260070441404074        0.014900493366473812     1.4779929218590235
0.12596252844937839       0.016890966072768528     1.4789313499539178
0.1242802585966833        0.009487358052013893     1.4693106212324292
0.1246897480171264        0.011540307546288119     1.4698825027906146
0.1212982926561802        0.006035571607345862     1.4547675230153425
0.1223559548261464        0.008460441503055298     1.4562593820997924
0.11865073309965568       0.004798301476519933     1.4436557197924333
0.12502791575738367       0.023236341887237093     1.4731907693204753
0.12564653320591057       0.01915060994363571      1.4826411168599627
0.12524823560590792       0.02118447947851235      1.4812898278044184
0.12385302097706816       0.013566937525472713     1.457916587697205
0.12381914285238436       0.015920480208552138     1.4533101988517692
0.12422389083066901       0.017860525878178362     1.4575993589652225
0.12449584367425486       0.025454706829902682     1.4554730679847507
0.12186296451094067       0.01122333128593766      1.4452154953955028
0.11880103386945562       0.00871819210854818      1.4315093834070187
0.11545855156168151       0.0058857330782151294    1.427978959159369
0.12323007255997884       0.024025165008541214     1.4300287548978448
0.12300331177142877       0.022052300815031553     1.4311899487637294
0.12339448817435357       0.01977837746383781      1.4435469523190338
0.12097185019489938       0.014645914179309914     1.4242113103769105
0.12189652252188388       0.01765804422910952      1.4240909755901077
0.12388044395005934       0.027352951454763706     1.4415424138525925
0.1235103028634186        0.029377778062907978     1.4386628530281589
0.12295046807545297       0.03162258842331153      1.4285306592728524
0.12221455481846803       0.025752054426679234     1.4013397095096207
0.12233671622717868       0.0336159237971581       1.4008781019581227
0.12126441934893702       0.037882578837600996     1.3562631296466272
0.12196282777674759       0.03566539035888007      1.3812066395181783
0.11171331444629565       0.006355722106728953     1.4201467580584715
0.11759872678588461       0.012754689829698615     1.402138350096102
0.11370047091232549       0.00976982342822218      1.3991359738714921
0.12106310815443873       0.02358953381788894      1.3836109247168904
0.12068841999258528       0.020521980120137284     1.3929656051127581
0.11772101433458233       0.017498781307534215     1.3682045546422017
0.12137972293987963       0.027951049455540812     1.3733757204658945
0.12159991328202216       0.030113549919325633     1.3762039637300327
0.1204327763340144        0.03194112665190379      1.3289733797938188
0.11923889046909907       0.02613441632394028      1.325692506727501
0.1206035527478086        0.03982094568213052      1.3398134392713015
0.12008568553324517       0.041777893472816865     1.3298901646902557
0.11923210223243405       0.043883910511527874     1.2804739580191982
0.11890863622875117       0.03818508075374374      1.240105166091473
0.11996049686806495       0.03419374902428346      1.300443810207206
0.120032058057529         0.036389958310044566     1.2958980018284916
0.11846744751105846       0.04574519170873398      1.2297987102472132
0.11780655269082055       0.04768529416899865      1.1914524504834585
0.11252233908891027       0.014743005548180522     1.3469183820811905
0.11702935464573373       0.022622610724299726     1.3097900970496863
0.11314123128937234       0.019589923033702647     1.2869223628936495
0.11865919773268677       0.02949247473528317      1.2838263056100219
0.11815682370771333       0.032611231516454266     1.2401512786005768
0.11551681918856979       0.02708627571008         1.2236856549366115
0.11829389699647819       0.040338100808204484     1.204489302186706
0.11807344485131419       0.04228512889608318      1.1892514955098545
0.11698341977935672       0.04398353147939622      1.107904356208965
0.11688361516521308       0.038952959342914845     1.1323401968507876
0.11693291234891169       0.03574924708601276      1.1632955250343584
0.1169240137584416        0.04963851985794334      1.1106971930848262
0.11613757276577677       0.046066797725536734     1.0315136547155288
0.11582441726847253       0.04812702568799231      0.9889438304663271
0.11148051548768703       0.02411125631947645      1.190904333137269
0.11479873525488882       0.03167956008478814      1.1375385889332572
0.11187292866026607       0.029022706171922766     1.102526787269038
0.11566362161104743       0.041412599245141665     1.0425405678671822
0.11470618468617677       0.04423193195251345      0.9505232984014181
0.1138259908452204        0.03864042986182019      0.9899043732904698
0.11292197803858328       0.035524277599316305     1.0084778734013677
0.11612160289804037       0.05139738511217906      0.988331342023802
0.11439167998578506       0.049735084285626646     0.8273634950050811
0.11318252910932904       0.04691976672741646      0.800753423575168
0.1094895125396626        0.03313266880686334      0.9522049277286055
0.11156378016537401       0.042776964585076196     0.8037305217110918
0.1095627392042329        0.038419482157097104     0.8252814287747295
0.11412033120482723       0.052718322383007526     0.6917110606068684
0.1115695839065607        0.05020058670589606      0.6105001770940413
0.11114532183504162       0.052992441189762186     0.49434912705243067
0.10913025159691518       0.04702128750420554      0.5890723084947466
0.10596075508964305       0.04260798347206124      0.5985178217537535
0.11229199082663872       0.055349751299184034     0.45101023999614026
0.1094474314275776        0.05480378637524741      0.3703770434664123
0.10774342685963471       0.0517421550077769       0.40530889928827973
0.10481809364397382       0.04789378940439075      0.4264766042455651
0.10622788508794129       0.0561750944642411       0.26022855569288866
0.10982883865193552       0.057757651959780616     0.2942098382382196
0.10162748471195683       0.05321175366091844      0.24504631046592024
0.1031409940322022        0.05866154917830167      0.17447317460762163
0.10715065144062819       0.060439947073081327     0.19140117679020008
0.09718857755642457       0.059700551981544406     0.11043764070431937
0.1028714307884796        0.0636922693661833       0.11048488581919123
0.09137909751591641       0.06667578347593983      0.04278070977026576
0.09817033600142493       0.06800165469850139      0.058044450676606435
0.08746952038544509       0.07300261176879581      0.019729441681533542
0.09392920362585815       0.07375679991315105      0.027921031222715775
0.08999211104526404       0.07770733232124148      0.015998064570559953
