% Model:              
% Version:            COMSOL 5.4.0.295
% Date:               Apr 19 2019, 16:22
% Dimension:          2
% Nodes:              289
% Expressions:        4
% Description:        Magnetic flux density, x component, Magnetic flux density, y component, Magnetic field, x component, Magnetic field, y component
% Length unit:        m
% x                       y                        mfnc.Bx (T)              mfnc.By (T)              mfnc.Hx (A/m)            mfnc.Hy (A/m)
0.004870012314529584      0.17496428221791424      1.837347775622046E-4     -2.485416903245506E-5    146.2114903345736        -19.77831928978366
0                         0.177                    1.6926362632664095E-4    2.4159916326564766E-7    134.69571407772187       0.1922585054029684
5.204748898597234E-18     0.17000000000000004      2.0431413388137857E-4    -6.342992937000006E-8    162.58802175380345       -0.0504759339960265
0.007941722768711877      0.1698143958546063       2.042916098763935E-4     -2.736123910533514E-5    162.57009772014544       -21.773382263666775
0.005696037329621131      0.18100708496047507      1.5059426268438094E-4    -4.7907379242781514E-5   119.83910653749295       -38.1234810853337
0                         0.18399999999999994      1.1171449198054935E-4    2.348892111140494E-7     88.89956806852165        0.1869188951387836
0.012579403483661107      0.17649745104594503      2.154826516383913E-4     -5.815514663257488E-5    171.47564579399437       -46.27839526404142
0.01726025426233409       0.1691215055006299       2.121862231125888E-4     1.678433841651575E-5     168.8524313218414        13.356552127578388
0.005354463543665304      0.1875677019642713       7.88322721799725E-5      -6.819759420575995E-5    62.73272896304163        -54.26992112410949
0                         0.1909999999999999       2.404798521731305E-5     9.807045992417718E-8     19.136778593680997       0.0780419923411421
0.022717144505916963      0.1752128792204894       3.7401186910175806E-4    2.1061638229579253E-6    297.6291887129186        1.6760319169253866
0.02706354375808731       0.16783195345122484      2.7811671954373245E-4    3.403759368067784E-4     221.31825335943677       270.8625642616669
0.00516944275932175       0.1942077256761462       -1.9794785416704175E-5   -8.25238742873344E-5     -15.752189732559161      -65.67041257961716
0                         0.19799999999999984      -8.63963641070587E-5     2.1361677221318895E-8    -68.75204206402798       0.01699908261253223
0.03309128808358031       0.17414790447735448      9.148232377171227E-4     2.9550269472348225E-4    727.9932016900606        235.15357281108774
0.03676078540269691       0.16597784387253886      5.474171613065659E-4     0.0013783418532654845    435.6207357763669        1096.8495960882287
0.04292560389422321       0.17118037479319517      0.0022451584693590127    0.0013758079201021294    1786.6403421156028       1094.8331561461664
0.046320853943892494      0.16356765722449104      0.0015479050894557627    0.004333241256786553     1231.7837321199356       3448.2838281365844
0.13152275910847191       0.13617714319700538      0.5879973839582787       0.343183607630204        467913.4509103159        273096.8377122823
0.1324445202090948        0.1324445202090948       0.6169736221218555       0.3681222278283278       490972.00859002216       292942.3611043962
0.13522112147158222       0.13522112147158222      0.6229934367124018       0.32790206805008354      495762.4248329331        260936.1749011292
0.12897528853085882       0.12897528853085882      0.6052764040937072       0.41843793190300943      481663.6582420051        332982.32619756926
0.12740386452992236       0.13397124527030968      0.5667504137942218       0.38208672121335874      451005.6492736375        304054.95185440494
0.12067146922739806       0.1251181963797852       0.5388614029390317       0.49564065697847526      428812.2795959024        394418.3027771942
0.11446126319767123       0.12569255836044327      0.4662793338479031       0.5107715525382368       371053.3042174494        406459.0868859106
0.12020815280171308       0.12020815280171308      0.5550481726423871       0.5541476743348168       441693.3016507981        440976.7078663196
0.12476219498667857       0.12476219498667857      0.5844209503136865       0.4818196069839846       465067.4154444307        383419.8606504773
0.12103702144371635       0.12990892219434766      0.5245495605788858       0.444148540360394        417423.2773140563        353442.1783270344
0.13986691324559875       0.14752679375236064      0.5623090804545575       0.17642134199257895      447471.3484990054        140391.64322512352
0.14188935064343333       0.14796084676016427      0.5897011434603765       0.15373331374683782      469269.2596433091        122337.0840035323
0.14033215671538116       0.1494385686213894       0.5522109363765849       0.13760015042608478      439435.50076868804       109498.72055249878
0.1383326517882753        0.1488720121075811       0.5192214848242159       0.1752902266443591       413183.3293464374        139491.53023074204
0.1387595737849455        0.15089990285954555      0.4899420772499161       0.10834578614742583      389883.51711517695       86218.8371427011
0.004692613702926174      0.1999220628264064       -1.1879526519550328E-4   -8.011498934810141E-5    -94.53426835888469       -63.753482852524414
2.42467031289554E-17      0.20500000000000004      -2.0446119081509573E-4   3.071889929441174E-7     -162.7050459433886       0.24445323345238823
0.13717177430356597       0.15234468922286581      0.294982237979272        0.18137938144917373      234739.40649355482       144337.12566293209
0.13662563666474148       0.15015229318350262      0.45748011773563246      0.20436852592832858      364051.11051944084       162631.30556948838
0.11487755064204759       0.13467669023729878      0.4508329549356998       0.4106956169565073       358761.4664337116        326821.18772401876
0.10737467868762572       0.13179786939373922      0.3688383902905105       0.45087113062172396      293512.2650839624        358791.84567939496
0.053427029490232536      0.16964301429301132      0.00687691877159864      0.00335802892272319      5472.478078706842        2672.23451048474
0.05572638206156634       0.16060688136667226      0.004533988290417557     0.011890753159366663     3608.033241703631        9462.360711993879
0.06287821130750722       0.16553124126774274      0.017532562235682118     0.010274048989013221     13951.969724375507       8175.82841084872
0.06495667742692565       0.1571007003728956       0.013076493257437817     0.030312338932239183     10405.942701145344       24121.792888713855
0.1374181206171469        0.1374181206171469       0.6259241914494154       0.29516723645614057      498094.6453498616        234886.62360384534
0.13419614628825066       0.138369492086979        0.5942145631392294       0.3101259863801218       472860.92490399745       246790.41856823093
0.13929868954691932       0.13929868954691932      0.627874949668248        0.26600800010788944      499647.0094163834        211682.4405958002
0.13648394346249285       0.14025722910740876      0.5977262185274518       0.27946404808681047      475655.4114713519        222390.4233474351
0.13862611484307533       0.1420290049904991       0.600855203622788        0.24786281493094553      478145.37869527005       197242.96102465809
0.1414273586883622        0.1414273586883622       0.63082888218163         0.23150532897417833      501997.6742217063        184226.08729177932
0.1408336344716281        0.14379657357134812      0.6071964454169064       0.21304850079186993      483191.5785796444        169538.61009671842
0.1433905783009504        0.1433905783009504       0.6360743673106387       0.19904160949434438      506171.8986576901        158392.28015995814
0.14140392617891634       0.1461151814281996       0.5956547247507126       0.18250312879145922      474006.9691005912        145231.37538448768
0.14343098480523986       0.14646689932472468      0.6184404570292635       0.16532639270004987      492139.27872109093       131562.56310882387
0.0074169790982102695     0.2048657814791351       -2.0769219368117994E-4   -1.252156962759598E-4    -165.27619632979548      -99.64348507506215
0.011259552635859748      0.1979267861507378       -7.61563887165715E-5     -2.001157357323588E-4    -60.60332856135098       -159.24704266138164
0.01613830522453521       0.20436378129326083      -2.2151169831753138E-4   -2.9960781889073904E-4   -176.273408699579        -238.42032682721234
0.02039559296658552       0.19707133640631683      -3.1361405462456545E-5   -4.2050953766081003E-4   -24.956613508295636      -334.6308576800272
0.025291889075451976      0.2034338230162208       -2.588815827933273E-4    -5.670481777851061E-4    -206.011417885059        -451.2426023287576
0.029340853128179873      0.19582373108037984      6.750994426257915E-5     -7.739292977550722E-4    53.72270668623904        -615.8733667067952
0.034388421268053165      0.20209511741427827      -3.496681729763865E-4    -0.0010212958740015718   -278.25709085551904      -812.7214335335384
0.13538213768002072       0.15393724954405255      0.41375095414900037      0.35466769636736756      329252.54780900775       282235.58515940997
0.1348873603056947        0.1513703948700024       0.4416459492754817       0.2744195377755661       351450.6796185269        218376.1295898722
0.10810854263304255       0.14084164781602607      0.3801985798077668       0.344028636922406        302552.4166646228        273769.29065683926
0.09950969517129189       0.13783258165947762      0.2665191534129752       0.36695380799513155      212089.203471711         292012.56214409723
0.072296984733548         0.16116595487742558      0.04370537341624786      0.027503039014118574     34779.63109436482        21886.22304573109
0.07398395364443354       0.1530567692169749       0.035997761980411803     0.07237547849481356      28646.108797140172       57594.57580545373
0.09995120683738302       0.14673287616252131      0.2979090890805543       0.24852080065551094      237068.52059586998       197766.5694274005
0.09130498618400402       0.14339944036829033      0.16620619352990815      0.25923204013071727      132262.68636386536       206290.30297300118
0.09081888973872865       0.15202676902824264      0.19399815674918744      0.14162257257353605      154378.82798674758       112699.66239234475
0.08278142417634565       0.14848311625008395      0.08478769056878506      0.1505797977533252       67471.90033684109        119827.59571109789
0.14281176133263962       0.14506857857196465      0.6193607219670706       0.18507076795269486      492871.60229012166       147274.63770742257
0.14495689014324226       0.14495689014324226      0.642885353753092        0.17417553447421058      511591.90945593175       138604.4863862172
0.0383415900545188        0.19451515031957667      2.3924539589391074E-4    -0.0014473502011777474   190.38543684246667       -1151.7646945124382
0.043400447743578076      0.20035319097947243      -5.626772191218448E-4    -0.0018895081889825542   -447.7643039422156       -1503.622841445943
0.13313582545236013       0.1558840979096927       0.47553363903239926      0.3661338207772671       378417.646292417         291360.03704912076
0.13247928979500737       0.15281968966208465      0.4697002253675115       0.32032161831007455      373775.5631930835        254903.8446662187
0.04614416626116688       0.19264354231687783      5.713104387130178E-4     -0.002596835824292015    454.6344018058805        -2066.496289170954
0.05231588803433726       0.19821212843612446      -0.001064808149824824    -0.003619795514528186    -847.3474024457811       -2880.5417455951574
0.08241538227496112       0.15790683244464288      0.11038251797728926      0.057541006480019065     87839.61683507795        45789.67805888907
0.13024210714178586       0.15830980237265016      0.5212546075800712       0.3626077753846952       414801.2370289724        288554.0992801496
0.1295843062866126        0.15452140332376652      0.5019906880262649       0.3322605278060288       399471.49692740786       264404.5269732581
0.054439393592818595      0.189776970401754        0.0014916340370411338    -0.005070506551914458    1187.004651396079        -4034.98090858514
0.0611175519225939        0.19567739993925984      -0.002304592689541986    -0.0071663104687461725   -1833.9365917702642      -5702.768674160755
0.06311808183093583       0.18704502054940794      0.0031723542828947064    -0.010584465403034522    2524.4793268071876       -8422.849944390471
0.06978977244909233       0.19275473447234417      -0.005336044794588622    -0.014563521713921506    -4246.289528092783       -11589.282347983797
0.07180658202139571       0.1850097334693561       0.004296238448979302     -0.022868244652295155    3418.8379292825666       -18197.970881237878
0.078330077714538         0.18944497598309235      -0.012646514626493188    -0.03111423064810803     -10063.776578451727      -24759.918040738692
0.12677421228945712       0.16110027653107123      0.5626212314113904       0.34698881203854026      447719.7503378596        276124.9231675912
0.12586649259384167       0.15651098638078145      0.5295953000813415       0.3232494815935611       421438.54923090566       257233.7642375394
0.07922037774393982       0.1816323629124027       0.0096357711977081       -0.04682225419755711     7667.903083088783        -37259.966011232296
0.08673148286725096       0.18574888930932468      -0.03162564197835442     -0.07130221165135346     -25166.88624654827       -56740.497188487185
0.08715474117716922       0.1772917500420664       0.03478438519248215      -0.10612546771263619     27680.53422898032        -84451.96387202694
0.094985833033999         0.18166642926759277      -0.0914285608933435      -0.1971180108913633      -72756.53702976985       -156861.52902901266
0.12250786105531769       0.16436795301898396      0.6122582203145049       0.3154299629581159       487219.61105850065       251011.18902038792
0.12125345969148027       0.15904698091609487      0.55625994601818         0.29170041063927915      442657.600264121         232127.81127588486
0.11688466361926654       0.1684131093787264       0.6939025386254656       0.24919480258183402      552190.0952312885        198302.92311853942
0.11572086234096503       0.1622255470466846       0.586484368375742        0.2234012985341061       466709.43136563693       177777.10477425586
0.10923739081236836       0.1664041629742124       0.6296479263477329       0.06729697362327895      501057.89942901675       53553.23003634871
0.10995671031189498       0.17301595838935202      0.8706879595019933       0.14593420277143454      692871.4632266912        116130.7486862439
0.0951372818252151        0.17340553612188644      0.17214175225374162      -0.2380334906132324      136986.05391841696       -189421.033262571
0.10250000000000004       0.1775352077758099       0.3967346983732445       -1.1053301154791422      315711.44171087          -879593.7581342049
0.10280004034490459       0.16983306877903953      0.5530133640309897       -0.16780323674600603     440074.0524070488        -133533.57297473215
0.011656401528573892      0.18499213769165546      1.480644507444922E-4     -1.3093262894816403E-4   117.82594616086199       -104.19287554558646
0.13661616709132537       0.1482857535734705       0.5079322358956041       0.21674376108676596      404199.63049252017       172479.204806438
0.13514364017197142       0.1461326007153929       0.533009828112247        0.25223201437388243      424155.7443031279        200719.85946814693
0.1378842929239903        0.1467675941158451       0.5453469785159663       0.2108572473683197       433973.3366552284        167794.8660270931
0.019435660968950125      0.18316390084217593      2.8231916038961707E-4    -1.990505263000122E-4    224.66244952780593       -158.39937592845126
0.13354877258899767       0.14380826980905778      0.5493356776425193       0.2803501426371683       437147.4425677146        223095.5549861163
0.13355849874066705       0.1413736441255657       0.5686771740762885       0.293966189545691        452538.9163888577        233930.86084042882
0.1358602204362529        0.1429965383850961       0.5704755796936923       0.26419431098066953      453970.0421073281        210239.15264665484
0.1378528424527965        0.1443976406438604       0.5725970761670124       0.2339975564204402       455658.27535973256       186209.33887868864
0.13960367765742746       0.14586502589437322      0.5757824668136066       0.20125196358141867      458193.12869515334       160151.22405466443
0.009710026673479274      0.19082980311546205      5.017832269764358E-5     -1.467031827599964E-4    39.930640466951125       -116.74268351783576
0.01631714147327888       0.1910909974427003       9.414691727587302E-5     -2.7073120977654555E-4   74.91973630659474        -215.4410514259304
0.024426820829758257      0.18969862461562112      2.548719890264614E-4     -4.6357464274937696E-4   202.82068454612318       -368.900979428114
0.13113582194850532       0.1429155675600133       0.5446513284094402       0.30272689735356567      433419.75588964816       240902.4106034639
0.13111023339137254       0.13973749293460216      0.5641571208846932       0.320475119504441        448941.9723464542        255025.99703548834
0.13204567764860176       0.14562258823615712      0.5279933937319258       0.2863574128387776       420163.79266150674       227875.9887214901
0.13299752634990208       0.14777157261713997      0.5084505681545848       0.27490927738112014      404612.1061984239        218765.85198513122
0.13474198270693016       0.1489673698390466       0.48913616410160127      0.25102424447368515      389242.19180889166       199758.7467194769
0.12861199696248526       0.13793522864988622      0.5573702399026692       0.3457535966444266       443541.1440641269        275141.96998880926
0.028774594628255518      0.1815162566234289       6.340099502212546E-4     -2.714367742857656E-4    504.52908773579594       -216.00252182249335
0.03320080457471152       0.18812833471026544      6.281058376256612E-4     -8.084379899359234E-4    499.83074421499686       -643.3345114078908
0.1276884348321215        0.1415696292703554       0.5350502310652154       0.32782078855430574      425779.445382449         260871.4947335039
0.12892585857347016       0.14508076703906836      0.5242775815323587       0.30791214904705205      417206.8432656953        245028.7027944338
0.1305224462587639        0.14802675167627025      0.5093359860272052       0.29638939483135246      405316.69935407117       235859.18633712595
0.1325338809642532        0.1501081425957691       0.48556404960704164      0.28940283753408974      386399.5934133948        230299.4606918554
0.12332504231003484       0.13823726567549569      0.5188580418508005       0.3636415834536117       412894.11061768193       289376.77760203136
0.03917835368952079       0.1807628003427594       0.001622463473073036     -5.439148220300037E-4    1291.1154086280894       -432.8336627351181
0.040874994488653435      0.18817620753178896      0.0010805801613100545    -0.0015099678318143672   859.8983703976639        -1201.594221715041
0.04788850650412649       0.17736291803073223      0.003926860282817772     -5.267464596924318E-4    3124.8961242084324       -419.17151408103166
0.061889941619193325      0.17317646007224113      0.014470883050886141     -0.0015130151419216762   11515.562842266281       -1204.0191940486015
0.12426730203252444       0.14424518514034343      0.5110030908318596       0.3252708199292776       406643.3392056362        258842.2941764916
0.12693118387529548       0.14829069444645823      0.5103186144424656       0.3101428251685994       406098.6502016275        246803.8184503404
0.1296746329302602        0.15102880399001575      0.4989844218466118       0.31014635253736833      397079.186313699         246806.6254412188
0.11716366719071773       0.14392469861169846      0.4693095804603037       0.32863400255960723      373464.6978532045        261518.62987718033
0.04749268365309506       0.18482760623255054      0.002378572145759875     -0.00225110982190404     1892.807572491901        -1791.3762779937208
0.05634610514337932       0.18021595584602268      0.006479820351155787     -0.003990654094088139    5156.477196169522        -3175.6616262201846
0.06622594955471713       0.17920905246443694      0.013129493706051485     -0.012057814195768542    10448.11911806011        -9595.30366070095
0.0707098088242097        0.1710545500005244       0.032557800706755034     -0.006646472293307434    25908.67459340434        -5289.0945980160195
0.12222632061988022       0.1488802336027752       0.5026461066898665       0.3089241012215195       399993.0625279423        245833.98874812922
0.1259467604223449        0.1521884364540908       0.5113878612610376       0.3130583492063211       406949.52978443255       249123.91876187365
0.11763184172658334       0.15071969375913163      0.4907931668562531       0.2878457465526437       390560.7927044903        229060.3670591507
0.1097787051091818        0.15012039686105927      0.42879049448108303      0.2528816801656409       341220.6337374122        201236.84707872724
0.07353462794646057       0.1783152290817006       0.020856505370332727     -0.02584353524195097     16597.079626555573       -20565.631903630492
0.0785039414958282        0.16635490854774637      0.07260339522108283      -0.004632222222872266    57775.94617344912        -3686.2053213512418
0.10018798251059308       0.15619164188265514      0.34559881702637657      0.11809514880419755      275018.8002822966        93977.13343680484
0.09147696110281288       0.15976726544728334      0.21895601478352478      0.035369008393148944     174239.6603625004        28145.762590141945
0.07959666375087072       0.17352138224508895      0.050444705952633874     -0.04035469322810553     40142.621525894196       -32113.244521050146
0.12139762622817918       0.1538984969807476       0.5183356507971989       0.2958546208585094       412478.4050256436        235433.62673105163
0.11532021289721706       0.15596100517642056      0.5126079574283507       0.24505817313855985      407920.4514648093        195011.09800035667
0.10903699728475338       0.15906738871071086      0.4945775483465304       0.1552049031111745       393572.30780810583       123508.13761121052
0.1038624794267533        0.16387277612802326      0.4756302984656334       0.013818485783031348     378494.5654253954        10996.401592072594
0.08725680784173973       0.16777590039610285      0.134663491600952        -0.05286978187322312     107161.80171152721       -42072.43562656873
0.09672922806655841       0.16505689985598673      0.3079375421801683       -0.06916067152528281     245048.91000771406       -55036.31370401825
0.17699999999999988       0                        1.5644114389774721       1.2509603355923156E-4    1244919.0677138483       99.54826051070661
0.17495179492358928       0.005271841175422309     1.5816249840324903       0.04803288810284556      1258617.1716320545       38223.35786273881
0.17                      0                        1.6292263663104478       1.811833290003794E-4     1296497.1480697738       144.18111208127766
0.16981487668429976       0.007931434718642064     1.6277061970357776       0.07577727404153288      1295287.4357977726       60301.63868869561
0.18399999999999989       0                        1.5045496409236374       7.592412522969113E-5     1197282.5624006654       60.41849915116715
0.18071357385070175       0.00603290235799786      1.53032889543545         0.05152902626244222      1217797.0413245603       41005.49621189886
0.1762490530390322        0.012791272722864521     1.563786749057649        0.11463538855852522      1244421.955270651        91223.94371174695
0.16912336327434985       0.017242041490852983     1.6227992214570683       0.1650758616515552       1291382.588702859        131363.19683499428
0.19099999999999995       0                        1.4503826242247204       1.6549546885151026E-4    1154177.820099796        131.69710963514322
0.18744035531451353       0.0061940828102142395    1.4745228700648205       0.04843822228233801      1173388.0173643234       38545.91255409041
0.19439580510026117       0.005604464509215741     1.4227291273188971       0.036162814194684305     1132171.8664681048       28777.453175988823
0.19799999999999998       0                        1.405202634056679        0.002188767090298522     1118224.726279361        1741.765508489373
0.1755945907072818        0.023337928694089058     1.5531927082044321       0.20817858558481753      1235991.485425116        165663.25470851446
0.16783391271214737       0.027051390791072282     1.6122655218284756       0.25947746749402617      1283000.13687818         206485.60786320423
0.17405304436021823       0.033480575482804364     1.5401223892968863       0.2945672838346954       1225590.4561154991       234409.19647722563
0.1659756328824529        0.036770766775649735     1.5916308885863035       0.35222226364432757      1266579.61748128         280289.5716300576
0.1364685053365506        0.13136650218073803      0.6585915676694308       0.35245428988628086      524090.517366152         280474.21224672714
0.13845439522794253       0.13428076454280707      0.6562393747756153       0.3141202301735591       522218.70173537027       249968.93678642935
0.13353313602655248       0.12704041113295236      0.6591379513505068       0.41040518980340646      524525.315684492         326590.0731388983
0.13099626780862977       0.12294188623164018      0.659167976751701        0.46635068815813013      524549.2091395839        371110.08617336716
0.12699673999652483       0.11964589236514529      0.635995914211171        0.5255224451127809       506109.4676647843        418197.47422719153
0.12568562095538488       0.1144688808587702       0.6527744224844789       0.5934187770898941       519461.3803118104        472227.65848702117
0.20500000000000002       0                        1.4158098261746286       -0.05094194302666567     1126665.661568846        -40538.31021699775
0.19978152695089657       0.005101451426761776     1.3860639339837606       0.021709774457824002     1102994.6326745697       17276.08959186431
0.17145602228745016       0.043390550616145336     1.5190407881568622       0.375873977552186        1208814.2509668663       299111.0075352125
0.16355531958835612       0.046364398349926776     1.55603570981369         0.4405904527773066       1238253.874221774        350610.7421930232
0.14027145209497402       0.13672086942824838      0.6546582869613463       0.28083997402510175      520960.5120298539        223485.35041947218
0.1420643886674342        0.13893396484568077      0.6543536655947946       0.24919443286649248      520718.10204856313       198302.6289084187
0.1437771877585673        0.14111466937586392      0.6545725009533186       0.21810373230383462      520892.24569372524       173561.43551473386
0.14496675004200218       0.14280569397832915      0.6548839537811028       0.19507540328922204      521140.0919791341        155236.07354562334
0.13333146343021776       0.1158483469469244       0.7305704923634385       0.526398228759633        581369.5256836051        418894.4007095694
0.1317828223947291        0.10739314559914562      0.7786889916319281       0.6333601924447988       619661.0107473244        504012.0269261191
0.2048475157006877        0.007905397602682744     1.3323955429645082       0.01737245941553536      1060286.6840820564       13824.563948228955
0.16882466055289966       0.053238361763372245     1.4795609715067881       0.4485274026726615       1177397.2111057611       356926.7662376153
0.16058111780448414       0.055800578891821495     1.5025836009989195       0.5214251414591259       1195718.037538991        414936.94357805327
0.16566231619014987       0.06293943456488843      1.4254813391652756       0.5077095842348985       1134362.0070670408       404022.4499305755
0.15706288064730695       0.06504807086124703      1.4262189873043976       0.5898630751349757       1134949.0088050598       469398.1207755872
0.1984290119309493        0.011367616883646438     1.3785799236173306       0.07210316157963124      1097039.0464547283       57377.872889759725
0.20432305588201943       0.016645985553073336     1.309625441160537        0.1090014485791914       1042166.812798018        86740.5967277768
0.16131771058890965       0.07224289710239333      1.3512983630330606       0.5529211684240511       1075329.0703434905       440000.68547417084
0.15301223249323587       0.07407601978667552      1.3228565157641805       0.6394259747675376       1052695.7674259555       508839.02312803565
0.15718472713947318       0.08163725679963083      1.2479901705256315       0.573579972570981        993119.0228462584        456440.4394659269
0.148442450720329         0.08285432290558346      1.1983882217208885       0.6677469157935271       953647.0461499286        531376.1119145371
0.1464706380880782        0.14342716680626155      0.6652033865512793       0.18095945971464303      529352.0356555246        144002.96256412068
0.15213970376866615       0.09085804303224189      1.1269042406070098       0.5830118089345001       896761.9014191208        463946.0563643666
0.14336925183104135       0.09135238162964036      1.062393533859238        0.675737688085832        845425.9121128232        537734.9664617475
0.13952890234569681       0.1078677962197292       0.8593750981552258       0.5629945153918743       683868.9742074348        448016.80029121466
0.13781029875121778       0.0995405523296918       0.9205967212160638       0.6638572668098961       732587.5938786403        528280.827601351
0.14626770572405803       0.09991984558172358      0.9946264954169375       0.5768818037188567       791498.6163788699        459067.95320812287
0.19764464402057375       0.020186603392744765     1.3703381228366458       0.15367636900177806      1090480.4297836053       122291.76881523547
0.20342582319781863       0.025356152237470706     1.3092770411226191       0.20143647992934502      1041889.5648569778       160298.05749893314
0.19672425365346194       0.028644967721273264     1.3767253008243772       0.2321264858573835       1095563.184529381        184720.3882337676
0.2021574525992244        0.03402005818031949      1.3341920559876925       0.2960127144026347       1061716.3037219          235559.43357614396
0.1461156100749671        0.14130139289169474      0.6741593412066299       0.20168716527634842      536478.9579230542        160497.5465596146
0.1483000503793692        0.14153478391362503      0.6910056697073288       0.18690167451011097      549884.8401922347        148731.62685218328
0.1951626042814218        0.03641937063427198      1.4026315986484532       0.2858191636338142       1116178.7613089436       227447.6636135641
0.20052025815043018       0.04262189661764066      1.4639864880696785       0.30790408527708935      1165003.4309801667       245022.28585018622
0.1930474678266331        0.04487032754363585      1.4079792950502192       0.3002317828695158       1120434.3228914225       238916.8615848803
0.1985595480313794        0.050981426868755904     1.3433826795545631       0.274256115956129        1069029.9695757218       218246.08263800977
0.19084167120483744       0.05337634683162575      1.3712484894893426       0.34091304612534135      1091204.8765476185       271289.9822768169
0.1962504969940796        0.059251518373597274     1.3040117007543124       0.3517397940360185       1037699.5401235912       279905.6345147875
0.14743035650667202       0.13882646736813198      0.7005863371691526       0.21402150054153488      557508.8931155795        170312.89869565013
0.15042790875502488       0.13927111785144067      0.7207374594627173       0.19124763163921302      573544.6467249299        152190.02964999355
0.18874767204999035       0.061357831123328994     1.3485585519870626       0.3971738342492897       1073148.7979879484       316060.89493767783
0.1935971558986769        0.06741766258142864      1.297869846233202        0.4299738610013855       1032812.007589661        342162.32689339016
0.18620640392151797       0.06870674784379582      1.350087435200573        0.44468184931293836      1074365.4445921506       353866.5721069974
0.19060417960707657       0.0754655333003967       1.3405164896393529       0.5108212163938166       1066749.1281114926       406498.6081264531
0.15274539519367117       0.13672543379755353      0.7541956302656058       0.19313564023843424      600169.8130753931        153692.4591558239
0.14911126011284986       0.13574442073264065      0.7348947204943691       0.22674146083836288      584810.6370940782        180435.1214815143
0.15113257445522157       0.13267690773349292      0.7738491392369699       0.23501476223521378      615809.5785848607        187018.80554650383
0.15546875580195135       0.13362060458399813      0.7967902358019106       0.19171470106662014      634065.5231761547        152561.71169068827
0.17916293852357137       0.08483667051701661      1.3299260875664676       0.36001711890103577      1058321.5539153412       286492.5203540123
0.1872768188167332        0.08338101183053905      1.5655056775594816       0.38240295594429496      1245789.8351100916       304306.6034574341
0.18349512678964983       0.09140316430217443      1.2596343626318924       0.2372597981124487       1002385.1765063734       188805.34833290675
0.18288940890426136       0.07680335349288095      1.382674343343842        0.4465625661503459       1100297.2821475647       355363.19901314535
0.17563093874658656       0.09267623135280062      1.2194230034292652       0.34558178307558673      970385.993578664         275005.2450949536
0.1793699959619628        0.09925424196781422      1.1480168794261998       0.29065370916044325      913562.8055680605        231294.87270439323
0.17187946269703808       0.09949026600660449      1.1385868767149752       0.3658341758356787       906058.6478437538        291121.5871809894
0.1749091344499607        0.10691957110821912      1.0808613059642544       0.3372314961583967       860122.0982048629        268360.29789942177
0.16726317677684777       0.10678919061211606      1.0767633643490704       0.3821298591173479       856861.0598820704        304089.2799076775
0.17019506841289542       0.11427440084257644      1.0603399368803934       0.37644046302167716      843791.7115613144        299561.8023485088
0.15365540947273287       0.12886721166585693      0.8269904103083233       0.24354935378418263      658098.058450822         193810.41770794734
0.1587590548947722        0.12969411123454558      0.8571534312747592       0.1846426650597598       682101.0278777856        146933.96424960982
0.15650895818078692       0.12449285663778742      0.8976109000435053       0.25505714686491315      714296.0585754452        202968.0284723322
0.16233133030517966       0.12519400625169977      0.9442677249691588       0.16971804208769706      751424.3801548998        135057.32665067664
0.1631505794082781        0.11365450990010026      1.0430658326968638       0.3600880294492313       830045.416219849         286548.9491753257
0.16584848384686424       0.12049597671995699      1.1496527116680189       0.26169476564156763      914864.5595048334        208250.07766565293
0.15954669937619612       0.11942893724722353      0.9817660625910762       0.29333648000032003      781264.6091061844        233429.75390613917
0.1837408035242795        0.011627998507594056     1.5000293201799142       0.09662406715267657      1193685.4054470435       76890.98954495857
0.18328142584002324       0.01929120910123346      1.4948663780154015       0.16189488928925025      1189576.8666151448       128831.85945849658
0.19079194941183913       0.01389913148647778      1.4385222687130645       0.10722404247015253      1144739.6490672599       85326.18188710048
0.19031997819860103       0.023929478818060713     1.4316888039097548       0.1922856874017532       1139301.7505578038       153016.08817906003
0.18302674501791988       0.030171082575706724     1.4814580793170322       0.24846881156467404      1178906.8815336542       197725.19782343283
0.1796412482517613        0.04022390693230883      1.48005887890145         0.3226635791532255       1177793.4332210731       256767.5178897944
0.13808921979842737       0.1273490271181777       0.699916126028678        0.3779180308957222       556975.5560359705        300737.61350304895
0.13997181584575238       0.1310394147724383       0.6916159341908634       0.3317660294113891       550370.4732379745        264011.01765396853
0.14137536212918106       0.1339185580907278       0.6837230983200421       0.2969741415841877       544089.5540187033        236324.51301797933
0.13719560430473235       0.12159076333729851      0.7305288171866884       0.4395120069533357       581336.361631685         349752.54227431427
0.19087004570870975       0.031529242999053915     1.4246331860435997       0.2507578050060236       1133687.068257973        199546.72092791143
0.17668622808901258       0.050265294392810106     1.455393889281736        0.39087668116796065      1158165.6581246348       311049.7797361784
0.18784631717638908       0.038429801192778605     1.4401740021461358       0.2929983448785625       1146054.056769977        233160.67452583576
0.18532979197188854       0.04736487647169438      1.4248661804246627       0.3393555850770338       1133872.4792952675       270050.5941542608
0.14217263528830418       0.12802329652878747      0.7326196406332336       0.34325326383037974      583000.1860649356        273152.2683551571
0.14116762858515447       0.12472919888384644      0.7470756340980775       0.3810882991478136       594503.9001511057        303260.43281928735
0.14299799855103035       0.13641924930291255      0.6799950217529842       0.26423156079625115      541122.8449493417        210268.7951080502
0.14469844077768762       0.13882902755016652      0.677853569873513        0.23199724556062543      539418.7316892853        184617.54207338905
0.14327077729410864       0.13129834017339176      0.7187585280595877       0.3061627830156355       571969.8631506907        243636.60153854886
0.14404589273446516       0.13401072419519502      0.7058822458577797       0.27726905633249305      561723.2433453711        220643.70440870727
0.14288545232849353       0.12142850757311298      0.7877085939787914       0.4000885775615444       626838.5822384572        318380.37396762485
0.14241551042969097       0.11489610239099862      0.8321780110246824       0.46826757979088285      662226.2199347999        372635.5000669876
0.17507731488386177       0.06086155135611928      1.4110423149501894       0.44482676544779515      1122871.796680768        353981.8927029785
0.17005395292825656       0.07024501282990855      1.3707102328438534       0.48661384263737495      1090776.5455187105       387234.99216339964
0.1829927507470329        0.05597799193138368      1.3993669219258296       0.39001409560475         1113580.8141189308       310363.35595505504
0.18259755353379742       0.06341671917814279      1.3741490455475431       0.4252916639599378       1093513.0657195076       338436.35287500685
0.16560577286359227       0.07992603178656915      1.292293031053821        0.499385251948502        1028374.1190771189       397398.1567739782
0.1620439634940857        0.09005445656900275      1.1857994581149722       0.4903102073606229       943629.2263734434        390176.4657492767
0.14534076181350253       0.1291208929354793       0.7529748716249789       0.30996179154404413      599198.3642155037        246659.75646927132
0.14560435031454746       0.12518340378322004      0.7853230107664286       0.3438516579524905       624940.1954364342        273628.4552674125
0.14586622293115728       0.1358517934938571       0.7080847792515718       0.2489004201380829       563475.963730106         198068.6610131271
0.14677473077163472       0.13252392021281917      0.7397629249614793       0.2699229938490139       588684.6311186914        214797.89362616913
0.15546080373641308       0.09893113342438467      1.0713137386681342       0.5017183888574864       852524.3855564626        399254.80813385337
0.14771391339817752       0.12007145163950791      0.8450514251828573       0.37675151215027114      672470.5574235135        299809.32738030964
0.1495684504734992        0.10837246382880085      0.9512095045968333       0.47563147637441633      756948.4728628948        378495.50277542195
0.14991649570191154       0.11528503128421849      0.903398894156798        0.40787965869275755      718901.9979440318        324580.31933793763
0.17481882350353303       0.07843745370658649      1.3405617910576495       0.44294551814218536      1066785.1778347474       352484.843663648
0.1783569459049476        0.06983351425804935      1.3712286438195427       0.45214276919932855      1091189.0838653806       359803.7835066556
0.1708665143806643        0.08631880841711817      1.2603698798726215       0.42653021204479485      1002970.4825293302       339421.9581248168
0.16419551724786705       0.09929295516886248      1.1153659881682043       0.4293240592888916       887580.0518677308        341645.2311205252
0.1692952053806044        0.09369158125330909      1.1837316235848114       0.4074883770951942       941983.6959385875        324268.9473359721
0.14900454984884592       0.12861454187480098      0.7892298959168449       0.2858729281786816       628049.1958553396        227490.44807895776
0.15094551093935438       0.12429593704700505      0.84292017879742         0.3093220812837308       670774.565437568         246150.69121889398
0.15923049140221288       0.1068011031477578       1.0389654433973379       0.42275218507079004      826782.4300917457        336415.4997845799
0.1535995997538271        0.11945726042687137      0.9099654678374399       0.33729296198532555      724127.5112462882        268409.2108503565
0.15611383180329827       0.113642837633226        0.9762238027801399       0.3831523550591898       776854.2188821342        304902.95632485516
