% Model:              
% Version:            COMSOL 5.4.0.295
% Date:               Apr 4 2019, 14:37
% Dimension:          2
% Nodes:              412
% Expressions:        6
% Description:        Magnetic flux density, x component, Magnetic flux density, y component, Magnetic field, x component, Magnetic field, y component, Remanent flux density, x component, Remanent flux density, y component
% Length unit:        m
% x                       y                        mfnc.Bx (T)              mfnc.By (T)              mfnc.Hx (A/m)            mfnc.Hy (A/m)            mfnc.Brx (T)             mfnc.Bry (T)
0.14219360751672513       0.16126369083392425      0.4627117844573215       -0.017045034535996       -546517.4366826216       -535503.8584319804       1.1838245533964782       0.6895356602639412
0.1438630803671545        0.15977613747763975      0.21807633913256202      -0.14678170361103599     -731921.914677491        -633828.7735918376       1.1838245533964782       0.6895356602639412
0.1437843011638772        0.1621397186335401       0.3937814573271933       0.10017408800651204      -598758.3999764373       -446665.7499675291       1.1838245533964782       0.6895356602639412
0.14229180296348892       0.16387910921410265      0.5179950146485653       0.10547499611785777      -504619.3445158428       -442648.2941161166       1.1838245533964782       0.6895356602639412
0.1401559414607037        0.16303776272159698      0.5718060913784012       0.03997043903559357      -463836.9690175064       -492292.9324717717       1.1838245533964782       0.6895356602639412
0.14556035790804242       0.16166115515568835      0.3202709182581596       0.2158883072216311       -654470.6174154211       -358968.17866226536      1.1838245533964782       0.6895356602639412
0.1404795374205261        0.1661699620594801       0.6122139730152094       0.12485590816047519      -433212.61614907655      -427959.87529129843      1.1838245533964782       0.6895356602639412
0.1375990658279023        0.1652013834182043       0.6569879703834395       0.06311875339740498      -399279.26851508935      -474749.2722102127       1.1838245533964782       0.6895356602639412
0.14501265706397484       0.1641185004863455       0.45571806606069426      0.203375525361285        -551817.8407465072       -368451.3743046685       1.1838245533964782       0.6895356602639412
0.14771020838009488       0.16404880599496127      0.42933302855517463      0.31035395433452195      -571814.5509496905       -287374.4896604024       1.1838245533964782       0.6895356602639412
0.13448512613686056       0.1677460904103361       0.737824493156867        0.06573350430902077      -338014.82955436764      -472767.6030076523       1.1838245533964782       0.6895356602639412
0.13798242234163813       0.16922870792025435      0.7074930444132073       0.13738872505202634      -361002.4485957576       -418461.495485794        1.1838245533964782       0.6895356602639412
0.14687564754965954       0.16673023300797996      0.5214272598189463       0.296899349219387        -502018.11220741697      -297571.474952894        1.1838245533964782       0.6895356602639412
0.1498585479377249        0.16643477879376778      0.4984424121895365       0.37832645984232777      -519437.88419043896      -235859.44087036257      1.1838245533964782       0.6895356602639412
0.13086450243499342       0.17058570280783072      0.821450366285741        0.05122096192967766      -274636.3958456248       -483766.37851480977      1.1838245533964782       0.6895356602639412
0.13503481631450184       0.17248483272427742      0.7987840495510453       0.13700869836934512      -291814.75941711705      -418749.5103670107       1.1838245533964782       0.6895356602639412
0.13130941625649564       0.17596531897968623      0.9004033651751802       0.12266856485232475      -214799.44324951456      -429617.6205281134       1.1838245533964782       0.6895356602639412
0.12628941794755286       0.17399995090363748      0.9251492503905387       0.014206030311900522     -196045.01490090042      -511819.28011089406      1.1838245533964782       0.6895356602639412
0.14915879687888123       0.16900804110496276      0.5649713569797424       0.3701082619762485       -469016.8821806815       -242087.8542689043       1.1838245533964782       0.6895356602639412
0.15170777342351816       0.16848855176103086      0.5441129655010527       0.42544800352873535      -484825.0541272497       -200146.93323316038      1.1838245533964782       0.6895356602639412
0.1266752948329518        0.18009080114725642      1.033806965469928        0.09912797515102274      -113695.4317582547       -447458.5786912581       1.1838245533964782       0.6895356602639412
0.12046839858537518       0.17807965897955644      1.0731145649471212       -0.0659583126564987      -83904.96148267528       -572574.2869829644       1.1838245533964782       0.6895356602639412
0.12108359124388779       0.18479754884642974      1.2374856666203489       0.07628803446741489      40668.72105425193        -464768.52849945746      1.1838245533964782       0.6895356602639412
0.11406151945723374       0.1822497456215154       1.2645288285279517       -0.24805976501262864     61164.21102772537        -710585.4597767327       1.1838245533964782       0.6895356602639412
0.11496196460540178       0.18774566947818794      1.4995661081318064       0.026636019104177056     239294.42464594147       -502398.8317353338       1.1838245533964782       0.6895356602639412
0.10750000000000001       0.18619546181365432      2.445909539486212        -0.30215857100780485     956509.8292297481        -751585.899726741        1.1838245533964782       0.6895356602639412
0.11194733272335358       0.19389846804866634      1.6763966931702843       0.3950370394682801       373310.90892549156       -223194.81539702427      1.1838245533964782       0.6895356602639412
0.15371416317097808       0.1707168733241848       0.5843525205894308       0.4706297423629773       -454328.2726980403       -165904.56621908108      1.1838245533964782       0.6895356602639412
0.15083713625199788       0.17150433064357096      0.6097888314758355       0.4181172892095845       -435050.5840714045       -205702.73999643364      1.1838245533964782       0.6895356602639412
0.12171511108879195       0.1941215753910888       1.3331810939904132       0.3435387945221236       113194.4367553812        -262224.3403672053       1.1838245533964782       0.6895356602639413
0.1175365816167529        0.20357933110818205      1.3837307841130715       0.5721998271082663       151505.0703495939        -88926.56118348357       1.1838245533964782       0.6895356602639412
0.15268733430495413       0.1740610005616547       0.6480198824501735       0.46433501180600684      -406076.00910871825      -170675.22090276406      1.1838245533964782       0.6895356602639412
0.15607667671814274       0.1733407104361194       0.623727076696842        0.5182904486377301       -424487.05728592747      -129783.43767204376      1.1838245533964782       0.6895356602639412
0.1285138810134152        0.20388634525949756      1.2170337437540166       0.5342399189087539       25168.603816580824       -117695.64227523112      1.1838245533964782       0.6895356602639412
0.1238480514009054        0.21451111744476997      1.2395427857469805       0.6570347265271216       42227.77189964382        -24631.82980627131       1.1838245533964782       0.6895356602639412
0.15480846422277003       0.1776597317462957       0.6959177253177914       0.5152725316907327       -369775.1593190979       -132070.6586242125       1.1838245533964782       0.6895356602639412
0.15911377185190417       0.1767137463004017       0.6652176073375647       0.5740500885535529       -393042.18565270473      -87524.2837785803        1.1838245533964782       0.6895356602639412
0.134954374538995         0.21443038391719627      1.1596984004028277       0.6380195173664204       -18284.745270146723      -39043.08948175653       1.1838245533964782       0.6895356602639412
0.1300083756990153        0.22518111212019734      1.175367375453787        0.6936971247392308       -6409.531781842936       3153.8935321126955       1.1838245533964782       0.6895356602639412
0.1630169037728039        0.18104861345878226      0.7084844039062785       0.6398656665551347       -360251.11638764635      -37643.928676666175      1.1838245533964782       0.6895356602639412
0.15717940625200275       0.1818646962540314       0.7433629566601473       0.568936769775604        -333817.33506064815      -91399.56929817621       1.1838245533964782       0.6895356602639412
0.1419233361843863        0.22534702043469898      1.1409073773261083       0.6936405329423211       -32526.098643545673      3111.0037025096694       1.1838245533964782       0.6895356602639412
0.1370433146384681        0.23736598379147436      1.153552738675538        0.7062215793542753       -22942.423567617443      12645.935729800374       1.1838245533964782       0.6895356602639412
0.14987465313233178       0.2377501409122816       1.1553556064063792       0.7176867270255313       -21576.06494331127       21335.149659128605       1.1838245533964782       0.6895356602639413
0.14406205532736363       0.24952279926979237      1.163044841958166        0.7002568393214318       -15748.541863955112      8125.374489394949        1.1838245533964782       0.6895356602639412
0.1527238887371359        0.2496881526242168       1.175570652821548        0.7079914140917245       -6255.471791853162       13987.259286566052       1.1838245533964782       0.6895356602639412
0.15000000000000002       0.25980762113533157      1.179356829753924        0.6885712343475509       -3386.0014384809647      -730.9197706640589       1.1838245533964782       0.6895356602639412
0.16103994241124023       0.1880521358188585       0.8002535308091528       0.646351474518172        -290701.0679599328       -32728.46011827493       1.1838245533964782       0.6895356602639412
0.16803318713690724       0.18661976054088492      0.753836760804724        0.7190566177550286       -325879.44123881106      22373.363378629914       1.1838245533964782       0.6895356602639412
0.15898291174706047       0.2544099718415658       1.1915888440801272       0.7050362554329954       5884.405913833897        11747.601628672901       1.1838245533964782       0.6895356602639412
0.16579100625338003       0.19552528403212424      0.8597274862083726       0.7320578942395303       -245626.90611701485      32226.779659643533       1.1838245533964782       0.6895356602639412
0.17448147408386128       0.19378130872338178      0.8043816958487674       0.8182843273362085       -287572.4114268192       97576.12752878126        1.1838245533964782       0.6895356602639412
0.16774570960808718       0.24871947432414523      1.2078738996027985       0.7276461608026765       18226.53488982959        28883.212116409817       1.1838245533964782       0.6895356602639412
0.1594126411886501        0.24381149185626946      1.1788668351177636       0.7274803032685931       -3757.358907211836       28757.51189546511        1.1838245533964782       0.6895356602639412
0.17175489526408105       0.2048343463993366       0.9359218349945312       0.8285850738558348       -187880.68114089535      105382.86431990121       1.1838245533964782       0.6895356602639412
0.1827264766555402        0.20293831176428725      0.8724630356684829       0.9546659597157601       -235974.8792143107       200937.13200567328       1.1838245533964782       0.6895356602639412
0.17636559893686754       0.2426832823077021       1.2358184185897565       0.763697180504538        39405.14598078028        56205.5834928602         1.1838245533964782       0.6895356602639412
0.16723573263239175       0.23760993519534104      1.1837659661951863       0.7629001705400266       -44.4021080358857        55601.545037881624       1.1838245533964782       0.6895356602639412
0.17974736109036965       0.21581467922246475      1.0583664806039896       0.9357130650470001       -95082.24969384485       186573.09927980107       1.1838245533964782       0.6895356602639413
0.19218686299925508       0.21344513523273623      0.9774097753519486       1.1569386107202355       -156437.7726333491       354235.6665755023        1.1838245533964782       0.6895356602639412
0.17437338319379844       0.2325949583440162       1.1923918806735831       0.812778600377703        6493.0118344631965       93403.44342992209        1.1838245533964782       0.6895356602639412
0.18472784382634896       0.23638025238007498      1.286883342486031        0.8259670484734475       78106.26529841637        103398.71345920127       1.1838245533964782       0.6895356602639412
0.1824177235021753        0.22683311317111843      1.2073562562439044       0.9108129262401125       17834.222988273814       167701.76511413202       1.1838245533964782       0.6895356602639412
0.19283074277385465       0.22981798154470728      1.39482003428306         0.9567560174931975       159909.3988245284        202521.14641818203       1.1838245533964782       0.6895356602639412
0.1891599477767999        0.2218883998394713       1.1866997643353832       1.0664635269439606       2179.066825517194        285666.3484343238        1.1838245533964782       0.6895356602639412
0.2007391819076575        0.22294344764321827      1.6527114854660914       1.3945780906682814       355360.3475717746        534338.0375636873        1.1838245533964782       0.6895356602639412
0.14381222841992383       0.16729843601280808      0.5743524326768906       0.21995115486768238      -461907.1461391558       -355889.02491989225      1.1838245533964782       0.6895356602639413
0.1463686178479737        0.16954524770690257      0.5978170870561229       0.30892665005241204      -444123.7378896429       -288456.2160022787       1.1838245533964782       0.6895356602639412
0.14411908657284045       0.17052612402837647      0.6436713353010973       0.2701335371107749       -409371.68898511643      -317856.76687172503      1.1838245533964782       0.6895356602639412
0.14140139964700835       0.1700653155313888       0.6707888067184777       0.20933952203189043      -388819.88126973895      -363931.3764441426       1.1838245533964782       0.6895356602639412
0.14607445489607415       0.1724908941394915       0.663058730556977        0.33023877810319624      -394678.3566582136       -272304.1658732799       1.1838245533964782       0.6895356602639412
0.14826070038074393       0.17135023111786968      0.6219109485519427       0.36499311420669855      -425863.46572187525      -245964.52594590126      1.1838245533964782       0.6895356602639412
0.14293873205322222       0.1732307267512913       0.7101699470543316       0.27855780354730636      -358973.6757980878       -311472.1780845958       1.1838245533964782       0.6895356602639412
0.13902197633007474       0.17387216716652212      0.7692198613338492       0.21858871525128828      -314220.88652790716      -356921.5915847178       1.1838245533964782       0.6895356602639412
0.13654545438694865       0.177511009061035        0.8579644379810256       0.22468921360090244      -246963.08630888004      -352298.14173869375      1.1838245533964782       0.6895356602639412
0.14562975131505923       0.17520343591643966      0.7177171739654389       0.3472264285331934       -353253.7783240929       -259429.553790179        1.1838245533964782       0.6895356602639412
0.1488495578144457        0.17420300701022806      0.6729161433207961       0.39669997170783283      -387207.6139560281       -221934.5111782067       1.1838245533964782       0.6895356602639413
0.14248600842051676       0.17815438446176485      0.7982478558014519       0.3248527828582389       -292221.1303014159       -276386.1076194914       1.1838245533964782       0.6895356602639413
0.13244369941772166       0.1811214646829643       0.9672078498715163       0.20908849728856294      -164169.61486794896      -364121.6232476614       1.1838245533964782       0.6895356602639412
0.1383285487663848        0.18234032644340617      0.9077778967197553       0.3109408388460506       -209210.42825757992      -286929.7012269079       1.1838245533964782       0.6895356602639412
0.14747956222523545       0.17802965152908432      0.7487475277678598       0.4031476747713447       -329736.4726405421       -217047.92158703212      1.1838245533964782       0.6895356602639412
0.15097796532705507       0.17678150516348565      0.7031555592839094       0.4505914232383037       -364289.7447810688       -181091.22117119853      1.1838245533964782       0.6895356602639412
0.1430461172313496        0.18337450375616335      0.8691645736070942       0.38742527571249347      -238474.71988893504      -228963.6240988394       1.1838245533964782       0.6895356602639412
0.14633387602220332       0.18156779154662112      0.8122435899316706       0.41639709142729053      -281614.0337822529       -207006.44466380417      1.1838245533964782       0.6895356602639412
0.12840819896422687       0.18659703161026084      1.1124673691534472       0.23507809463096654      -54080.23141617846       -344424.60950474936      1.1838245533964782       0.6895356602639412
0.13474218622300238       0.1858490080748893       1.0006888953295052       0.3079373612374884       -138794.97732259953      -289205.97888342454      1.1838245533964782       0.6895356602639412
0.14070782682921268       0.18803158865201583      0.953119844645755        0.4078275786697619       -174846.64186787434      -213501.11283166         1.1838245533964782       0.6895356602639412
0.15121096055461497       0.1815256729540182       0.7735193174467943       0.4855334091357509       -310962.411799422        -154609.36509012224      1.1838245533964782       0.6895356602639413
0.14737432611843052       0.18677842767700878      0.8726129584356366       0.4751025896791976       -235861.25564538452      -162514.68164731073      1.1838245533964782       0.6895356602639413
0.13378931097900554       0.1936017915189362       1.09624862271687         0.4085698511129854       -66372.1060168229        -212938.55888661282      1.1838245533964782       0.6895356602639413
0.14332682708197633       0.19433052335760242      0.9907580173278047       0.5003665082138119       -146321.39790932898      -143367.64585371639      1.1838245533964782       0.6895356602639412
0.1508384628872616        0.192701884995057        0.9119845586907879       0.561565681925057        -206022.28041659645      -96985.97438093426       1.1838245533964782       0.6895356602639412
0.1545139503055941        0.18801387805210482      0.8352847393504664       0.5706235374362928       -264151.59176072764      -90121.20067414695       1.1838245533964782       0.6895356602639412
0.13926478686127378       0.203143552812031        1.0937091873744602       0.5577758837557797       -68296.6950044743        -99858.18919979666       1.1838245533964782       0.6895356602639412
0.1505760662414989        0.20215021289821616      0.99937525729698         0.6234550462539693       -139790.55820978948      -50081.22077254556       1.1838245533964782       0.6895356602639413
0.15770379180423316       0.19523943667413754      0.8954829991325406       0.647373926537328        -218528.4936185982       -31953.563485308463      1.1838245533964782       0.6895356602639412
0.14562034173309615       0.21353434586813808      1.0957040467267796       0.6595251606316986       -66784.8296392612        -22744.377910137628      1.1838245533964782       0.6895356602639412
0.1556405671521762        0.2121238780230723       1.0459800899922058       0.7078551522760339       -104469.65585066576      13883.98908884303        1.1838245533964782       0.6895356602639412
0.16173251199620375       0.204624525052632        0.9655931553650601       0.7295568408976983       -165393.36064073865      30331.279648743264       1.1838245533964782       0.6895356602639412
0.15404438450391642       0.2238242621153506       1.1136900912378207       0.7253172768429125       -53153.55396972304       27118.195954105653       1.1838245533964782       0.6895356602639413
0.15991295134640182       0.23469127629416858      1.1570750770846043       0.74557103358483         -20272.911334067965      42468.12691437698        1.1838245533964782       0.6895356602639412
0.1660505415051315        0.21632196960112948      1.056726560527034        0.7925377095912403       -96325.11343919291       78063.2633287375         1.1838245533964782       0.6895356602639413
0.1660130322334119        0.22766138609408734      1.1355415762258052       0.7844806607852909       -36592.735637646336      71956.98168969234        1.1838245533964782       0.6895356602639412
0.17369593809090966       0.22433791785755208      1.133257966442693        0.8449041050238086       -38323.43937610038       117750.74278110937       1.1838245533964782       0.6895356602639412
0.14929385760081476       0.15713473719924323      0.19991029739797372      0.43809053142158444      -179539.36857184593      -652086.9761721512       0.4368069131588675       1.2984990260360698
0.14717762777466806       0.15672825489560352      0.12930898062514692      0.4175444589059912       -233046.7426346656       -667658.447610157        0.4368069131588676       1.2984990260360698
0.14881078238213738       0.15517844904114786      0.161188087718072        0.4816020308676292       -208886.18322897548      -619110.4513236831       0.4368069131588676       1.2984990260360698
0.1477141866725448        0.1586433045001471       0.18579218698793645      0.3580583206244485       -190239.21170934394      -712741.8426242309       0.4368069131588675       1.2984990260360698
0.14552833348177205       0.15826087373074296      0.07163426874680728      0.31987053770380386      -276757.2925719923       -741683.6255649016       0.4368069131588676       1.2984990260360698
0.14621309388678966       0.15978542583524724      0.1807470472990124       0.2512143945298122       -194062.82561449334      -793716.7901352143       0.43680691315886755      1.2984990260360698
0.1438630803671545        0.15977613747763975      -0.07581699673273101     0.06691089463678601      -388507.7581254393       -933396.8522166987       0.43680691315886755      1.2984990260360698
0.15094424030540554       0.15570159871411648      0.2156672995284387       0.4953341020912367       -167597.44106054585      -608703.1798278398       0.4368069131588675       1.2984990260360698
0.15042761821037356       0.15361162612105272      0.1823385032342991       0.5317890350945566       -192856.69190585613      -581074.6903632578       0.4368069131588676       1.2984990260360698
0.15202795795510773       0.15202795795510773      0.1981697516198675       0.5742028677038206       -180858.49459214756      -548930.0660049883       0.4368069131588676       1.2984990260360698
0.15267035765564355       0.1542140968455719       0.22949224218716022      0.543413607066504        -157119.7840981766       -572264.6518362914       0.4368069131588675       1.2984990260360698
0.14556035790804242       0.16166115515568835      0.30150272745935575      0.16837671886220673      -102544.42845286212      -856497.8642149413       0.4368069131588676       1.2984990260360698
0.15376965435742518       0.1502660753423672       0.21227493537562347      0.6149014403611133       -170168.44831620436      -518085.40402787976      0.4368069131588676       1.2984990260360698
0.15449231366695956       0.15258582825074313      0.24138689048238784      0.5870107747387272       -148105.05994329535      -539223.2006941937       0.4368069131588675       1.2984990260360698
0.14841800777637798       0.16121746022472117      0.29334965735990365      0.3181907050025345       -108723.48277525508      -742956.7383171608       0.4368069131588675       1.29849902603607
0.14771020838009488       0.16404880599496127      0.39944230140456644      0.27295761467376867      -28317.917416221695      -777238.0236369002       0.4368069131588676       1.2984990260360698
0.15591520852040652       0.14803866978610053      0.22719438011182116      0.659450710661556        -158861.28937357475      -484322.3726971539       0.4368069131588676       1.2984990260360698
0.15687822703124632       0.1507251908637553       0.25749461122780204      0.631931698628443        -135897.32956912136      -505178.50028798863      0.4368069131588675       1.2984990260360698
0.1498585479377249        0.16643477879376778      0.46726534550249915      0.34227745710656016      23083.857458662085       -724701.8542200904       0.4368069131588676       1.2984990260360698
0.15088225694618382       0.1634575816996006       0.38830370413405313      0.3757798498821628       -36759.64510532686       -699311.037955122        0.4368069131588675       1.2984990260360698
0.15954788989326651       0.14879425255863296      0.2749102906459742       0.6731206136695          -122698.3225848076       -473962.2172909584       0.4368069131588675       1.2984990260360698
0.15859210710086358       0.14516729509537674      0.24451617466210232      0.7086500691850093       -145733.43591691044      -447035.12933544937      0.4368069131588676       1.2984990260360698
0.162950166741183         0.1458714370425554       0.2935850857301794       0.7214461085834927       -108545.05616157199      -437337.25827703375      0.4368069131588675       1.2984990260360698
0.16185104605357029       0.14152469357453143      0.2666215571283714       0.7612226047434169       -128980.19359098845      -407191.4202640446       0.4368069131588676       1.2984990260360698
0.15170777342351816       0.16848855176103086      0.5122173514577976       0.39034347292527594      57152.11436190992        -688273.5493997006       0.4368069131588676       1.2984990260360698
0.1531225560807591        0.16568952622384941      0.4506712207742994       0.4218006736891662       10507.490902583717       -664432.7446501422       0.4368069131588675       1.2984990260360698
0.16695896397610066       0.14226313263197576      0.3171054220502626       0.767858304466346        -90719.4476447859        -402162.35163653176      0.4368069131588675       1.2984990260360698
0.1657277881137935        0.13696459486637244      0.29846577367686405      0.8152667371422201       -104846.07705488677      -366232.4163765094       0.4368069131588676       1.2984990260360698
0.15371416317097808       0.1707168733241848       0.5524504330934691       0.4356862400760222       87643.98968637125        -653909.142135386        0.4368069131588676       1.2984990260360698
0.15503269565885758       0.16784309039879616      0.4970641328024111       0.4576367774015739       45667.78268211433        -637273.2539502208       0.4368069131588675       1.2984990260360698
0.17152820254222742       0.13788301815267193      0.34959734146596494      0.8065647825469396       -66094.44961834518       -372827.45965460525      0.4368069131588675       1.2984990260360698
0.1699148403062013        0.13173438064422704      0.34832714319057106      0.8660797551043649       -67057.10835280099       -327722.21169987787      0.4368069131588676       1.2984990260360698
0.1739386537906137        0.1263738292428817       0.43533729652096065      0.8818678042304803       -1113.794058918953       -315756.7542703592       0.43680691315886755      1.2984990260360698
0.17465271226687648       0.13306115074722702      0.3830363711519346       0.8301820779411473       -40751.65501492275       -354928.3677286547       0.43680691315886755      1.2984990260360698
0.17989100414854298       0.13069846491950524      0.40837582117913734      0.8101915790203932       -21547.375362259027      -370078.78067204147      0.4368069131588676       1.2984990260360698
0.15607667671814274       0.1733407104361194       0.5917618000704684       0.48344338900084044      117437.31527727103       -617714.921567002        0.4368069131588676       1.2984990260360698
0.15751063925073974       0.17004176969407284      0.5355941890611129       0.501272665717223        74868.96797345341        -604202.4571804994       0.4368069131588675       1.2984990260360698
0.17942612195045557       0.13908377835029204      0.3886339294199991       0.7942937808642284       -36509.373740601986      -382127.4147712359       0.4368069131588675       1.29849902603607
0.18714821162981998       0.13597113478921166      0.405423331131954        0.7927250356314008       -23785.0105310155        -383316.33647721866      0.4368069131588676       1.2984990260360698
0.1604490757947899        0.17238429627231222      0.5687540656552371       0.5482678594862526       100000.19784141588       -568585.7077047735       0.4368069131588675       1.2984990260360698
0.15911377185190417       0.1767137463004017       0.6333267880025596       0.5391404747508741       148938.6166532105        -575503.1762673305       0.4368069131588676       1.2984990260360698
0.1862792360441147        0.14682331557049602      0.407032800881899        0.7839770132836343       -22565.224500250642      -389946.29361495865      0.4368069131588675       1.2984990260360698
0.19629838257619076       0.1426191231202691       0.40026435847341113      0.7916401919616449       -27694.896244744206      -384138.5185368548       0.4368069131588676       1.2984990260360698
0.16464498632945376       0.1753715657612714       0.601779627562973        0.6090426813103648       125029.63320333765       -522525.64432936074      0.4368069131588675       1.2984990260360698
0.1630169037728039        0.18104861345878226      0.6766376204041135       0.6049109799910674       181763.0598252672        -525656.9809405297       0.4368069131588676       1.2984990260360698
0.20748880012500434       0.1507494373756197       0.3769423350059858       0.8186781270018365       -45370.20728162959       -363646.98990521644      0.4368069131588676       1.2984990260360698
0.19460221645322495       0.15672680261868788      0.42626653594658365      0.8123062110242021       -7988.348263753129       -368476.14192810573      0.4368069131588675       1.29849902603607
0.16803318713690724       0.18661976054088492      0.7224022933971638       0.6838758372579897       216447.22137682975       -465811.0411092122       0.4368069131588676       1.2984990260360698
0.17070166113242238       0.17950182654014668      0.6346393760070265       0.6889852197145455       149933.40174442015       -461938.7388515558       0.4368069131588675       1.2984990260360698
0.2067287183867056        0.164311263094608        0.40497844552149137      0.8758456563727215       -24122.18074061349       -320320.82379222853      0.4368069131588675       1.2984990260360698
0.22003189741562074       0.15986253099016132      0.3255676592568548       0.8725757915798104       -84306.08154457016       -322798.99114953313      0.4368069131588676       1.2984990260360698
0.17448147408386128       0.19378130872338178      0.7741830262854553       0.7820047048186883       255690.83850108052       -391441.06809828314      0.4368069131588676       1.2984990260360698
0.1776983303957282        0.18524515303473385      0.6701512902858293       0.7810936419035088       176847.1955355017        -392131.54508122854      0.4368069131588675       1.2984990260360698
0.21925554965364935       0.1727658824771799       0.34435296160645734      0.9585587191392896       -70069.06379973658       -257634.19142284995      0.4368069131588675       1.29849902603607
0.23233717576859483       0.16880283903254076      0.24939959919934448      0.9291939978571683       -142032.38280110888      -279889.14639697084      0.4368069131588676       1.2984990260360698
0.23128104406442077       0.17753004335522568      0.24476859447298707      1.0088861730369745       -145542.1318186408       -219491.98637024994      0.43680691315886755      1.2984990260360698
0.2427050983124842        0.17633557568774194      0.05327754784086641      0.9881405268533571       -290669.4967202724       -235214.71083576517      0.43680691315886755      1.2984990260360698
0.18571465410492044       0.19207089494066204      0.7015090627644147       0.8949718216826029       200612.64550844394       -305825.47259479837      0.4368069131588675       1.2984990260360698
0.1827264766555402        0.20293831176428725      0.8464654907734802       0.9143656415745758       310472.3219398117        -291127.2711603153       0.4368069131588676       1.2984990260360698
0.23640140300654325       0.18470077600415724      0.19110200836999905      1.1055208626512405       -186215.00066224727      -146254.42195948088      0.4368069131588676       1.2984990260360698
0.19572599657956338       0.20160007611329192      0.7344475851829216       1.0821828933811752       225576.11532296095       -163941.8180121364       0.4368069131588675       1.29849902603607
0.19218686299925508       0.21344513523273623      0.973410040928603        1.0967427212774155       406681.14411012037       -152907.2057252129       0.4368069131588676       1.2984990260360698
0.22984002181672147       0.19280447186538208      0.28531386275792964      1.172594589497337        -114813.65626370905      -95420.54015399597       0.4368069131588676       1.2984990260360698
0.22507183304647208       0.18394448370244013      0.31307163643391017      1.0693630618578538       -93776.57583628815       -173657.72066233598      0.4368069131588675       1.2984990260360698
0.22296725704768217       0.20071273573102608      0.37457549416575975      1.244076964841665        -47163.99023036178       -41245.4288206626        0.4368069131588676       1.2984990260360698
0.21822406616642925       0.19125945904186725      0.4036112451777711       1.1256042814064466       -25158.35546870885       -131033.58686864506      0.4368069131588675       1.2984990260360698
0.21579018324658525       0.2084096850302429       0.47959382678507706      1.339776251156235        32427.375253605784       31283.211499958255       0.4368069131588676       1.2984990260360698
0.21278024817968938       0.198135725687278        0.4927125228156021       1.1834575750052767       42369.78154016812        -87187.69329530928       0.4368069131588675       1.2984990260360698
0.2008693275004374        0.21113914642632692      0.8108413087895802       1.274548694766087        283473.442623893         -18151.49338241043       0.43680691315886755      1.2984990260360698
0.2007391819076575        0.22294344764321827      1.0880434426487582       1.838595157798531        493559.5847158426        409328.42435622535       0.43680691315886755      1.2984990260360698
0.2084017640076336        0.2157978330718511       0.6416306317696856       1.4990495911418709       155231.93942559583       151993.3989355294        0.4368069131588676       1.2984990260360698
0.20635431060651963       0.20527038103866882      0.628863160660306        1.2487234810996217       145555.7197215924        -37723.923912992825      0.4368069131588675       1.2984990260360698
0.1496426730586342        0.15884048859616173      0.24457572263518132      0.4039324649021614       -145688.30565849793      -677974.7149008557       0.43680691315886755      1.2984990260360698
0.1513683239494743        0.15784994663623264      0.258109969742666        0.45975186738201906      -135430.96123857718      -635670.2681146398       0.4368069131588675       1.2984990260360698
0.15312856416968262       0.15637423019809715      0.2642780629952406       0.5138037067443129       -130756.28252143897      -594705.4232683629       0.4368069131588675       1.2984990260360698
0.1518289256849867        0.16042941817426554      0.32000225564872004      0.4286835705017981       -88523.99342331363       -659216.3301238477       0.4368069131588675       1.29849902603607
0.15330263490850704       0.15840206247112915      0.2990713463996386       0.48630240137604835      -104387.12518711919      -615548.1313199771       0.43680691315886755      1.2984990260360698
0.15500145162633217       0.15498333983431412      0.2737801558944429       0.5584519692723481       -123554.82988036067      -560867.3676407369       0.4368069131588675       1.2984990260360698
0.15536212099672575       0.15739868098606774      0.31016765890067116      0.5318889259847323       -95977.44430792052       -580998.9849873467       0.4368069131588675       1.2984990260360698
0.15435529581715934       0.1629255007860384       0.3977435284014723       0.4602822989206922       -29605.384657333565      -635268.2642986794       0.4368069131588675       1.2984990260360698
0.15488290097443713       0.16020320121883963      0.35021559600841284      0.492835745353946        -65625.88644444228       -610596.636134253        0.4368069131588675       1.2984990260360698
0.15662301570854786       0.15334422281496607      0.27726078502617535      0.5971974493447184       -120916.9283023375       -531502.9168027071       0.43680691315886755      1.2984990260360698
0.15768714750919197       0.15567677086730727      0.3144234659432536       0.5815340217731605       -92752.0503666239        -543373.925963542        0.4368069131588675       1.2984990260360698
0.1565426697568889        0.1649060139326554       0.44599508471968385      0.4917987188343704       6963.537723239472        -611382.5784995283       0.4368069131588675       1.2984990260360698
0.15811444186995613       0.1587002181091216       0.35711113105827025      0.5572469597357771       -60399.89364230786       -561780.6210893948       0.4368069131588675       1.2984990260360698
0.15788378675547599       0.16203693032582         0.4043959639912745       0.5288982625511004       -24563.632239631337      -583265.5510282358       0.4368069131588675       1.2984990260360698
0.15976660293191777       0.1529748226174541       0.3088249402747448       0.6307055770376729       -96995.06481505258       -506107.75415466836      0.4368069131588675       1.29849902603607
0.16022487081207876       0.15642780498474532      0.3473042769868969       0.6025336560942773       -67832.31888821236       -527458.7087953137       0.43680691315886755      1.2984990260360698
0.15791195939263208       0.16733744696244154      0.4911672417633134       0.5090260013747218       41198.6428833205         -598326.3538693492       0.43680691315886755      1.2984990260360698
0.1601896388553391        0.16476759194436064      0.45672259094463286      0.5509094582558398       15093.707450618991       -566583.6910293197       0.4368069131588675       1.2984990260360698
0.16235201763052867       0.16025232916576868      0.4065416724217373       0.600312525886516        -22937.441272288022      -529142.0604706276       0.4368069131588675       1.2984990260360698
0.16368443178083303       0.150577666046306        0.32641383539606617      0.6829469876536342       -83664.7809956087        -466514.9982802701       0.4368069131588675       1.2984990260360698
0.16373009930838558       0.1553406594340136       0.3639839375778666       0.6461818021272625       -55191.12635417471       -494378.62213842553      0.4368069131588675       1.2984990260360698
0.16662163274539085       0.1577407175997959       0.40274884163069447      0.6579296602772324       -25811.954456600477      -485475.14739885356      0.43680691315886755      1.2984990260360698
0.16776835900483758       0.14753634731131923      0.34130683138736145      0.7290894209236586       -72377.66704578763       -431544.53951259237      0.4368069131588675       1.2984990260360698
0.16064273109563754       0.16854079576008568      0.5129120064783591       0.5499777644341325       57678.579982224146       -567289.803777762        0.4368069131588675       1.2984990260360698
0.1643233179957366        0.1653882911405635       0.47652923616202897      0.6044869124440856       30104.78122402879        -525978.3735419916       0.4368069131588675       1.2984990260360698
0.16795972812460286       0.16194967639544855      0.4484920164337816       0.6541054552049949       8855.914032104098        -488373.438544776        0.4368069131588675       1.2984990260360698
0.16838129375454347       0.1533245917553985       0.3778112061540115       0.6952668920906319       -44711.706623923834      -457177.9807108989       0.4368069131588675       1.29849902603607
0.17023807632203108       0.15776234892681265      0.4185912984621556       0.6881631443356965       -13805.262478281318      -462561.7738998318       0.43680691315886755      1.2984990260360698
0.17262685103160746       0.14412102647463465      0.36144534804870504      0.7672431303196218       -57115.074316305145      -402628.5802380247       0.4368069131588675       1.2984990260360698
0.1721100914825615        0.14959061178849603      0.37692100941871065      0.7358022714761326       -45386.3695322447        -426456.99976181425      0.43680691315886755      1.2984990260360698
0.1648815214583883        0.17023676257885623      0.5373348158819938       0.6065183354129872       76188.15541450835        -524438.7973181292       0.4368069131588675       1.2984990260360698
0.1699142708099232        0.16658259099886127      0.49819715814152477      0.6651052350214008       46526.48069815392        -480036.9179223785       0.4368069131588675       1.2984990260360698
0.1744359081657861        0.16170955847861496      0.4599700256762084       0.7111936590757593       17554.875497755038       -445107.3916958711       0.4368069131588675       1.29849902603607
0.17451636563776446       0.15472379118104607      0.41321889955875496      0.7275744439528884       -17876.8998198893        -432692.71129148983      0.4368069131588675       1.2984990260360698
0.1781877637371018        0.14843028958442672      0.39650593225258796      0.7625535334023121       -30543.334869935625      -406182.7351451597       0.4368069131588675       1.2984990260360698
0.1706376280950222        0.17270034270998974      0.5620351171049836       0.6739271702499111       94908.03653592551        -473350.94364021695      0.4368069131588675       1.2984990260360698
0.1747025317364408        0.16835104144082924      0.5158962095470665       0.7099416136046632       59940.249837342126       -446056.2927706366       0.43680691315886755      1.2984990260360698
0.18074510788521772       0.16636069602922057      0.49544703082123775      0.7573795444689516       44442.21233074564        -410104.00140347914      0.4368069131588675       1.2984990260360698
0.18234715826575237       0.15695900614621908      0.4381881106407373       0.7649143492417959       1046.782888693552        -404393.51842809527      0.4368069131588675       1.29849902603607
0.187663509937057         0.16393858956104124      0.469852580653768        0.7979568481566887       25044.6729980218         -379351.2468356489       0.43680691315886755      1.2984990260360698
0.17851304788740371       0.17463952818438092      0.5666859378144916       0.7538185784796517       98432.80370427007        -412802.7887338561       0.4368069131588675       1.29849902603607
0.18590952189824916       0.17045309216815965      0.5143465492409933       0.8012528661631624       58765.79222865238        -376853.25846302893      0.43680691315886755      1.2984990260360698
0.19476500126505916       0.16886262930715526      0.47558844089040625      0.849614601977828        29391.770662522864       -340200.833170608        0.4368069131588675       1.2984990260360698
0.18924435805650006       0.1798074522421695       0.5709677079083395       0.8619635856863065       101677.87454055077       -330841.7769831527       0.4368069131588675       1.29849902603607
0.2043277890634621        0.17789334617783403      0.47016622099309613      0.9468445149995641       25282.374952103157       -266512.16043820645      0.4368069131588675       1.29849902603607
0.19788025112558366       0.18962034163511576      0.5937948030990436       0.993032451408648        118978.08899783554       -231507.21572049297      0.4368069131588675       1.2984990260360698
0.21546276092279745       0.18398564944408066      0.4061489442898468       1.043609385796859        -23235.08233648614       -193175.9342237395       0.43680691315886755      1.2984990260360698
0.2079910642341057        0.1897320586546026       0.5029331242604302       1.0636610248997784       50115.77792738983        -177979.18431743304      0.4368069131588675       1.2984990260360698
0.20436458273463448       0.19673594176986905      0.5868778309038538       1.1142994843845302       113735.84939738952       -139601.2741385906       0.43680691315886755      1.2984990260360698
0.19849236791337416       0.09456991567348656      0.7777166628392999       0.8015744895847788       89780.07682447994        -302679.74568434356      0.6592546423272841       1.2009510050663703
0.1964122733931592        0.08744837826129705      1.0028009569940224       0.8528167772949894       260367.11504864338       -263844.2057585479       0.6592546423272841       1.2009510050663703
0.20436259078138294       0.09098808761984148      0.7672105417885291       0.658023547560974        81817.69064375634        -411474.2314395178       0.6592546423272841       1.2009510050663703
0.19316201607078487       0.09441099272579331      0.7675301198819371       0.9215070945074629       82059.89270694571        -211785.14134466462      0.6592546423272841       1.2009510050663703
0.19635894583396574       0.10100320450354054      0.6768107397148029       0.8462215327744484       13305.427050601551       -268842.6141697091       0.6592546423272841       1.2009510050663703
0.18967932321939265       0.10122625323024223      0.6520607993381459       0.9205508469001628       -5452.074626420635       -212509.86293286303      0.6592546423272841       1.2009510050663703
0.19257002706214543       0.10739220291599992      0.6082423996904996       0.872544695945442        -38661.19320879704       -248892.79732933678      0.6592546423272841       1.2009510050663703
0.18595764013263855       0.10791087098295528      0.5813445629482207       0.9149706254400914       -59046.544046951785      -216739.00497532877      0.6592546423272841       1.2009510050663703
0.17783597868926          0.1208278307495133       0.5167940112510725       0.882712097711849        -107968.16015128559      -241187.11995064662      0.6592546423272841       1.2009510050663703
0.18094703545017854       0.1254539850691703       0.5185285238199459       0.8819705663094467       -106653.60658370834      -241749.11227517138      0.6592546423272841       1.2009510050663703
0.1739386537906137        0.1263738292428817       0.5681093408407016       0.8834234424097839       -69077.26319614612       -240648.00554627262      0.6592546423272841       1.2009510050663703
0.2053785364187728        0.10131655711133011      0.6500655978228831       0.7466941251913957       -6964.199310318318       -344272.513645731        0.6592546423272841       1.2009510050663703
0.21427084925610862       0.09539952851424074      0.6377472339976625       0.632780881529852        -16300.04927978618       -430605.1603712844       0.6592546423272841       1.2009510050663703
0.18977981682857054       0.1141595595362154       0.5618551020398521       0.8745249978871598       -73817.22996010953       -247391.9647443899       0.6592546423272841       1.2009510050663703
0.18200642033529638       0.11444939037291267      0.5367323963076523       0.9018697012813487       -92857.24329878902       -226667.94230359505      0.6592546423272841       1.2009510050663703
0.1857691184127652        0.12080678909191106      0.5329093337390727       0.87643874336378         -95754.66856326074       -245941.5740185619       0.6592546423272841       1.2009510050663703
0.26445886911407246       0.12576979067467792      0.028843873992816273     0.6670835158813079       -477776.14266090596      -404607.8564755317       0.6592546423272841       1.2009510050663703
0.26355479516764807       0.11734215495925246      0.12903071578273437      0.49954038970473186      -401846.47073885286      -531585.5551044422       0.6592546423272841       1.2009510050663703
0.27406363729278027       0.12202099292274005      -0.4444313206225825      0.609263233946536        -836462.2696409987       -448428.7311464172       0.6592546423272841       1.2009510050663703
0.21605598999779813       0.10699503682569311      0.5528702567616562       0.6983869627499223       -80626.67062173226       -380883.57883289113      0.6592546423272841       1.2009510050663703
0.22590655033329238       0.1005800764074784       0.5263335452668859       0.6046479914436361       -100738.33161123795      -451926.53427929495      0.6592546423272841       1.2009510050663703
0.17989100414854298       0.13069846491950524      0.5048022249225262       0.884632871984524        -117056.50334504712      -239731.40223607537      0.6592546423272841       1.2009510050663703
0.22791539176486955       0.11271373840055961      0.4553314130906672       0.6736831730580572       -154549.47592509186      -399606.10379747656      0.6592546423272841       1.2009510050663703
0.2382451188901193        0.10607356106462368      0.41686500659788167      0.5815342581699159       -183702.42228846802      -469443.9862022483       0.6592546423272841       1.2009510050663703
0.25278929880698986       0.12349573660274202      0.21063905229199675      0.6681388993391721       -339997.0890581105       -403808.0017413578       0.6592546423272841       1.2009510050663703
0.25114092921436376       0.1118151457412753       0.2897570381992322       0.5552426423639446       -280035.0959885323       -489369.89390412136      0.6592546423272841       1.2009510050663703
0.24022940426173378       0.11817370700637016      0.3480749270483563       0.6627532732805652       -235837.09465033308      -407889.6636883665       0.6592546423272841       1.2009510050663703
0.2696387814065717        0.13151018044843124      -0.046636337825873765    0.8521218822073187       -534981.1370255146       -264370.8533210863       0.6592546423272841       1.2009510050663703
0.18752990463753968       0.12873375810591342      0.5166237893310434       0.8677405452227164       -108097.16805602466      -252533.7703525762       0.6592546423272841       1.2009510050663703
0.18714821162981998       0.13597113478921166      0.5045360514609667       0.8648737882039897       -117258.23106946191      -254706.4301153084       0.6592546423272841       1.2009510050663703
0.25945735897249667       0.1327776258285216       0.12166317817567031      0.7867890790055599       -407430.1851606609       -313885.32272875245      0.6592546423272841       1.2009510050663703
0.26490561459621          0.1408013329319157       0.11223759749868834      0.9102254168561861       -414573.6506666282       -220335.30689023648      0.6592546423272841       1.2009510050663703
0.19596461890042471       0.13264037082863064      0.5074633254918343       0.8532505379951081       -115039.7066323327       -263515.4669035818       0.6592546423272841       1.2009510050663703
0.19629838257619076       0.1426191231202691       0.4994881183825168       0.8637675621926181       -121083.96203056855      -255544.8174385779       0.6592546423272841       1.2009510050663703
0.2546699485456609        0.14108176083842855      0.20075245219919635      0.8567406895949873       -347489.9522730723       -260870.34843091105      0.6592546423272841       1.2009510050663703
0.25982465882488387       0.14997048598485152      0.2038528341928804       0.9393619293042926       -345140.23265512986      -198253.30698273785      0.6592546423272841       1.2009510050663703
0.20705563708062882       0.13751714595721506      0.4791756119724491       0.8477399311448078       -136478.41822936884      -267691.8493781595       0.6592546423272841       1.2009510050663703
0.20748880012500434       0.1507494373756197       0.4763574247182118       0.891041854297959        -138614.2679058948       -234874.1583533529       0.6592546423272841       1.2009510050663703
0.254404435492872         0.15899177086111402      0.2629609221117113       0.9551030850849308       -300343.3547075476       -186323.38911384213      0.6592546423272841       1.2009510050663703
0.2501524029160831        0.1483092243303401       0.25232435010469917      0.8945948520003643       -308404.60714787553      -232181.41003367692      0.6592546423272841       1.2009510050663703
0.2198567136701071        0.1456735524674332       0.4226235333753558       0.8710319692723295       -179338.14609055352      -250039.2636511121       0.6592546423272841       1.2009510050663703
0.22003189741562074       0.15986253099016132      0.4241297177136382       0.9456691836571395       -178196.63807795718      -193473.1607561024       0.6592546423272841       1.2009510050663703
0.23317893310060114       0.1548771588675543       0.34948377437244776      0.9170128754267993       -234769.35648037624      -215191.22316383393      0.6592546423272841       1.2009510050663703
0.23233717576859483       0.16880283903254076      0.34417813487279564      1.0070488646432727       -238790.39815958217      -146954.68630683233      0.6592546423272841       1.2009510050663703
0.24871320785348205       0.1677550006385221       0.29213422186815613      0.9569589178227877       -278233.4744097391       -184916.8893339293       0.6592546423272841       1.2009510050663703
0.24486076098557302       0.15711576488762713      0.29298087838105696      0.9294027437881928       -277591.8097948385       -205801.18128776897      0.6592546423272841       1.2009510050663703
0.2427050983124842        0.17633557568774194      0.24546312616353919      0.9343891794569565       -313604.59622357105      -202022.05802541896      0.6592546423272841       1.2009510050663703
0.24042504907273243       0.1648919139802384       0.305478057252608        0.9643302393338224       -268120.439356215        -179330.3071644017       0.6592546423272841       1.2009510050663703
0.19890499874818324       0.10710265836813185      0.6151824917425877       0.8207499043560393       -33401.43151545145       -288147.06927156524      0.6592546423272841       1.2009510050663703
0.1965885238007552        0.11263514551296952      0.5776537980147403       0.8395250738767475       -61843.70348958827       -273917.73100199865      0.6592546423272841       1.2009510050663703
0.20536018639388262       0.11334331789784638      0.560377805786022        0.7884145508984393       -74936.84425157719       -312653.4089829969       0.6592546423272841       1.2009510050663703
0.19651555453574593       0.12121621071774132      0.5363042956734402       0.8428957147099807       -93181.6924991492        -271363.18743058696      0.6592546423272841       1.2009510050663703
0.25055584332666403       0.13374436887443156      0.22405735034651358      0.7823770969427726       -329827.62018545944      -317229.0787007782       0.6592546423272841       1.2009510050663703
0.21763837120207996       0.1195077004698616       0.4846340730009601       0.7535707497455818       -132341.55606574033      -339060.85274294147      0.6592546423272841       1.2009510050663703
0.20725022874474056       0.12606504852624062      0.5013023554935182       0.814618420623549        -119708.98677267978      -292794.0023406765       0.6592546423272841       1.2009510050663703
0.2298951203872424        0.12541494661590194      0.3978411782994968       0.7463553872457034       -198120.21424189393      -344529.2365908248       0.6592546423272841       1.2009510050663703
0.24139056650681792       0.1295291136131184       0.3073825569711593       0.7507002279621072       -266677.05581181234      -341236.36574814585      0.6592546423272841       1.2009510050663703
0.2447271800872743        0.13957828737395855      0.27623056578190924      0.8271246909418767       -290286.5481209757       -283315.7416701751       0.6592546423272841       1.2009510050663703
0.21942312018898846       0.1326588009420768       0.4388388962578107       0.8099347448002607       -167048.83582021284      -296343.6697650399       0.6592546423272841       1.2009510050663703
0.2330666989461126        0.13988341254248668      0.35425697880142915      0.8315974679664155       -231151.83705532618      -279925.9103711122       0.6592546423272841       1.2009510050663703
0.24167423584546782       0.1479100981723926       0.30161493102993797      0.8802243425272591       -271048.22809014766      -243072.54154507504      0.6592546423272841       1.2009510050663703
0.21358437296840643       0.05082015838583246      1.087500365804642        0.4381442237605988       -105366.5285332324       -130512.29476296478      1.2265282248338323       0.6103511396613986
0.21030173415776823       0.044701013525818255     1.218345686504891        0.46075025285875754      -6201.387724237749       -113379.62202653056      1.2265282248338323       0.6103511396613986
0.2187747763548286        0.046502014242110416     1.0608668761964426       0.3503494480282878       -125551.53578528755      -197050.2592174489       1.2265282248338323       0.6103511396613986
0.20861355892316064       0.05201329669818059      1.0930786679807456       0.49940752544813116      -101138.8410790079       -84082.02193581795       1.2265282248338323       0.6103511396613986
0.21289379052366392       0.05772568455353381      1.0380979841438764       0.4847204630614581       -142807.6392085814       -95213.0627850468        1.2265282248338323       0.6103511396613986
0.20667246806660772       0.05925783444623142      1.0495139289614048       0.5205691468353789       -134155.71517156236      -68044.03789953391       1.2265282248338323       0.6103511396613986
0.2847514161499473        0.06819358677868628      0.5387198001755651       0.3404078587954945       -521276.71754577477      -204584.79763929758      1.2265282248338323       0.6103511396613986
0.2821581766348898        0.059974571872594945     0.5858100474945915       0.24664836272755022      -485587.9288208084       -275643.3084060521       1.2265282248338323       0.6103511396613986
0.2934442802201417        0.062373507245327794     0.2889690056464623       0.3570277752331168       -710558.0198811796       -191988.88404490793      1.2265282248338323       0.6103511396613986
0.29108371715148706       0.07259662257483496      0.5196598460658445       0.4310806409701118       -535721.8885537115       -135865.64770127364      1.2265282248338323       0.6103511396613986
0.22149209016553145       0.05607046130659697      0.9943242076202508       0.42892305423598576      -175982.93878731917      -137500.84100549103      1.2265282248338323       0.6103511396613986
0.2293501822442128        0.04874988615622282      0.9615046708851933       0.3424195726694914       -200856.23165098796      -203060.15855771108      1.2265282248338323       0.6103511396613986
0.2112110094604865        0.06467823084594429      1.0157550577618206       0.5221741447734614       -159740.91147925975      -66827.64096859051       1.2265282248338323       0.6103511396613986
0.20448707906258112       0.06640809059484887      1.0363060757112406       0.5429020311826904       -144165.69199249582      -51118.3762929899        1.2265282248338323       0.6103511396613986
0.23310338009017378       0.05954674136243915      0.8996268975301086       0.409049380936531        -247752.20068423418      -152562.7140674036       1.2265282248338323       0.6103511396613986
0.24180674530638413       0.05139761037094376      0.8657622470509625       0.3270529185330079       -273417.56506440294      -214706.2488653534       1.2265282248338323       0.6103511396613986
0.24490658899779338       0.06268870174621904      0.8119482700361585       0.3908383718615169       -314202.1386326872       -166364.48603397436      1.2265282248338323       0.6103511396613986
0.2550211250444592        0.054206413492670996     0.7750360214097793       0.30798084878002396      -342177.2187732837       -229160.60208526204      1.2265282248338323       0.6103511396613986
0.27219480205492774       0.06824795881264761      0.6325065510004818       0.3471297998514461       -450197.55092523474      -199490.36837154976      1.2265282248338323       0.6103511396613986
0.2688373226185425        0.057143136944371856     0.6842946213906668       0.28375924843905065      -410948.3728500492       -247517.68505603462      1.2265282248338323       0.6103511396613986
0.25810563068866554       0.06566977469854844      0.7227497312820542       0.3677626560481078       -381803.9879626382       -183853.1252582023       1.2265282248338323       0.6103511396613986
0.2814412996891634        0.07646822762292656      0.5802140312798751       0.39352212158317523      -489829.041402687        -164330.52396624375      1.2265282248338323       0.6103511396613986
0.28837903155094813       0.08268938360960952      0.5857484794048124       0.42622901468590113      -485634.5900866421       -139542.60153540075      1.2265282248338323       0.6103511396613986
0.2088001308824001        0.07121689957947011      1.0142418088159568       0.5586123393482404       -160887.77362146383      -39211.83723563631       1.2265282248338323       0.6103511396613986
0.20205204686402012       0.07348449059536168      1.0487397673928303       0.5661919371861553       -134742.43726865985      -33467.40646157538       1.2265282248338323       0.6103511396613986
0.2853166687048415        0.09270597909073411      0.5967418295135256       0.4057871383810807       -477302.94241549197      -155035.10467818764      1.2265282248338323       0.6103511396613986
0.2777274817576232        0.08556510595685193      0.5948113688248672       0.41460453439145467      -478766.0012776088       -148352.57058176017      1.2265282248338323       0.6103511396613986
0.20648989749970248       0.0783003280497326       1.030633601107639        0.6064278293349191       -148464.75091024072      -2973.401103536618       1.2265282248338323       0.6103511396613986
0.1993576257321954        0.08050799377963583      1.1010950226046725       0.5962599834586962       -95063.40077436242       -10679.415064476741      1.2265282248338323       0.6103511396613986
0.2035101005020031        0.08402483501527672      1.0659096638011165       0.674549629001049        -121729.70447935234      48654.79484494141        1.2265282248338323       0.6103511396613986
0.1964122733931592        0.08744837826129705      1.3390350707444214       0.6788986003128296       85266.76503975457        51950.79618605913        1.2265282248338323       0.6103511396613986
0.2818936949637894        0.10264475018071757      0.5632283885419821       0.3696219762697746       -502702.13189472817      -182443.98238168328      1.2265282248338323       0.6103511396613986
0.2749304038148093        0.0949421732873363       0.5727132189877707       0.42421051006932503      -495513.76213360537      -141072.38718960015      1.2265282248338323       0.6103511396613986
0.20436259078138294       0.09098808761984148      1.0133834774332433       0.7846190950876095       -161538.28639465314      132074.31680285497       1.2265282248338323       0.6103511396613986
0.2720563011681083        0.10436545474496456      0.5061532490521972       0.43139990142576706      -545958.2775016744       -135623.6863696007       1.2265282248338323       0.6103511396613986
0.2781514535824174        0.1123911423110745       0.4519896715070793       0.3045083094437026       -587007.8065580872       -231792.37256362676      1.2265282248338323       0.6103511396613986
0.21250007482703748       0.08469175964308143      0.9641762516475323       0.6594060942137032       -198831.49220243824      37177.80238165501        1.2265282248338323       0.6103511396613986
0.21427084925610862       0.09539952851424074      0.8903802326955281       0.747791643076576        -254760.06932965093      104163.50237887626       1.2265282248338323       0.6103511396613986
0.2246998608423689        0.0890744785284448       0.8450260186338139       0.6434683266275464       -289133.1519866497       25098.876223623356       1.2265282248338323       0.6103511396613986
0.22590655033329238       0.1005800764074784       0.7798084850150834       0.7187422422387635       -338560.260804187        82147.52267794429        1.2265282248338323       0.6103511396613986
0.2382451188901193        0.10607356106462368      0.6697868296169024       0.6963533520154942       -421943.5479650137       65179.41529996748        1.2265282248338323       0.6103511396613986
0.2374189948019512        0.0933518050347032       0.7380500621451436       0.6138710356631502       -370208.16278262786      2667.6611802293046       1.2265282248338323       0.6103511396613986
0.26212822225105387       0.10683679890815277      0.4995355691316929       0.5405347462866142       -550973.6892690469       -52912.49578307243       1.2265282248338323       0.6103511396613986
0.26355479516764807       0.11734215495925246      0.37048156562355866      0.6401307828283538       -648781.2253838963       22569.41625492234        1.2265282248338323       0.6103511396613986
0.25114092921436376       0.1118151457412753       0.5415005703912051       0.6719692950920626       -519169.22551995656      46699.209623785166       1.2265282248338323       0.6103511396613986
0.25173048360338          0.09870263304707316      0.6204442878628331       0.5735992352331266       -459339.307131101        -27853.558370478186      1.2265282248338323       0.6103511396613986
0.27406363729278027       0.12202099292274005      0.044907728645957046     0.19678739221420097      -895527.3467952304       -313431.97471347486      1.2265282248338323       0.6103511396613986
0.2696661966272655        0.11181770147789072      0.40411023304512195      0.47571339394380746      -623294.7080042048       -102039.3464652586       1.2265282248338323       0.6103511396613986
0.2172091210446561        0.0629396375694953       0.9912741118719651       0.4915874985760212       -178294.5474313347       -90008.66923014066       1.2265282248338323       0.6103511396613986
0.27260052444247185       0.07947379023439605      0.6152082393547538       0.40477731140592016      -463307.6071421954       -155800.4330342083       1.2265282248338323       0.6103511396613986
0.22554478434929906       0.06620272367577903      0.9267621878592397       0.4806843150917462       -227186.88835987754      -98271.98135852288       1.2265282248338323       0.6103511396613986
0.2164417644362401        0.07001147826325693      0.9722644801035963       0.5360780222129875       -192701.58010891863      -56290.16086075967       1.2265282248338323       0.6103511396613986
0.23446511420909089       0.07139285196332615      0.8488184330069221       0.4828288632216829       -286258.95439744537      -96646.66976053287       1.2265282248338323       0.6103511396613986
0.24703446756037978       0.07401380600257901      0.7601017011469421       0.4530689951946909       -353495.6515901789       -119201.0988189054       1.2265282248338323       0.6103511396613986
0.2606394778558905        0.07771863119280212      0.6722173858297699       0.4259641680549672       -420101.47636624903      -139743.32368051677      1.2265282248338323       0.6103511396613986
0.2678766901369892        0.08704987390197959      0.6120449988464101       0.4406420556839529       -465704.9660140593       -128619.23620289554      1.2265282248338323       0.6103511396613986
0.21284853477555835       0.07617286747375983      0.9813992977215097       0.5852517618878289       -185778.47830828128      -19022.333529497544      1.2265282248338323       0.6103511396613986
0.2225252395105798        0.07815771265798155      0.9049880381533797       0.5725714478509134       -243689.09577564202      -28632.49857203392       1.2265282248338323       0.6103511396613986
0.23569191996007124       0.08191720644328367      0.8000100497313913       0.546764844368303        -323249.8851718478       -48190.8248037956        1.2265282248338323       0.6103511396613986
0.2485207191896616        0.0849503608276298       0.7083089781049102       0.5111065234137774       -392748.35582031653      -75215.57738603404       1.2265282248338323       0.6103511396613986
0.25868607148368433       0.08910427848802395      0.6376176515920636       0.4867164019670823       -446323.94652623404      -93700.37924723965       1.2265282248338323       0.6103511396613986
0.2646076209787571        0.09696031138435798      0.5721518862857318       0.4835309603236872       -495939.1853443131       -96114.56393046393       1.2265282248338323       0.6103511396613986
0.21851181133424072       0.004282343309043922     1.165939186282468        0.0651583272841442       -144793.84574514526      -93368.5527550247        1.3569901647552118       0.1883552302369728
0.21491495285989048       0.006046737734600284     1.175360644508224        0.11486434667686246      -137653.50456532184      -55697.32090848793       1.3569901647552118       0.1883552302369728
0.215                     0                        1.2853150608767012       0.0724015258995418       -54321.176566143055      -87879.07245294424       1.3569901647552118       0.1883552302369728
0.22153211244559606       0                        1.1402513478152787       -0.004349801732695419    -164262.16226609424      -146047.42093644958      1.3569901647552118       0.1883552302369728
0.2939637464633294        0.005695521308060831     0.6457960726736334       0.0760723363165191       -539000.2631073133       -85097.03615287202       1.3569901647552118       0.1883552302369728
0.2912906773310885        0                        0.6570795510192222       -0.00702960280093252     -530448.7328503093       -148078.39039603472      1.3569901647552118       0.1883552302369728
0.3                       0                        0.42810076145456005      0.13939180210520716      -703987.3339094279       -37108.43627569174       1.3569901647552118       0.1883552302369728
0.2998812590844032        0.008439813383774915     0.6493817224665989       0.1657038044653781       -536282.7683989948       -17167.077998230696      1.3569901647552118       0.1883552302369728
0.21916489477957016       0.010056606925302572     1.1271741291170236       0.10860066093372793      -174173.1336838135       -60444.44732750743       1.3569901647552118       0.1883552302369728
0.2146079215352673        0.01297844421772086      1.1356144115118547       0.1408310352053642       -167776.4067112951       -36017.66931306571       1.3569901647552118       0.1883552302369728
0.22605776214855489       0.006570620482116464     1.0877103579660172       0.059417363007624194     -204081.96345395627      -97719.5186727492        1.3569901647552118       0.18835523023697281
0.2295509208830046        0                        1.0644649748580886       -4.1814484640773086E-5   -221699.19024296445      -142782.4806254746       1.3569901647552118       0.1883552302369728
0.2854750206316411        0.006764437927800289     0.7126546066486551       0.05109363681104926      -488329.4718215889       -104027.90995431301      1.3569901647552118       0.1883552302369728
0.280598976163982         0                        0.7400139155144415       -7.439201018661171E-4    -467594.3801760278       -143314.59290906508      1.3569901647552118       0.1883552302369728
0.29279717610388334       0.013082256066939166     0.7005715008462391       0.1130301049410279       -497487.02428043104      -57087.45728507615       1.3569901647552118       0.1883552302369728
0.2994353494911259        0.01839759427553535      0.724315868376901        0.14938943390219378      -479491.626837119        -29531.424277105416      1.3569901647552118       0.1883552302369728
0.21999265260132395       0.017608775662666443     1.0999626359063719       0.14657954094166295      -194796.19869994093      -31660.98786866541       1.3569901647552118       0.1883552302369728
0.2139941503003111        0.020772665626919984     1.1211308329098417       0.169146833898323        -178753.23113115397      -14557.672505544653      1.3569901647552118       0.1883552302369728
0.23568465716482073       0.008011281799242511     1.0133866768257196       0.0581507837245673       -260410.44555997665      -98679.43464282679       1.3569901647552118       0.1883552302369728
0.23967574978801798       0                        0.9884381410713704       1.1819932281777652E-4    -279318.45883716503      -142661.2092520461       1.3569901647552118       0.1883552302369728
0.27446566242157894       0.009353719059925087     0.7798054231214806       0.05350695158770283      -437437.16527727054      -102198.90530697431      1.3569901647552118       0.1883552302369728
0.2671008608529225        0                        0.8197740050526505       -5.093693207023353E-4    -407145.74916908424      -143136.8314032161       1.3569901647552118       0.1883552302369728
0.246589934079709         0.009500254868112823     0.9397928354592584       0.060950406569967995     -316185.79620089615      -96557.65457311955       1.3569901647552118       0.1883552302369728
0.2524588760866141        0                        0.905487653351679        -4.0065216400384886E-5   -342185.03099179553      -142781.15488886865      1.3569901647552118       0.1883552302369728
0.26030964818368396       0.010052364217382715     0.857158159476994        0.0581203520641681       -378813.02074077463      -98702.49821034596       1.3569901647552118       0.1883552302369728
0.29009797024321665       0.02322635326954725      0.7364008824142427       0.12305027960382083      -470332.628163891        -49493.360483992066      1.3569901647552118       0.1883552302369728
0.2985547833257674        0.02941158535856111      0.7458929906140277       0.1282068267229242       -463138.7427336105       -45585.313039746485      1.3569901647552118       0.1883552302369728
0.21933108988885716       0.024875286340662023     1.095394388890963        0.1842980582608914       -198258.3848607368       -3074.8522617488634      1.3569901647552118       0.1883552302369728
0.21306443157012356       0.028784509717903747     1.1270662218969638       0.19948516213038084      -174254.9144812793       8435.160367200151        1.3569901647552118       0.1883552302369728
0.28860062957848465       0.03408536499236444      0.7344145665486584       0.13202536620770777      -471838.0185855557       -42691.31573310415       1.3569901647552118       0.1883552302369728
0.29725876553480785       0.04046265330798246      0.7285355843856768       0.1030199921995895       -476293.5855931157       -64673.92835034799       1.3569901647552118       0.1883552302369728
0.21841363211861345       0.033074984274605236     1.1054462090975121       0.2316204486304476       -190640.30451338785      32789.87319653289        1.3569901647552118       0.1883552302369728
0.21183409208948564       0.0367602697028094       1.161221451722217        0.23455209378393926      -148369.32562828515      35011.71042305479        1.3569901647552118       0.1883552302369728
0.28778092638557434       0.044594582105732763     0.6967489811436142       0.14082566536789778      -500384.0381172832       -36021.73900914373       1.3569901647552118       0.1883552302369728
0.29555674296246154       0.05144134222025415      0.6565052864370237       0.06943438632040701      -530883.9568831641       -90127.81021895805       1.3569901647552118       0.1883552302369728
0.216726858988888         0.03973510392985013      1.1306037082920926       0.28777386546524963      -171573.92188173134      75347.46300966808        1.3569901647552118       0.1883552302369728
0.21030173415776823       0.044701013525818255     1.2842416863604051       0.3045712091818581       -55134.6663759402        88077.84531115298        1.3569901647552118       0.1883552302369728
0.2872652060360286        0.053140400133005264     0.6333590255621864       0.1705488966229758       -548426.0608466162       -13495.076252433302      1.3569901647552118       0.1883552302369728
0.2934442802201417        0.062373507245327794     0.3976017802963197       0.04327879707176953      -727101.9225313351       -109950.62602087182      1.3569901647552118       0.1883552302369728
0.2187747763548286        0.046502014242110416     1.0976837784098965       0.3678830088649034       -196523.30077216052      136060.63519496509       1.3569901647552118       0.1883552302369728
0.22535328808059496       0.03869995481296075      1.0534529676745934       0.27725104284002094      -230044.97775066303      67372.41902831392        1.3569901647552118       0.18835523023697281
0.2293501822442128        0.04874988615622282      1.0002161868845973       0.35188667263784046      -270392.1054507941       123937.32099545549       1.3569901647552118       0.1883552302369728
0.2375994734957907        0.040496289864166195     0.95917994137129         0.2715921754890287       -301492.6831621059       63083.67278444839        1.3569901647552118       0.1883552302369728
0.24180674530638413       0.05139761037094376      0.9047344593407386       0.335668705222784        -342755.8621820261       111646.03680017206       1.3569901647552118       0.1883552302369728
0.2821581766348898        0.059974571872594945     0.6206658473851417       0.2724453249496951       -558045.9753724389       63730.25827902573        1.3569901647552118       0.1883552302369728
0.27820847028216955       0.049790767802592506     0.6967590195445464       0.21112429862209303      -500376.43020714447      17256.237062329936       1.3569901647552118       0.1883552302369728
0.2688373226185425        0.057143136944371856     0.7224134440369193       0.293992383311717        -480933.4374921971       80060.35755238454        1.3569901647552118       0.1883552302369728
0.25064109373229226       0.04197370564616066      0.871740982910941        0.25372536742232726      -367760.9805800652       49542.76411259282        1.3569901647552118       0.1883552302369728
0.2550211250444592        0.054206413492670996     0.8138979799988859       0.3168085033188091       -411599.07504069596      97352.25413003504        1.3569901647552118       0.1883552302369728
0.2659581309409016        0.04365862734000513      0.7811663002220772       0.22584051657043422      -436405.7828129823       28409.374348502188       1.3569901647552118       0.18835523023697281
0.22447052694351552       0.013869873213009472     1.0821565269794182       0.11574867274494323      -208291.1046664048       -55027.107265439954      1.3569901647552118       0.1883552302369728
0.23037133203589533       0.013680394283650772     1.0439357823879267       0.10367771834686937      -237257.86862063664      -64175.450409679535      1.3569901647552118       0.1883552302369728
0.2810870248519476        0.017145814137003185     0.753348947435765        0.09551375647656268      -457488.01709713804      -70362.75939478935       1.3569901647552118       0.1883552302369728
0.22722150913351621       0.02134256535983122      1.0532792695317539       0.1572241599980495       -230176.62021751437      -23593.63672507443       1.3569901647552118       0.18835523023697281
0.2794909653423249        0.0278595165804056       0.7594373982843198       0.1323458425648231       -452873.6978194258       -42448.43289320422       1.3569901647552118       0.1883552302369728
0.2384392871379411        0.018677805904609275     0.984529416717346        0.12679131423931495      -282280.8055139586       -46658.10260534029       1.3569901647552118       0.18835523023697281
0.2682642292603144        0.02118391601617488      0.8095788984309743       0.11332866107846906      -414872.42352236377      -56861.18735619909       1.3569901647552118       0.18835523023697281
0.25297832640096474       0.020276295360083508     0.8925540716277302       0.12172841361857574      -351987.14272155496      -50495.17717759584       1.3569901647552118       0.1883552302369728
0.22468613325678505       0.029723543553609028     1.0622398491587066       0.21154499156439283      -223385.57002419038      17575.07211609606        1.3569901647552118       0.1883552302369728
0.23311114706234354       0.030624926979985905     1.0051636488647342       0.21082533913295617      -266642.5195941369       17029.6614409949         1.3569901647552118       0.1883552302369728
0.2784203666392163        0.03895749933195751      0.7408081355442523       0.16792324399074762      -466992.4561586611       -15485.007658439785      1.3569901647552118       0.1883552302369728
0.2701276233968467        0.03262427298908054      0.7877706500942729       0.1634194465039279       -431400.4736317048       -18898.348766593175      1.3569901647552118       0.1883552302369728
0.24528319609196486       0.03077811254214201      0.9258297721054373       0.194810158007824        -326768.1321697815       4892.065057295821        1.3569901647552118       0.1883552302369728
0.2584071002979107        0.0314891662020425       0.847763331780468        0.17807689298656768      -385933.17915695923      -7789.753238893027       1.3569901647552118       0.1883552302369728
