% Model:              
% Version:            COMSOL 5.4.0.388
% Date:               Sep 5 2019, 17:13
% Dimension:          2
% Nodes:              140
% Expressions:        1
% Description:        Magnetic flux density norm
% Length unit:        m
% x                       y                        mfnc.normB (T)
0.004361430620653731      0.11595139966015874      0.0011807497531169768
0                         0.11900000000000005      9.7916390738271E-4
0                         0.11300000000000004      0.001101646290711603
0.07543930855878614       0.07543930855878614      0.6358771551120523
0.07107598224572871       0.07714591676703154      0.5752450118192414
0.07141778489984131       0.07141778489984131      0.6619774974972608
0.06661733326360658       0.07591528771496275      0.5482222969711443
0.07910936793496492       0.07910936793496492      0.6273822734256093
0.08208525951745899       0.08208525951745899      0.6277256085220561
0.07774789534394617       0.08299623484352875      0.5838358242308493
0.07396235431229231       0.08060214019953504      0.5657083361812095
0.004768654324888339      0.11038444706850102      0.0011866571822585958
0                         0.10700000000000004      8.338179630772753E-4
0.00394411283171445       0.10515874172734908      8.238377369192941E-4
0                         0.10100000000000003      2.001339075949685E-4
0.0065746336316188266     0.10078578368306707      9.679933268693046E-4
0.004089937881072966      0.12143667701805065      9.318131994842537E-4
0                         0.12500000000000006      5.830376053263256E-4
0.0040466567367843055     0.12657698890340835      5.719089366660343E-4
1.78612268994579E-17      0.131                    8.431454144614028E-5
0.08443887295247245       0.08443887295247245      0.6311415430714925
0.08105697459673138       0.0852513722830122       0.6006126377574453
0.0863001642070277        0.0863001642070277       0.6352083894047228
0.08357198532330999       0.08694540232164445      0.6137220091223347
0.08776095872263984       0.08776095872263984      0.6389327931703161
0.0854712034732751        0.08834170476114267      0.6229106406799881
0.088972310407105         0.088972310407105        0.6422418793895708
0.08696631885838643       0.08957371756729787      0.629568059263725
0.06794313019411727       0.08235506246203256      0.4788111363515677
0.06056899035916329       0.08082324793567496      0.4039698304104378
0.010714904626905334      0.10679282628796931      0.0017858388597098147
0.01430929161052419       0.09998121910441474      0.002959322050913352
0.0064806185806692        0.13083960250173451      5.575068446508303E-4
0.08835225408933713       0.09521579158492983      0.6337951552020292
0.0896756708766582        0.09549489019220492      0.6404468769537203
0.08867075202842857       0.09642871841268523      0.6365474958272781
0.08936265840428527       0.09435506766465501      0.6384887365216384
0.09067075577702328       0.09455058988088545      0.6445085519270365
0.09032766591239828       0.09032766591239828      0.6461486515084158
0.08836800572931276       0.09075221061459326      0.6356114777578697
0.08765610943301044       0.09735197213753864      0.6328820604889528
0.08730850997887961       0.09609029243782455      0.6290733220169791
0.08651356019630173       0.09836871404141093      0.6291215386890502
0.08610772304269107       0.09690349095506542      0.6235335725569772
0.053676526420742075      0.09322205891904316      0.1866223595659521
0.046276537258023144      0.08977461834731905      0.12610787499826487
0.05360798680056021       0.08559897050310222      0.2485107405715964
0.061045709127551466      0.08811910953223615      0.32855755108300644
0.022586520284926498      0.09844211040717589      0.008143834821380102
0.01965212705134486       0.10717171920817438      0.004600119755872781
0.030709319405000723      0.09621817760528231      0.022022710087451852
0.028605624082282444      0.10466381838695438      0.012472180316317133
0.045669800940001296      0.09778403742901562      0.08493324633477567
0.03862672642620017       0.09332189456711373      0.05485110924824605
0.037793125007561115      0.1027099824145569       0.03390774700183711
0.009745735818550016      0.12465327724592543      0.0011571030193223797
0.014115672667781524      0.13023727494514023      0.0014726486555639662
0.08983755007228421       0.09193762586635446      0.6417158937134196
0.09160640559184426       0.09160640559184426      0.6499117797860439
0.09030806341884111       0.09342709760630846      0.6429732404691961
0.09165589760725083       0.09359592103189725      0.6486971534826912
0.08475736137656244       0.09779981031661071      0.6173669399906482
0.0850798036061727        0.09961137996401354      0.6250852609730583
0.01753205964763319       0.12299104155327029      0.002541095083296569
0.022306142306738126      0.12908693200859467      0.0033521056140530616
0.09122679602545629       0.09273315108454946      0.6473374194100342
0.09263098833543773       0.09263098833543773      0.6529707769874327
0.08296154462053308       0.09894914069706645      0.6093191591660049
0.08323318665239682       0.10115946144423302      0.6212767153910398
0.03036340839555638       0.1274325838653704       0.00727919674818544
0.025084996942817368      0.120879260292464        0.005487497929204821
0.08074306360115306       0.10043767196144604      0.6005202673360741
0.08101622066141059       0.10294353787266887      0.6196228676244516
0.03829808561730366       0.12527672025579883      0.015827228197072978
0.03242482373482464       0.11909700772179632      0.011497067223925224
0.039639026710463904      0.11734964399376896      0.023682581082736753
0.04608952108104316       0.1226244512587929       0.03550729578327506
0.053703595917441796      0.11948608197416188      0.08551052794008086
0.04748296434947539       0.1137658580653925       0.058555500360560654
0.05457404023287199       0.11275254301657416      0.1276026628663696
0.060299702352006275      0.11629680088574856      0.22818330806541998
0.07828635135344986       0.10503450476754857      0.6236366846137864
0.077907767751624         0.10161649577766392      0.5855420951227794
0.0746889473211069        0.10762230785513247      0.6458477598065859
0.0745770557858179        0.10302395621076213      0.5670686867787916
0.07026102323103815       0.11056395712223543      0.7311356693112763
0.0703182940573782        0.10519095789007145      0.5497159520337229
0.06025764488196611       0.11054478768129514      0.29196025462296255
0.06550000000000003       0.11344932789576145      1.1310422705435956
0.06546427908285389       0.1077406876686075       0.48646520282941275
0.0849658985580221        0.09022544834015023      0.615107164384301
0.0862998151129874        0.09125503156778966      0.622642123780171
0.08689148788543789       0.09372198786695835      0.6250020856176332
0.08807448149590952       0.09405180542399134      0.6318113602617527
0.0870214517518616        0.094873975378218        0.6262750918240658
0.08616639100198273       0.09568493521317062      0.6219568247390391
0.0855526742009245        0.09449378481567684      0.6169479231303535
0.08600445796577856       0.09274346135029116      0.619602938195252
0.08454303175664243       0.09198014605080682      0.6099332719101938
0.08443391326910978       0.09350452019069677      0.6088115714392168
0.08318549565157013       0.08917901622321975      0.6038543531203159
0.08332527905994573       0.09100343469948227      0.6016458457692296
0.08097920105878317       0.08816128350299202      0.5879713785609287
0.009327421612768092      0.11364768772030827      0.001621468662014999
0.00803635709896622       0.11838140387036401      0.001340792417916507
0.08780437401271521       0.0924469123666144       0.6306844301622191
0.08909472519618153       0.09339023153763029      0.6371767458481526
0.08484159603555683       0.09606313247906828      0.6140796845132759
0.08359856317632489       0.09485270020156597      0.603566058987914
0.08257122876270595       0.09289294526659174      0.5943547332428194
0.08136074057078808       0.09073961761664284      0.5853382321646633
0.07751855981830422       0.08688122807959137      0.559011554292409
0.0789915492809813        0.09001197980762796      0.563959395513338
0.07329999904958825       0.08569051575040088      0.5173642365734773
0.014535525601137458      0.11230036322332938      0.002580316124327165
0.01351652702954095       0.1183697502890235       0.002024477014076914
0.08305715832838026       0.09681379287780967      0.6031005976579494
0.08126705100692823       0.09532853020850558      0.5853345975154659
0.07911168414416463       0.09318904745370118      0.5625003735288627
0.07506921296748152       0.091051385287371        0.5178534475071398
0.0679677517430935        0.09077453924195474      0.4187044199141926
0.01991500844034275       0.11541075279457622      0.003880011610575334
0.08089869435986406       0.09787272838518792      0.5893392768534927
0.07854036408973836       0.09656221517166222      0.5624644434338824
0.07620905235965711       0.09522796850651125      0.5327590927744092
0.07230265149145769       0.09556385579224318      0.4805232314132433
0.05332974661465477       0.10196527994762147      0.146563037224112
0.06158579042195737       0.09641567066855437      0.29579667058599035
0.06784154721205467       0.09720557073150651      0.41085452880109674
0.026898014713295344      0.11261094425280078      0.008291519343993026
0.03426541002951113       0.11103289367057496      0.018077104282417097
0.04592351086849238       0.10566406438927017      0.0659875922563716
0.04102080739310079       0.1101044885067127       0.03555376075728819
0.05143024877258386       0.10837972980631624      0.1053054624571029
0.07882298451245145       0.09914501939463752      0.576941295629666
0.0756360275764458        0.09878289773922701      0.5402593714836185
0.07109231709001347       0.10034077324688846      0.48775113633264194
0.05600724623811208       0.10760764176949714      0.17470925643624394
0.06044455068848369       0.1043958683956786       0.27520801943536966
0.06602273129292287       0.10210094605297101      0.4028252175262638
