% Model:              
% Version:            COMSOL 5.4.0.388
% Date:               Sep 6 2019, 10:24
% Dimension:          2
% Nodes:              132
% Expressions:        1
% Description:        Magnetic flux density norm
% Length unit:        m
% x                       y                        mfnc.normB (T)
0.11015781423771298       0.004868109914830476     1.8763795051081666
0.10705363589419678       0                        1.932347599852078
0.11310727178839361       0                        1.8265168849051143
0.10513057114910308       0.003944156912711058     1.9673759715429184
0.101                     0                        2.048974143220452
0.10078649877185314       0.006563662492179493     2.0491433603047065
0.11599900728690614       0.004594323844861269     1.778724323227275
0.11916090768259044       0                        1.7272672886652432
0.10692705072859951       0.01106377451027102      1.9271343179451692
0.09998348710175213       0.01429343580017652      2.047925176078874
0.12177969483147016       0.003935864295102939     1.6861113140163935
0.12521446956248516       0                        1.6316083472460017
0.10584022607599901       0.019940945365271176     1.9220739800052933
0.09844273430988032       0.022583800866867138     2.0327067436152664
0.12697524049023912       0.0035518074421244314    1.6043035415927895
0.131                     0                        1.5540984904461566
0.1308850907429515        0.005485710638499234     1.5390308250990798
0.07543930855878614       0.07543930855878614      0.8997761913939749
0.07141778489984131       0.07141778489984131      0.9415044450188549
0.0772477396376248        0.07100675066889879      1.0232844994990915
0.07590803244326146       0.06662560026440864      1.12408725267525
0.07910936793496492       0.07910936793496492      0.8777220946061961
0.08086176835862344       0.07394954906933948      1.0009625106620872
0.08208525951745899       0.08208525951745899      0.865354774371199
0.08539152479138046       0.08103115319126472      0.9251143465061614
0.08443887295247245       0.08443887295247245      0.8558519590320485
0.08326584673853174       0.07767797213953996      0.9576933731864417
0.1305405645616861        0.010961797476520428     1.54889811826218
0.12566010950500564       0.00774959234272522      1.6263578001528973
0.10383876971844666       0.028774799824542188     1.8983707777307448
0.09621432337189592       0.030721392840954403     1.9879396705997479
0.10078850085687469       0.037168891592470256     1.8454725273088324
0.0933165246687437        0.03863969751107983      1.898818172875709
0.08698827364079095       0.08372793732004499      0.8996171460184862
0.0863001642070277        0.0863001642070277       0.8474478316127293
0.08820820154495737       0.08561326539651073      0.8836897255819326
0.08776095872263984       0.08776095872263984      0.8406740997931971
0.08943613792101568       0.08719616644822094      0.8738103247028429
0.088972310407105         0.088972310407105        0.8360429420745824
0.09066599988329421       0.08855899679158585      0.8697039794285826
0.09032766591239828       0.09032766591239828      0.8343507980830207
0.08251285051438226       0.06746874442088563      1.1691982105562224
0.08081182108294578       0.06058423535258958      1.3428039350564234
0.1299670258721949        0.01641865359693668      1.5774448297349117
0.1251666918426569        0.01290004219128893      1.6429178139282614
0.12916548085623178       0.021846705819834958     1.6368683588324668
0.12491002155068688       0.01817059495539488      1.667936861429385
0.09730499131817831       0.04528062094186188      1.7410699527620797
0.08976318255362732       0.046298715509657265     1.7563691048227827
0.09329869176943488       0.05333263535471224      1.5799713032234672
0.08558677061891032       0.053627462134861734     1.5663492259939231
0.08819446335655474       0.060632717801972026     1.3874063771942657
0.09174959365803229       0.0900457304706696       0.8647992394442752
0.09160640559184426       0.09160640559184426      0.8391634333689023
0.12813733569612856       0.02723643149712647      1.798795743103297
0.12399441673174706       0.023110600554282486     1.710126646749358
0.12688439410785712       0.03257837521857085      1.6704358521940865
0.12275041894280168       0.0276427991479036       1.73184692075896
0.12540885417670455       0.03786316539971338      1.6451205620674836
0.1215648490544016        0.033103798333592116     1.712315402616914
0.09263055915038768       0.09114054389702334      0.8663507343960045
0.09263098833543773       0.09263098833543773      0.8490351585287393
0.12371330450110578       0.0430815307227666       1.6654318611462486
0.1199838072862146        0.03830597769454725      1.7052981967644634
0.12180071965135136       0.04822431640171691      1.7473825283698285
0.11803641434645368       0.0433122820773987       1.7217829365338775
0.09372427620413784       0.0915246417639013       0.8832876178345824
0.09344153196248627       0.08989495332326378      0.8974962509670017
0.09508003490111362       0.09011540913297238      0.9230800609920485
0.09447609987097412       0.0879176878887279       0.941728113789232
0.09678067324539595       0.08828647283796018      0.9722144732816668
0.11967445495118074       0.053282500242929826     1.9703108210958213
0.11725786150948356       0.05840885133456025      1.6101394877821515
0.11382841657220322       0.05340524167185794      1.6903642943999018
0.11580147477375248       0.048260804456649785     1.7421674165631253
0.09592430869819682       0.08560331946756283      0.9987166216532098
0.09870400593803191       0.08613082614131215      1.0302286973174182
0.11462180229764449       0.06342588145260322      1.4868535446218434
0.1114777844721742        0.058858857321815804     1.5675120798457298
0.11177120298997498       0.06832421373256915      1.4219344032059589
0.10893729372808834       0.06390629652347675      1.4730076176828417
0.10683603729428702       0.0686732083735661       1.4136620909270186
0.10875879981506974       0.07302412931891474      1.413329746929518
0.09768516934906474       0.08292431195179191      1.0708015724815863
0.10092056019374393       0.08352269470138575      1.106078765436293
0.09979715550694279       0.0798140498595995       1.1692872462298873
0.10346078885184291       0.08035462133663732      1.2164783805778594
0.10467330634584918       0.07249217272393495      1.3841132261577715
0.10598122626311812       0.07699986805031397      1.5115776053500143
0.10206961265624818       0.07617723154053761      1.296610016510487
0.11299067707503849       0.008837833794382481     1.8277277642714804
0.11879767810623107       0.009924135064851713     1.7363000924567265
0.11460463130163819       0.01703192416555609      1.80126496046854
0.12095141500843147       0.015509662998673611     1.7128373931312537
0.1206810124069223        0.019654750249562584     1.7269586967611186
0.11834224939945222       0.024332332176043855     1.7597201426144522
0.11230674161243151       0.026991959165392255     1.8113032068923884
0.11839212737000726       0.02894860051676078      1.7514211335445935
0.08990354859151593       0.08559422232995686      0.9077395946818931
0.08838600236315375       0.08088929271301278      0.9676601920064121
0.08537873363937523       0.07265205451029455      1.0841598506197208
0.08718834989319772       0.07736186652941342      1.0152727572567535
0.11589056563175681       0.03392954496498496      1.7527570358933042
0.10921891263976753       0.0360750731142386       1.7903678911685843
0.10483748404347587       0.04352176884354215      1.7451159075054496
0.11504386466392877       0.03881046147297936      1.7397562374517406
0.08958334429464744       0.0836199857216043       0.936807891512333
0.09067656863311765       0.08125335473612265      0.9935392734487885
0.09112576149241419       0.08665094974780126      0.9082591421812807
0.09116462809802853       0.08489006595847362      0.9381283113474179
0.09244144714158516       0.088096145841095        0.9061065285023043
0.09049012497852922       0.07833717045222466      1.043130929281145
0.08983383919321125       0.06690836915798613      1.258398321085245
0.09021803317125852       0.07358328251790981      1.1282542199358583
0.10215265738976022       0.05233746924672168      1.6190785692919794
0.09712280696044398       0.06187486039079685      1.4253020423015716
0.1093492616644045        0.04883730573039709      1.6955193243700533
0.1118264619514585        0.04332808593575904      1.736790954426888
0.09202079012925511       0.08307661516848408      0.9815282486319079
0.09290258140000276       0.08034370962528742      1.0425993502417714
0.09318969598230992       0.08550855682452163      0.9585014329606079
0.09369135150689352       0.07635244048612695      1.1269440013159826
0.0947257998163441        0.06988779397141315      1.2574606231490237
0.09992142443353651       0.0676927464912708       1.3582999140996088
0.10894423069795209       0.054686906697756596     1.6183136474703776
0.10527710202767351       0.05931996625064         1.5226456790201162
0.10373459989988543       0.06494198429160788      1.4306298644816415
0.09460942687539323       0.08284069335372302      1.0247901264603327
0.09611818635009246       0.0796300855596266       1.1064544161007677
0.09802552754995912       0.07549901487253785      1.2153357970748584
0.1004261152981319        0.07184990220843124      1.313436093258318
0.10314102098685447       0.06935045365089312      1.377802870684443
