% Model:              
% Version:            COMSOL 5.4.0.295
% Date:               Jun 4 2019, 20:47
% Dimension:          2
% Nodes:              286
% Expressions:        4
% Description:        Magnetic flux density, x component, Magnetic flux density, y component, Magnetic field, x component, Magnetic field, y component
% Length unit:        m
% x                       y                        mfnc.Bx (T)              mfnc.By (T)              mfnc.Hx (A/m)            mfnc.Hy (A/m)
0.005765798094539486      0.15580581734881718      5.456247312263056E-4     2.5056864491739255E-4    434.1943652392668        199.39619211220472
0                         0.15840000000000004      6.02321448055812E-4      2.0560288724635777E-6    479.31217894175387       1.6361357909611722
0                         0.15000000000000002      2.19349391320706E-4      3.4765410078987014E-6    174.55269946444423       2.7665434313437913
0.009366469168572443      0.14970727856491878      2.640918772685718E-4     5.871651352140241E-4     210.15763848855673       467.25116840266514
0.006957705409531583      0.16278444017530133      8.111878913312872E-4     1.036592966702451E-4     645.522813408328         82.48944731249377
0                         0.16680000000000006      7.319365051012781E-4     4.4222843545554284E-7    582.4565640813734        0.35191420739272417
0.007308313494046429      0.17087560993022138      7.902202439701338E-4     -1.3917010133337042E-4   628.8372897956515        -110.74804778902939
0                         0.17520000000000008      5.83396627183448E-4      1.5645885666323163E-6    464.2522849969268        1.2450600214229819
0.007103712420799875      0.1791280062095082       4.831609360831943E-4     -3.055311333132057E-4    384.4872564327384        -243.1339506763277
0                         0.1836000000000001       2.3667160194024346E-4    8.939879912261286E-7     188.33727669133577       0.7114130393421617
0.005963394764336653      0.1860414400796568       1.2244649775046155E-4    -3.0458754614410524E-4   97.43982690638299        -242.3830678653256
3.469446951953614E-17     0.192                    -1.7887512951788518E-4   2.4784865378621235E-6    -142.3443052948721       1.9723169194373749
0.015164445586633237      0.1575451443606654       0.001048576394044818     6.52797879260659E-4      834.4305816085392        519.4800466212007
0.02006411492171226       0.14865204772356255      5.033516543679522E-4     0.0018304248561863143    400.5545195307139        1456.605819101618
0.008739782168785714      0.1918009807264869       -1.9930472427840762E-4   -4.404028954957375E-4    -158.60166025237928      -350.46148885065014
0.026968029407903854      0.15607458366599392      0.002567259505883527     0.0018415617887398703    2042.9602028051006       1465.468308435515
0.030979853615659858      0.14676596563901415      0.0013628904574150447    0.004986960649065946     1084.5537659518934       3968.4971915180613
0.03839845350379051       0.15352194647843945      0.006621183304100302     0.004654918089597289     5268.970259825455        3704.2661182364536
0.04172680165956483       0.1440794018007548       0.004117480794083833     0.01279402864856953      3276.5871073219228       10181.16450739581
0.11703748851505044       0.11703748851505044      0.6686537464328041       0.3624960247067686       532097.7448084777        288465.17091622023
0.12096941868097788       0.12096941868097788      0.6976170986918443       0.3031898526491745       555146.0482111681        241270.81872209744
0.1154170227633892        0.12193785247235117      0.6328160212364417       0.31032793807116493      503578.9892376275        246951.12661770734
0.013044910293954513      0.1844926205689056       2.4971009140503333E-4    -7.204750614673035E-4    198.71297693520032       -573.3358370347925
0.018736269688458457      0.1910836261906325       -2.8369851755583004E-4   -0.0011110883921682966   -225.76010708426597      -884.1760491280537
0.04969857144049172       0.1499787360979529       0.017155715362814166     0.011779013835489578     13652.084511347217       9373.441383329959
0.05224615584592774       0.14060703822825876      0.012224314186268535     0.03131698546022673      9727.800143265087        24921.265193660496
0.09923593800136521       0.11248212573110984      0.43022109983657053      0.48503014466677685      342359.07330711          385974.7253614731
0.10247180021698696       0.12207313461642881      0.46379189858530134      0.3341571807270173       369073.8661291286        265913.8354117831
0.09092539926294846       0.11930034270224628      0.28941793809431815      0.37666259749665904      230311.47733587446       299738.5713471312
0.09114372368250198       0.12896090779353908      0.3036152397386227       0.2327454759895166       241609.33101216322       185212.96493003806
0.08187314497893908       0.12568527412253838      0.16743983017561126      0.25455175992487217      133244.3832145801        202565.85432392414
0.10605531558034757       0.11390774745961299      0.533339078896843        0.4450579614712421       424417.75375255465       354165.87265275244
0.10606601717798214       0.10606601717798214      0.5678503293185218       0.5659076701837209       451880.9342370167        450335.01521678583
0.1101472801011071        0.1180735929202908       0.577905394616539        0.37387530419348636      459882.50096347294       297520.51381189685
0.11197113349877524       0.11197113349877524      0.6255494094614981       0.4492753565088099       497796.40332006733       357521.96898875316
0.12401760272853163       0.12401760272853163      0.7174756250438653       0.26215736172597254      570948.9613683921        208618.1999330929
0.11938432364003794       0.1248556546470516       0.6690229733720097       0.26735231146939487      532391.5662709641        212752.20958699108
0.12638013852600155       0.12638013852600155      0.731051655454678        0.23383400264581125      581752.4231056258        186079.18692022096
0.1229377942675017        0.12745635493829593      0.6979868056698443       0.23307959144327184      555440.2516763894        185478.84556018072
0.1283362423890123        0.1283362423890123       0.7409883365646602       0.21302850561230788      589659.7826885334        169522.69843839188
0.12549310777106915       0.12923907204435114      0.7168883893452328       0.21221591534024623      570481.6540474051        168876.05964585685
0.13013679603845346       0.13013679603845346      0.7488033144464937       0.1965201633515059       595878.7444887715        156385.7770730945
0.1276125884734233        0.13093774070016423      0.7306376851071438       0.19564071907161762      581422.9959701082        155685.9375515039
0.02309798072371823       0.18244033694991635      5.751616964925612E-4     -0.001596223774284951    457.6991353695578        -1270.234519791259
0.029250010860559953      0.18975889139815597      -5.320246791643059E-4    -0.002307955819996198    -423.3717876793949       -1836.612885950518
0.03346844504312956       0.18128019042698112      9.714644818107297E-4     -0.0033613283940008027   773.0668715919213        -2674.8601463018485
0.03967694493250563       0.18785563616996676      -0.0011374143408935423   -0.00459435255791829     -905.1255734840869       -3656.0695994979465
0.06087493284509282       0.1458932809087844       0.04411772416347793      0.027904672947819828     35107.76939291132        22205.833175041083
0.06248057912417321       0.13636780130334258      0.03342559384691086      0.07133940009880761      26599.242432589523       56770.090814678384
0.07097147145794659       0.14043170026846036      0.09480711628189951      0.0667202587510252       75445.1059827621         53094.294922979745
0.07237421763191058       0.13138482645331934      0.0815162365480726       0.14590419246580175      64868.55994436986        116106.86724381811
0.08092486368506034       0.13491692873055455      0.18128809485339867      0.13655645393885843      144264.48209815394       108668.17327735019
0.12996018617907087       0.141330640726989        0.7851909907549874       0.16381037250592909      624835.1372493947        130356.15257021661
0.12945361448535495       0.13936803720646235      0.7598888503238698       0.150001095876           604700.3336473064        119367.07938933356
0.13143304433830816       0.13996197646491104      0.7632692563821816       0.1659853288334859       607390.3753164969        132086.9278229149
0.13093353708829045       0.138161244515785        0.7548329466746161       0.1619664818528001       600676.973359431         128888.83101038449
0.132891489383118         0.13857796379488552      0.7558907339762454       0.16752193101727722      601518.7337484016        133309.71698849587
0.1295806659604423        0.13271296252792816      0.7416802453563114       0.18207859797069068      590210.3862103336        144893.54449138683
0.13214918401613351       0.13214918401613351      0.7553861639217785       0.18165810847422045      601117.2096568788        144558.92958197952
0.1316130787529617        0.13468649994643908      0.7506491843519217       0.1720565444805989       597347.6410875388        136918.2477269894
0.13416074196871886       0.13416074196871886      0.7585270571993683       0.1710424747987148       603616.6531111415        136111.276714432
0.13236489636051782       0.1369689931475961       0.7536282437238168       0.16682640442359176      599718.3012115455        132756.2345113113
0.13433536137856614       0.13717875448949823      0.7547800612357451       0.16717648653984388      600634.8884643614        133034.8210077593
0.12847307642090078       0.14268380649165968      0.8380105999735986       0.0707652078812943       666867.6467460158        56313.16316616768
0.12784810826154103       0.14063044357095972      0.7651066432071736       0.120819504410509        608852.5212943439        96145.10674422777
0.12684740972302727       0.14413096352470006      0.727274419408329        0.028922485847550253     578746.5941656191        23015.782945715047
0.12622204936591275       0.14190780855690924      0.7385262561569133       0.08109362224622485      587700.5213526202        64532.254168567866
0.042833114624968784      0.17897903842081764      0.0018348861525108132    -0.006555829684494793    1460.1560059148262       -5216.963501779635
0.04998296307373928       0.1853798894226912       -0.0025885640066821204   -0.009101227671849722    -2059.913785866107       -7242.526860898128
0.13368035189991184       0.13585817787263527      0.7553314000137545       0.1685640451853926       601073.6299235538        134139.00509410416
0.13576450198781714       0.13576450198781714      0.7575404304597821       0.16529499084572524      602831.5204981826        131537.5743071338
0.12482274314127074       0.1458879117497002       0.6890360132337131       0.035827892709073716     548317.4373723903        28510.931126075797
0.12416327422599677       0.1432834926090946       0.7010487237524372       0.06740160101113947      557876.848667325         53636.4898661527
0.05247369171229957       0.1759811828856106       0.003682244402610883     -0.013164913756405237    2930.2369917399265       -10476.305498551928
0.0601366575130144        0.18233919606920068      -0.006133684407923233    -0.018220724535658327    -4881.030964433339       -14499.59188282901
0.06252986147410809       0.17260864353675232      0.007114400096359264     -0.028209354189081826    5661.459712345167        -22448.290803112188
0.07010708557285757       0.17874282238031272      -0.01487375103514569     -0.03736260792443752     -11836.154997808158      -29732.218689893252
0.1216646241666395        0.1447557637357476       0.6687580515898887       0.06245836538211345      532180.7482151777        49702.787940015354
0.12223217316564021       0.14806517430917007      0.6607797822676877       0.037001289782357734     525831.8432154441        29444.690848189366
0.07242054209021219       0.1694750482589769       0.011452612974111827     -0.06142767140089991     9113.69983074135         -48882.58773038935
0.0798604939455025        0.17460326888916014      -0.037411916018681955    -0.08351715270725353     -29771.45682456047       -66460.83843160035
0.08108524215367648       0.1652095859146801       0.034738837599979346     -0.13283410771973903     27644.288606516537       -105706.0242739888
0.0886618236428924        0.17030290962962627      -0.1012079842576495      -0.21495683310866864     -80538.75487485822       -171057.212703121
0.1182083181975458        0.1466618302362744       0.638169824586953        0.054122493657292825     507839.4105755067        43069.31199008953
0.11890785736954367       0.15074787380186896      0.6404680509475176       0.030847472139390115     509668.2810036464        24547.638364367303
0.11399702311263138       0.14889967572517981      0.6110779177373956       0.03485034296852037      486280.35611104546       27733.021759439463
0.11462760683669516       0.15402763307566597      0.6307968797806007       0.011389180496257263     501972.20752013335       9063.221868725746
0.10903792670303053       0.15184514117523912      0.5885241637797088       -0.008239271873460043    468332.6489728242        -6556.604230695935
0.10919117956219264       0.15792810486362763      0.6431885500577281       -0.036635435487454966    511833.185408982         -29153.55325076349
0.10342593283595429       0.15509379540522328      0.567619748253054        -0.0960056232683798      451697.44365525385       -76398.84753890465
0.1027949604378571        0.16216410240426013      0.7059669476043847       -0.13118521057277147     561790.6468536746        -104393.87361603875
0.09600000000000002       0.16627687752661222      0.29890061053602984      -0.9756659911561435      237857.548299973         -776410.3264957684
0.08937521570542331       0.161205671315889        0.1755201668865314       -0.2701573118986611      139674.51086152942       -214984.35800545415
0.09710793115153055       0.1581392545545569       0.46921808205230403      -0.22494000889454382     373391.8857336137        -179001.57157350777
0.013545765624329572      0.16621013618805122      0.0011318051046344854    -2.6574213571577273E-5   900.6618850960907        -21.14708724348127
0.016330767760161298      0.17458046617520417      0.001013718774297646     -6.554564995338078E-4    806.6917691726388        -521.5957094125805
0.022434536791978172      0.16541433049876123      0.0020270357442588195    -8.327864861243585E-5    1613.0637926137506       -66.27104290341089
0.027780154972302313      0.1735022228810653       0.002093845786674729     -0.0016684602301318381   1666.2295351071068       -1327.7184648886162
0.11424831044078967       0.1270473894544652       0.6081285586485101       0.25382346104458525      483933.33072129975       201986.2924896944
0.11041075971070796       0.12362814111341222      0.568449683142028        0.3013632092238387       452357.884855377         239817.222070055
0.12517178506097382       0.13399691913385903      0.71030170224884         0.17308665164114106      565240.1349974526        137737.98095956258
0.12509580600814035       0.13182774463857205      0.7102369720639016       0.1912604556862989       565188.6243529515        152200.23470241434
0.1271079182855932        0.1333040919335728       0.7254118745367394       0.1789094519027872       577264.4280503994        142371.61818095142
0.12636926638611126       0.13547939759714978      0.7214948114823744       0.1618689816842642       574147.3283128752        128811.24284151057
0.129109121018937         0.13748371354568714      0.7461233524407498       0.1558591088949007       593746.0984862085        124028.7380326072
0.12739811714190502       0.13700836477384212      0.7331748976451162       0.15225402947530445      583442.0455555733        121159.90698326915
0.12885540111840615       0.13518873479304028      0.7383371197577452       0.16771277441840676      587550.0113883893        133461.58534172704
0.1305671672688637        0.13653829449345903      0.7488364466316378       0.16469284743085583      595905.1102439773        131058.4038025003
0.11923471309037768       0.1290037805790608       0.6590403860585909       0.22475139710268918      524447.6756920789        178851.47907851232
0.12261420450666809       0.13059317366753156      0.6896483130019847       0.20460875288455174      548804.6900462625        162822.47210722254
0.1274468890108017        0.1386376054915342       0.7412206336305341       0.13889269098563953      589844.6388200313        110527.29164849831
0.12297320772251452       0.1334491260945012       0.6907802704984571       0.17801613579862377      549705.47320093          141660.7398123454
0.11624129101730862       0.13159162929554832      0.6245831313302911       0.20110735058863827      497027.46361515136       160036.14469148286
0.11995059818040506       0.13258296371040817      0.6621463485989537       0.1879464397810701       526919.3221488638        149563.0246384027
0.12400002731234772       0.13582172282327093      0.7008276997055752       0.15612018315431073      557700.9633193238        124236.49432710298
0.12568423906387205       0.1375575555718528       0.7197115773635296       0.14202218932951208      572728.2756893539        113017.66730262438
0.1257699001257323        0.13968389740499276      0.7271810710082457       0.11851625799504158      578672.3098691042        94312.24148332614
0.03475196496263187       0.16452259870376373      0.004942665334766308     -7.291747733491127E-4    3933.248100385078        -580.2588477821186
0.03676030474325673       0.17378878939055897      0.003290221764776268     -0.0036592144554673093   2618.2752886634116       -2911.9103421047016
0.11396286571721395       0.13445475171282184      0.5985405065679146       0.17144922733777992      476303.4013050532        136434.96010046895
0.1123519766637493        0.13142797008579984      0.5817008173944          0.20594541579100573      462902.80244457367       163886.15465127118
0.04628593707430957       0.15976777578243015      0.01266410506863582      -4.091517870093789E-4    10077.774607542584       -325.59264688712483
0.10813781519758482       0.1289234801685407       0.532935122939871        0.2381635670702841       424096.29581583705       189524.54481816932
0.12103359470702052       0.1358973002648163       0.6716928323968306       0.15451234721811122      534516.1725767578        122957.0191424683
0.11769928201131605       0.13503292023073388      0.637931933061719        0.16416700265670822      507650.10251470335       130639.94982697714
0.12311954888963426       0.13873667933376         0.6940072354794482       0.12537365526238797      552273.410340476         99769.18484254132
0.1242265251603752        0.14105783337740788      0.7078649247769887       0.09712313461618391      563301.009098152         77288.13481372621
0.11571778724443828       0.13723571238159143      0.6169027225756337       0.14162018711197413      490915.5885238013        112697.76410234906
0.04463633824488197       0.1695885422290972       0.007084296613494745     -0.005911153441596384    5637.504121834315        -4703.946448023669
0.11284904215367138       0.137545955316348        0.5866498649133224       0.13801958773200518      466841.1293257396        109832.4981552707
0.10910930863653666       0.1352107047587418       0.5441854004773344       0.1626465941532972       433048.98222205223       129430.04718279306
0.055059332318001364      0.16632229950834793      0.015533046338616989     -0.013271833727695847    12360.805530331801       -10561.38970828265
0.05781857194445933       0.15577086239356405      0.03168123613155924      -0.0011683445560125006   25211.126667996043       -929.7390566194763
0.10023473551673841       0.13415354098239618      0.4331153740485509       0.17055435409789713      344662.2635446103        135722.84260262892
0.08913130871245889       0.13902439065725544      0.2883939743337074       0.09426801209951634      229496.6328656336        75016.1005054231
0.11897661790648223       0.13876729508759508      0.6501315098820842       0.12547526620775826      517358.21728765557       99850.04426368093
0.1217648450596941        0.14155524986522325      0.677533541102633        0.09435569646209181      539164.0608851995        75085.87750410185
0.11505744541536458       0.14042694721143587      0.6106933527317516       0.10900110347238183      485974.32900310354       86740.32210050362
0.11039780375480339       0.14040166051714909      0.5627421105916289       0.10533483740913509      447815.9429331189        83822.80026722471
0.10509855899979569       0.14083850170869122      0.5031209494012109       0.09194804724711546      400370.9303514504        73169.93113512783
0.0649818596382634        0.162791312118065        0.03388246077126401      -0.029336252374089492    26962.805579319498       -23345.04788563847
0.07012793272434222       0.15208174945307387      0.08156394622757702      -0.008407141011140614    64906.526101002164       -6690.1902459681205
0.08005531564660491       0.14401447308821475      0.17715649631134053      0.035773995261289604     140976.66044395484       28468.040899901403
0.09662499154141924       0.14489631407464376      0.399326215101714        0.01912443078894559      317773.70519807626       15218.738469397633
0.08764648100492597       0.14700397021143297      0.26627055932174526      -0.014117284249533143    211891.37857949757       -11234.17785673279
0.07414914002537734       0.16090556776416978      0.062480436069144774     -0.0635954129172048      49720.351234707705       -50607.621618716585
0.11825964748461716       0.14271678290188294      0.6412604589365423       0.08676677770133533      510298.8592456403        69046.80783661579
0.11384821119033069       0.1441815802348749       0.6017888413440559       0.07226425409592425      478888.34398725437       57506.06624107544
0.10934837895025888       0.14574721434216625      0.5627723322294541       0.04769811259407228      447839.99254835985       37956.95197750195
0.10369757603932385       0.14835798205136985      0.510965937630186        -0.0047568966471777325   406613.773627146         -3785.4180758779985
0.09874693721831126       0.15212532299803533      0.45828447098838543      -0.08987814220092258     364691.19450027926       -71522.75303596554
0.08204423751265112       0.15476504963025853      0.1562467096835114       -0.08489591467546125     124337.18093987575       -67558.0223445372
0.09186898441225992       0.1529344587445377       0.3191660534994993       -0.126530604589456       253984.27540788814       -100689.85586408991
0.15576302706833647       0.006157363723382508     1.6401096381485245       0.06467414366921367      1305157.7806199875       51466.04827595383
0.15                      0                        1.705760123919676        4.629346595399574E-4     1357400.777254302        368.3916969717393
0.15843663056621268       0                        1.6150155200368748       1.8908452056229114E-4    1285188.5159199827       150.4686805482488
0.14970727851677715       0.009366469938034996     1.7016763218371302       0.106031453212255        1354150.9908140711       84377.14950973704
0.1668732611324254        0                        1.5340863334593307       -5.001882564236589E-5    1220787.1154988706       -39.8037167431709
0.1628115565934517        0.007303073062897432     1.5690838851545241       0.06959536547988517      1248637.2822408916       55382.23216205389
0.17108797757943747       0.006755945162906837     1.494207197284293        0.058449291009854056     1189052.3072564106       46512.46792217476
0.17530989169863812       0                        1.4610371330579144       7.378026858635272E-5     1162656.4088348914       58.712472240828596
0.11816559751438024       0.11165059007416755      0.7076269431771048       0.4222776339055156       563111.6293582199        336037.8639660627
0.12151693894972748       0.115925974004801        0.7248900730228428       0.35537335764125194      576849.191599152         282797.13255884615
0.12459482121834792       0.11925241734330272      0.7416797276117544       0.30595630056606044      590209.9742023061        243472.2880259909
0.15706879320940842       0.015465551993379768     1.6130329274368562       0.15695177188571877      1283610.8188578305       124898.25161321856
0.1486520480937276        0.020064112179214482     1.686378513357319        0.22695726121820078      1341977.381623896        180606.84996737586
0.17909548764950967       0.005632167581981691     1.4285030559363434       0.04272365805015032      1136766.6128707363       33998.40682824635
0.1837465027173507        0                        1.3964069466039295       0.0025956563386885256    1111225.3405993788       2065.557684350448
0.11535431800134689       0.1059115391895062       0.7055743917296892       0.5132352891048584       561478.2608141868        408419.66615118086
0.11248212487514828       0.09923593897158199      0.7150343586961654       0.6283941994513282       569006.2633351904        500060.2152647663
0.12920073808533222       0.125429861275283        0.7567470482389845       0.23190550835506032      602200.1669871769        184544.53992473343
0.12744484255595587       0.12295481209962282      0.7522647740091862       0.25903799101900277      598633.2864873478        206135.8835963414
0.1309655810801244        0.12763752819497529      0.7612119923606775       0.20983318013458208      605753.2566251595        166979.93921555416
0.13285934471754815       0.12964028323676288      0.7653520447058098       0.19172694648080255      609047.8056020943        152571.45628167494
0.15556155495321947       0.027053128627836945     1.5922914859131734       0.26976393963869405      1267105.304131103        214671.32230720916
0.1467659655058548        0.030979854246497688     1.6532602356567185       0.34814420889054415      1315622.6936101925       277044.35876873735
0.1861407208591921        0.005199888026504721     1.375167795940079        0.029366162082270515     1094323.7615232524       23368.84927515569
0.192                     0                        1.389632349778068        -0.04819418077536275     1105834.287737926        -38351.710493316874
0.19183158337898232       0.008040125515968345     1.3143171413704104       0.027455208262041814     1045900.3491975511       21848.160542607
0.12274548442815938       0.1009562307476057       0.8360206455596942       0.5219206300805059       665284.0913385135        415331.2408947454
0.11930034484082727       0.09092539645698387      0.8904981097862216       0.6761377296554691       708635.8799323323        538053.3094279976
0.13439113397832017       0.1317584217885707       0.7652278250249177       0.17761119212372592      608948.9547208782        141338.49587467645
0.13579497478480115       0.1335265986282552       0.7636343024864635       0.16834113959614455      607680.8697762614        133961.62246224596
0.15397639027595486       0.03855229364526467      1.5483250276870768       0.3677855851356157       1232117.9083464697       292674.4693613917
0.144079402957966         0.04172679766380428      1.5962757173765418       0.46136269612363195      1270275.8547901895       367140.7682314003
0.19132662897590633       0.01606614591978566      1.2975246572777825       0.11632411159627992      1032537.3149468824       92567.78680660606
0.1840330356955837        0.012328283896327412     1.3770872384469597       0.09135325279405812      1095851.2053380057       72696.60874848925
0.14116280157599786       0.07087095506984903      1.2949095995201239       0.5666831656525754       1030456.3181038714       450952.1349028537
0.13138482798151366       0.07237421485769682      1.2418512358746268       0.6821599618097718       988233.8138711305        542845.6495070187
0.1363678025745141        0.06248057634976124      1.3909888103258785       0.6360462087113937       1106913.724744392        506149.4907563883
0.13635404603777135       0.0812330440122745       1.1583108264793915       0.5734431116268093       921754.4683552692        456331.5289870211
0.12568527422616965       0.08187314481985242      1.0713541627128549       0.6953576740323157       852556.5539891479        553348.0551956296
0.13082717683668155       0.09216295932532892      1.001685531241275        0.5441181552253289       797116.0186034004        432995.4701507715
0.1373704164167538        0.13413936295318987      0.7640027724302193       0.16190365717304686      607974.088840909         128838.83671873
0.15079905489450401       0.05021015120725148      1.4859860869318293       0.45518613905932676      1182510.1555049177       362225.62029103347
0.14060703852462034       0.052246155048347204     1.5100791249463061       0.5601832872029037       1201682.7859754423       445779.695979045
0.14602267813127037       0.06097469677328296      1.4036539156166052       0.5252745247516292       1116992.2953033845       418000.18547233957
0.18515136872783658       0.020338401177055772     1.3578666293323867       0.1661081995487874       1080555.9305888985       132184.70523142227
0.19048602265237732       0.02406398084436522      1.3024773169328618       0.20602660725114963      1036478.5162746707       163950.76476236494
0.18344574249151097       0.027108759600338192     1.378112847114962        0.2285941666870841       1096667.3587839582       181909.45795111053
0.1893112391175305        0.03201959936952909      1.3371038334425764       0.29749561457565227      1064033.4225975417       236739.48803938183
0.1370722764749174        0.13185772530649675      0.7728502782535595       0.16736075971429618      615014.7102700038        133181.46094072587
0.13936286010051346       0.13206813856719823      0.7763993237475363       0.1557723691188987       617838.9509381257        123959.71271204017
0.1384668277215917        0.12922810675887703      0.7902500728194042       0.1678114337635215       628861.0268396921        133540.09595401314
0.14186302015810806       0.12937883718607224      0.7983443707994612       0.14497647213725154      635302.2645116163        115368.61086334009
0.1878043393408907        0.039919044637009786     1.4807655939168718       0.29138772092279064      1178355.8191613816       231878.98070571912
0.18188125774565872       0.03392014323713807      1.4052727909348859       0.2685436465164206       1118280.5553491537       213700.2438950549
0.14044294434094107       0.12546725306118095      0.8237440747640935       0.16867112388758218      655514.7067068262        134224.21561787082
0.14467654600982682       0.12622478771884077      0.8318974056350124       0.12845692852421062      662002.9212606788        102222.77574515203
0.18596796693670656       0.04774845833561528      1.3509842532620848       0.24114084275591893      1075079.1097298693       191893.7855297498
0.17994065817993932       0.04140521414578654      1.4120751274949555       0.28047896487806007      1123693.6827897022       223198.0684682068
0.18380534352616232       0.055494105013320374     1.308685917090551        0.3157400880652812       1041419.1632985575       251257.97873929926
0.17806352269914394       0.04867575512436801      1.3826735775413752       0.30470382381404676      1100296.6727413246       242475.59869503754
0.14282006973054537       0.12165946028632953      0.8701685779988654       0.16662434070175872      692458.1525588246        132595.43731056494
0.14791120956536044       0.12241843850054618      0.8851277568064878       0.10248749306521854      704362.2888179676        81556.95563212938
0.14586595983208236       0.11710768487535919      0.946203974476098        0.16465349444160496      752965.1985553429        131027.08768867671
0.15162961581595402       0.11778140603468004      0.9760493091160688       0.059988891486036706     776715.3612362584        47737.64305303028
0.18132026308559004       0.06314239617382587      1.3060593712119672       0.3910957432827893       1039329.0244993862       311224.1038282742
0.17590245371077026       0.05666355137730714      1.358506761383386        0.35573622714798425      1081065.3314896394       283085.8949373149
0.17851708529053023       0.07067991411549349      1.3558059043719624       0.4675140573759832       1078916.0577698767       372035.8659816785
0.17312514339065382       0.06410730901501951      1.3615179343356114       0.39690988563949         1083461.5467888957       315850.8513078186
0.1638173356799633        0.10013930562330746      1.1313641812909576       0.2997471356317654       900311.0094478555        238531.19156716127
0.15940221041598          0.1070277315208522       1.1447962852676916       0.338848497477744        910999.9381679633        269647.0666642229
0.15541089856221674       0.09910456850505235      1.1346112372503296       0.32870498837720374      902894.934480006         261575.11859597987
0.16799531329120418       0.0929600705259528       1.1768888722216124       0.24914391918720757      936538.407419578         198262.43139965893
0.15974450161909076       0.09185327610945775      1.1843727345676756       0.3237660394442997       942493.8758485544        257644.82791422927
0.17185885045664764       0.08560686607813409      1.2731794845886444       0.18865670160904502      1013164.0420773715       150128.2330424612
0.16418853633994826       0.0850919031132328       1.2613286188417812       0.3022370578855297       1003733.4227597131       240512.60874016676
0.15533126291998992       0.11285476844015484      1.271715640077024        0.14393790571489293      1011999.1516276601       114542.14596410189
0.152156703019074         0.10549450033207414      1.113510285747491        0.29436104681514585      886103.3308019103        234245.0782716764
0.14900726818294088       0.11203683820689296      1.0464115795574152       0.1965132644471189       832707.8769758036        156380.28709941893
0.16805706132723494       0.07856600778670021      1.355517662419355        0.31468215537078115      1078686.6821120572       250416.1026503582
0.17540072786737942       0.07809343547055364      1.582594371935247        0.3284077374974219       1259388.5860145404       261338.5738617014
0.17093060026231646       0.07171573919817566      1.3883663528254584       0.3927930240515925       1104826.8393731907       312574.7569491234
0.16719884060161175       0.014632537235056057     1.5204345082373318       0.13170672040414017      1209923.3381673319       104808.8779537055
0.1752435943959585        0.012969715630605078     1.4528510474476573       0.10817666006423356      1156142.128887662        86084.25088197198
0.12119561456872777       0.10816332963944454      0.7650932885441294       0.447088182310139        608841.8939911599        355781.47106314555
0.12277350708041303       0.11179962459405067      0.7610350383478768       0.39505520823784634      605612.4410959735        314374.9459262565
0.1265231001414491        0.11411911537306006      0.7880256813296403       0.34806419830202995      627090.9123348548        276980.68836542877
0.1286695249209914        0.11906067725221364      0.781595529160212        0.287797832341383        621973.9598218668        229022.23814131823
0.16376574499002972       0.023882726450818733     1.533131189704508        0.21740564680358332      1220027.0362491538       173005.916724405
0.17944901224503          0.01805420661918855      1.4116101764568272       0.14812055210078973      1123323.6865096334       117870.59020170654
0.17321707869257028       0.021418851928285233     1.4611549727910784       0.18137811596329478      1162750.1827150197       144336.11862126688
0.179637417381033         0.02322973726621563      1.4076446808577388       0.19240905791523266      1120168.045377613        153114.26331432024
0.12680382576253152       0.10813300263767336      0.828807449208465        0.40987073658441425      659544.012064561         326164.7687806284
0.13027503293543397       0.1123851429082625       0.8368427459660618       0.34243612891056074      665938.2980554699        272502.01304684614
0.1317351325664163        0.125427635609197        0.775150389379303        0.22143487998861233      616845.0805466175        176212.27861574135
0.1308187522531332        0.12243711006362683      0.7826257895672581       0.24794373558254645      622793.8150041333        197307.35563316062
0.13098550852728422       0.11588654790582631      0.8215115911538922       0.30396107701112296      653738.1526971505        241884.53956928247
0.13189526623871195       0.11913502603666085      0.8096468964028721       0.26918958193701403      644296.5286076439        214214.26297058287
0.13367665376773          0.12695791489456565      0.7804415087694271       0.2030112864672048       621055.6195737555        161551.24872350218
0.13547353573692086       0.12919900408346557      0.7792243295900244       0.18348538255654745      620087.0191586032        146013.02809490977
0.17058547436551713       0.028735358862949353     1.4719776299686358       0.2393516530495689       1171362.579651006        190469.99360027612
0.16431564312795285       0.034721020919424195     1.4975946916575702       0.2948412437020157       1191747.9896274258       234627.20681268978
0.17663946686881193       0.028427681433163213     1.4308512921787264       0.23207219807486187      1138635.2798983506       184677.18738907852
0.1334362393908569        0.11336406355070208      0.8612338094692857       0.3115934085355036       685348.0896745019        247958.15601638885
0.13324698720111502       0.1089659548731509       0.8904384776860871       0.35650732949248315      708588.4262148155        283699.5186860987
0.13188937357069422       0.10215398187382685      0.9266118432325756       0.4360986917208287       737374.2758897841        347036.31231639255
0.13422827604661558       0.12400134810143269      0.799111169977809        0.21852669293025553      635912.4639095804        173898.01688687454
0.13388865886236373       0.12103552573196669      0.814414206717958        0.2416017152737667       648090.2336171384        192260.5362265032
0.13511388797291285       0.11725525900052536      0.8494991996631897       0.26418534346830136      676009.9838950279        210232.0165270516
0.1368354041972253        0.12585785551144812      0.8035833111466263       0.19191596516151244      639471.2807756907        152721.8725685334
0.15010561755258772       0.06981716183233894      1.3262324744732232       0.48206076683813676      1055382.2700070469       383611.7695647955
0.1623950219937025        0.04793428207510874      1.4509382322534716       0.37296207281630156      1154619.9589207827       296793.7873725689
0.1741907824419249        0.03505994153970392      1.4415464663712454       0.27197838567959814      1147146.2290981917       216433.52247531002
0.17172907105227797       0.04310390666826417      1.4310233426779355       0.3120286302345405       1138772.1933354035       248304.4944401018
0.14739086014282693       0.08000036761099794      1.2279371312455483       0.4711023217916245       977161.3212190522        374891.3160760288
0.13755978031753832       0.11232741306574527      0.9086778821594544       0.29159988499700956      723102.8831197597        232047.8155115114
0.1416733354634384        0.09011662238992191      1.1085359282861573       0.4630336164613209       882144.8629085239        368470.4443876801
0.13814238721249986       0.09788240216294497      1.0188733066605802       0.4292652509583658       810793.6156970792        341598.4329380345
0.13951767166628595       0.10543212188916183      0.9791709280444899       0.3474270628978876       779199.4666507955        276473.67212048825
0.13767258263071908       0.12175036732010185      0.8367235142139257       0.21079156952437236      665843.4164418402        167742.60125951393
0.14035116771909703       0.11698822987141737      0.8965890905062199       0.22486219313603398      713482.9283816582        178939.64776042136
0.1570937536653982        0.060223181132149944     1.3990836835692426       0.4370814572906411       1113355.4201963106       347818.3723080733
0.15519675895165042       0.07626618118964958      1.2909541342475137       0.42170243333971696      1027308.6588520503       335580.13389948226
0.1589936520017823        0.0705154167705951       1.3424758255952103       0.418292117953236        1068308.3181242545       332866.2911431783
0.17146879787100455       0.05082722620519363      1.400220578639054        0.34452264332104154      1114260.1325469972       274162.4084581486
0.16724390944849404       0.05778232958100522      1.3912599775040364       0.38609874229971125      1107129.5127284324       307247.6167928145
0.15111949180249423       0.09064205356934411      1.1609226145362013       0.3889483252064026       923832.8632530173        309515.24281956506
0.15643796474861296       0.08362966900581104      1.238456910670774        0.3798197986031367       985532.6956978576        302250.9921592868
0.14307472583078415       0.11182919468044313      0.9699603667624505       0.25248283269570376      771869.9348673587        200919.4543468263
0.14622514883669804       0.09947054387527852      1.0777570847273323       0.3626760838613219       857651.837433328         288608.4574387008
0.14598534167976093       0.10715347487864638      1.039745783337932        0.28897316227985004      827403.4048859335        229957.5359886728
0.16560212880393974       0.06589787360932707      1.3717406936811847       0.40174401169772045      1091596.56019833         319697.7265963022
0.16105074831924104       0.07792213092115946      1.3064216564145181       0.37234121187218466      1039617.3219033614       296299.72193142446
0.1649129047178768        0.0729659719389457       1.3577927043684446       0.383695715698987        1080497.1029717524       305335.3489833817
