% Model:              
% Version:            COMSOL 5.4.0.295
% Date:               May 2 2019, 10:32
% Dimension:          2
% Nodes:              144
% Expressions:        1
% Description:        Magnetic flux density norm
% Length unit:        m
% x                       y                        mfnc.normB (T)
0.1744293673012412        0.004538769414844006     1.3564073427382337
0.16985782935611612       0.00695110109468636      1.3928735967932504
0.17                      0                        1.3922513410631938
0.17639999999999995       0                        1.3411574218410207
0.1798395191659533        0.005285414808486526     1.3144780900092925
0.18279999999999996       0                        1.2931163542568074
0.18577868914478374       0.0049358072837598094    1.270975270038327
0.18919999999999998       0                        1.2494292386390582
0.17545478356695052       0.011061790647484665     1.3473968310448714
0.16932718557276943       0.0151097394419929       1.3958079162194943
0.19187968455933505       0.004981436636334399     1.2299765927409672
0.1956                    0                        1.2138733370985548
0.202                     0                        1.2366627120133205
0.1972525991348964        0.004701315595321801     1.1966730777080508
0.17488163718201538       0.02016580142382203      1.3501631133946865
0.16834836572209486       0.023639538039052412     1.4006983182577153
0.20185992425579852       0.007521368189583192     1.147094169335224
0.1738743803608817        0.028953724357738145     1.3543077700573285
0.1669363127116644        0.03212891996680559      1.4037004935035127
0.19502100266653605       0.011123869916632065     1.1961130835863547
0.20135497879622324       0.01612986404072989      1.1291976628500187
0.17197589666458254       0.037638020646488086     1.3568175076227995
0.1650925809392975        0.040551691935127684     1.3995806762249912
0.1943733477871096        0.019426004200839366     1.1962052819961366
0.20047132242089938       0.024804211070214487     1.1441365727214137
0.16991868445185937       0.04629594721765712      1.347984054509469
0.16282605166677977       0.04886386086472487      1.386715223522889
0.19335634999832232       0.02806462646678978      1.2195494875374697
0.19921415415448074       0.0334323314250554       1.1974950828173063
0.16735068379241172       0.054879952776756544     1.3317745291886074
0.16014554836035788       0.057038612714197974     1.364552652052401
0.16424206613322542       0.06327712484746129      1.3067083458783213
0.15705582566169146       0.0650651029794343       1.3287252644898657
0.1333230262052132        0.1333230262052132       0.6345512929769356
0.13105548276053638       0.13105548276053638      0.6396303205603932
0.1344080579480896        0.13003729512419326      0.6600011459923562
0.1360562826489586        0.1324825478635319       0.6492932684218405
0.13527298547931793       0.13527298547931793      0.6305637012165045
0.19184244447561097       0.03656852335410935      1.2628007391356266
0.19758581534822875       0.04199816154518739      1.3542809349973712
0.19020625710112765       0.04490446641575384      1.2574949249295064
0.19565379854799342       0.0502353572072619       1.1881119337398771
0.12817093723624973       0.12817093723624973      0.6473635873428076
0.13202089892816848       0.12669578681816485      0.6757826600461098
0.12918934342549493       0.1238978720338923       0.6871193373004298
0.12448719848309543       0.12448719848309543      0.6602066487033551
0.1202081528017131        0.1202081528017131       0.6809716809294193
0.1264676429127582        0.11905767905465134      0.7208065049710966
0.12502279203504998       0.11519245405737585      0.7556047901322772
0.16106152676309293       0.07142115233910637      1.2642144403874056
0.15355983967708162       0.07293404992422259      1.2748761951307854
0.15725950837404715       0.07940076250058567      1.2037683619850033
0.14967332212208853       0.08060953197319483      1.2056404939702552
0.15306367505184312       0.08719128019441517      1.131922275824321
0.14540589772106674       0.08807454176963216      1.1267261621923454
0.1371054561533549        0.1371054561533549       0.6269538678291389
0.13788548782421747       0.13456841921236903      0.6419963659880772
0.13986873919136664       0.13657879197224082      0.6352003381099282
0.1391937284842228        0.1391937284842228       0.6224390128749185
0.14143653910351528       0.13877920527256662      0.6264392777543505
0.14121431082245928       0.14121431082245928      0.6169212735949479
0.1885730382342361        0.05308514571615171      1.2198702459580577
0.19337853850148326       0.05838442298276415      1.1591011078332771
0.1486486423842634        0.09493246600690945      1.0517244282163059
0.140765268015675         0.09531599719079265      1.039639506406946
0.13196733287580983       0.1155903068609184       0.7790042223779803
0.13041929044910672       0.10904498465656984      0.8461762880353817
0.13788516943743745       0.10962122199494705      0.8651012548427981
0.13576289610348163       0.10231537539194814      0.9442872562487402
0.14347848363944324       0.10240175642994703      0.9628030741157932
0.14285789096482815       0.1405430702024923       0.6190917106381875
0.14283556979968262       0.14283556979968262      0.6108476599827162
0.18629702799118197       0.060323691167492054     1.2118603593733157
0.19076402678796459       0.06643106264121264      1.1730864463244473
0.18331923277578244       0.06788719410362026      1.228166596784645
0.187814850149412         0.0743611596423421       1.2407809132134229
0.14452414145403064       0.14112679595659813      0.6152411126556654
0.14420048741255576       0.13875863428108315      0.6266784521522554
0.14661886210196504       0.13894930469752234      0.623373683843956
0.18017790501038258       0.07570115401605901      1.2559949320564494
0.18453618244380537       0.08216080190131164      1.4057693114102816
0.17670621727409283       0.08354723514992471      1.1835422710220445
0.1808098322512647        0.09006555701970355      1.0778885312609667
0.1456380625820301        0.13592292734951478      0.6426501403898002
0.14924712053015068       0.13612236044624937      0.6382504279983726
0.1728247408401258        0.09125177502680731      1.0850988610252497
0.1767450691917877        0.09780174086584618      1.0031452853377518
0.16879944798502938       0.09874641120217109      1.0265428800451264
0.17234948857996132       0.10535489445785484      0.9780813061515247
0.16509249374480545       0.10585643563477186      0.9970437478137462
0.16770440887514565       0.1126020925375632       1.0079150526868421
0.14767789591841593       0.13194243859107768      0.672700518091938
0.15220870197990932       0.1328025264879817       0.6622653785575568
0.1500996710369339        0.12783132451522777      0.7141689060146145
0.1556157238524404        0.1287934256469675       0.7032513063624162
0.15952909730348652       0.12391314342528273      0.7803566777723593
0.1531646273845323        0.12263506436433272      0.7874132540389338
0.16133370218385432       0.1117966173648522       0.9834423800760078
0.16342143286373936       0.11873262096307959      1.0823454357729005
0.156768341684751         0.11732561550513988      0.8879881530633534
0.1832734785495634        0.010590011279052207     1.2871299388984694
0.1885700185545139        0.009199672533328509     1.2484341807223125
0.1816381140069219        0.017698486019572742     1.2983986343476792
0.188359746858257         0.015358896381680988     1.246327827550881
0.18050808382722472       0.025941000521996965     1.3077993668527643
0.1873509730770946        0.02307342292903234      1.2566030218080027
0.17911537867937424       0.03454222431989686      1.3159348410385079
0.18612050160105095       0.031327510553410445     1.2750939318178727
0.18454977107812254       0.039775286262508584     1.2866850130258412
0.1770103240268759        0.04329059749435021      1.3140476345609275
0.1830037205846952        0.048018395437530774     1.270554038473365
0.17576191853431614       0.052857272711558476     1.2925752879252153
0.18277428309263918       0.05507183691829781      1.2473013081564353
0.17142971034091958       0.061325952887941876     1.2853366957541812
0.17897304855498614       0.06108248464290573      1.2527322552989113
0.13044043586045145       0.12013707456163764      0.7273804557447716
0.1684091018808792        0.06993197538733062      1.2577738099489113
0.13591025841717086       0.12659526918197123      0.691368580914424
0.137586595201121         0.12985576109167302      0.6718695606970897
0.13848312116856903       0.13230096596631444      0.657404617786318
0.1758942831425553        0.06884032143713356      1.250034285474013
0.13429579809750153       0.12139159727742987      0.7304577253785525
0.13835216564233863       0.12386278750369001      0.7230527630775341
0.164995239983182         0.07806952241611778      1.2073328381076511
0.17257988630911172       0.07684250514842116      1.2241103681204548
0.16098444818098234       0.0861404319757305       1.1381682490817344
0.15641023152861058       0.09398994694043837      1.0673781696528997
0.14052634230373762       0.13366976783945433      0.6529929077270649
0.14247978047716967       0.13600554679891083      0.6413554854128188
0.13989071710935813       0.12712033782405743      0.6999366633063966
0.14078599568090658       0.13059008379238948      0.6747517518688607
0.14213256458462692       0.12386415366746337      0.7350227901922072
0.1527682983828096        0.10262127352955336      0.987366508103122
0.14090457290168706       0.118066606047807        0.7876217043387079
0.1458695529539528        0.10998521611424047      0.8914732724748707
0.16888528187870627       0.08481178852816139      1.1510183469613615
0.165002596459874         0.09253791739503697      1.0800411091501496
0.16107556120193822       0.09998734180645913      1.0239535567044835
0.14374993538964195       0.1325940830634387       0.6648521997016243
0.14450951314093513       0.12797607529303642      0.7037217833718792
0.14696820272821057       0.12236143207809062      0.7658875457292034
0.15919080181375495       0.10656109835315383      0.982980580892046
0.15420508145322825       0.11078637438944476      0.9288436824312689
0.14929979170024682       0.11642842546972879      0.8412167027875062
