% Model:              
% Version:            COMSOL 5.4.0.295
% Date:               Jun 28 2019, 15:20
% Dimension:          2
% Nodes:              149
% Expressions:        1
% Description:        Magnetic flux density norm
% Length unit:        m
% x                       y                        mfnc.normB (T)
0.15040761893777208       0.006894105414366462     2.0218375908233193
0.14578743687236967       0                        2.081504512657982
0.15532574191091847       0                        1.9680984378018946
0.14099458360053924       0.007893576119879975     2.140855734389969
0.13624913183382087       0                        2.2146100335626726
0.1332244259732806        0.006715985569048334     2.258022063541497
0.1267108267952721        0                        2.376779200326186
0.1262902979424375        0.010314759946397741     2.3686768063319965
0.1601917023252528        0.007222021680961969     1.9126708488890756
0.1648886334598824        0                        1.8706230735503286
0.13488433605698175       0.015938420859966593     2.209579038647828
0.12487546847331937       0.021488392231864724     2.341616888994088
0.1678988951159414        0.005270871867029136     1.8387653857289639
0.1733492587062422        0                        1.8505022088967436
0.17319720195412128       0.0072591135317617485    1.7709988666582979
0.13399880818108723       0.02850727149376303      2.1607386648194535
0.12247401849947867       0.032492282464160804     2.284044262143583
0.17274129845696667       0.014505492111776895     1.7545433365193512
0.1668527715828434        0.010962449590734223     1.8348941767260458
0.10354433668209478       0.09606138829010831      1.0391988109989523
0.10185455126730689       0.10185455126730689      0.9277453143077952
0.0961597719509733        0.0961597719509733       0.9285296129126746
0.10763072783416822       0.1010106746698663       1.028504673037056
0.10629126679892989       0.10629126679892989      0.9454641233346104
0.11069374446114806       0.10527248407997616      1.0255913324497514
0.10974806377168025       0.10974806377168025      0.9686227570160529
0.08959808487669098       0.08959808487669098      0.9738184400751824
0.09998299105701784       0.08935957377117298      1.1137307949496245
0.09659436260634081       0.08200708957045233      1.250213862527852
0.1312533841273645        0.040394612295366034     2.094427913999294
0.11910492871123979       0.0432394447678498       2.184755998922165
0.12570735902336666       0.05141306604619358      2.000668019360255
0.11479480944486548       0.053644993724097575     2.026352159277011
0.12206753937441653       0.06282432246616601      1.8230728657230795
0.10957772313593112       0.06362669423666982      1.8101138800254113
0.17198234802442738       0.021726423129645425     1.7663351470209774
0.16585451065399312       0.01762893781624903      1.8402637848202215
0.17092168211345873       0.028909238618639217     1.8111195242885991
0.1648252061049839        0.024239378074806993     1.859198998939602
0.11324677584969257       0.10873168694127536      1.0317193550900834
0.11244147722569761       0.11244147722569761      0.9916062510115354
0.11529805938755126       0.11152463356368057      1.040729536984329
0.11454009361922167       0.11454009361922167      1.0121867967536609
0.11689740502261677       0.11363199077742601      1.0503499012400779
0.11625629392899087       0.11625629392899087      1.0304497659759029
0.10776061135852294       0.08310083972126385      1.3361961272455112
0.10349488092142477       0.07310569916361896      1.5451862951219233
0.1157943195713066        0.07394394424635874      1.5909470065409586
0.1695611614924946        0.03604133747962         1.9435736697296868
0.1635439200914532        0.03101089070380161      1.8890473516227486
0.11844880678583285       0.11545820454477775      1.0618712828958046
0.11779098218988727       0.11779098218988727      1.0473858718345863
0.120020768026231         0.11719647511060338      1.0737190456245218
0.11949295472980519       0.11949295472980519      1.0653626615498988
0.16790317297700544       0.04311020758773333      1.835472843287991
0.16247056114029612       0.03753485903551223      1.8979014611315206
0.165950625242221         0.05010344774284087      1.824107775225669
0.16037642811801495       0.044496982441682424     1.8860196525845403
0.12135719940360977       0.11913683450424663      1.0818086991746159
0.12118712126925907       0.12118712126925907      1.0800442959043457
0.12259046523081917       0.12065727981705822      1.087764580187652
0.12257643634484504       0.12257643634484504      1.0871493756664221
0.16370694372035338       0.057008789425357184     1.857305976145091
0.15841321003078854       0.05121330259954845      1.8881530817780516
0.16117606459121056       0.06381411831948781      1.958923233522955
0.15647962914966634       0.057881442052561835     1.9124119578686833
0.12397938304696017       0.12115724523650573      1.0926284127780785
0.15836242787679966       0.07050749556585538      2.2283182369201406
0.15516460587899372       0.0772910769521307       1.807762580527856
0.15089390576830386       0.07047626127956742      1.8922040695360838
0.15422734003363828       0.0641486052009453       1.952762017097928
0.12364031901333747       0.11916009824488753      1.0968774774767553
0.12570727524993203       0.11936350549159276      1.1057475911776482
0.12489932516744531       0.11672762096663093      1.1165913759471586
0.12786269591484908       0.11705168297547242      1.1309258133483764
0.1516763699226727        0.08392999643205164      1.6845414410206878
0.1477741609749384        0.07620248107438372      1.784418860534676
0.14790423803829822       0.0904118458185323       1.6339781011699206
0.1439179948528468        0.09663113500078341      1.6590220686389208
0.1414258353624487        0.08877813937694519      1.6231977424918824
0.1444505677406036        0.0830693735202899       1.6801571882137685
0.12671689196113162       0.1133329252282107       1.1578885097329883
0.13049508459580528       0.11410958938817231      1.1748191972845439
0.1336281600613311        0.11042409308039144      1.2508089640618778
0.128978484230965         0.10950840866800146      1.2248460035584972
0.1370010713189396        0.10621050772624387      1.3797954370500058
0.13162389109454134       0.10498433673070218      1.3359222525161119
0.14024249625564927       0.10189213776336177      1.7980131804999815
0.13769346034293545       0.09535631499908699      1.5818510659237457
0.13455699809750657       0.10024928305797894      1.478253413543636
0.15464907095873082       0.013620377242645202     1.9671876606904801
0.1453220798509046        0.01499479561797249      2.0726048417041274
0.16131918431068087       0.013806347651958758     1.8933287743592562
0.15909877803937772       0.01953872729196096      1.915037923275958
0.15154383894902473       0.02091033180149147      1.9924437947622222
0.14254103605732255       0.022952775382179123     2.08554488724679
0.15740163430131587       0.026280037255997393     1.931334001242347
0.15025043448649697       0.02807527801819364      1.9924402026905093
0.14292650362529014       0.030507196523198502     2.0520518239505123
0.13929470403243996       0.035910312574600214     2.0586173570563595
0.10699456718642823       0.0914871953162314       1.1650312456301926
0.1403378197927329        0.0423588342437992       2.0088673798343093
0.15604539675008583       0.03318546190094629      1.9385164622798003
0.1479610979586123        0.037787235244875386     1.9818093653230489
0.1565870836251155        0.03989274304704879      1.9209869036872107
0.1457680323233633        0.047030046871963604     1.955248879769595
0.11022071811508966       0.09592971713510239      1.1374344124119944
0.11319854514813937       0.10065157368936518      1.1163876862705644
0.11513707303847986       0.10495857731985127      1.0957198805306085
0.11344012653296964       0.0901383056470316       1.2704294760846693
0.13741188052188444       0.050671964232190815     1.961495682968384
0.13201854203332844       0.05924099662933004      1.8800962415883085
0.13056514728001073       0.06663420977432379      1.7807974438250487
0.12590642137201527       0.07189383732455903      1.6850281762384214
0.1528367401803389        0.045606810945244255     1.9269529466985127
0.14572579436052774       0.05416955323687643      1.9228710383598955
0.1511288937741368        0.05218234298960412      1.9193930534744215
0.11659618850243743       0.10849631176362554      1.082953233441066
0.1180664161056415        0.11130624105483733      1.0807622155425083
0.11897528965759063       0.11335871503333687      1.0789178708386642
0.11831922679897021       0.10594285989417906      1.1313817211490227
0.1165160053067377        0.09622916519801147      1.221722602497015
0.11823146404250393       0.10192407442616017      1.1743425170046808
0.1181788211994846        0.08407939451589551      1.4261076902554466
0.12055688242873341       0.0915707652585112       1.3416099913808903
0.12357421934103249       0.0789769843436333       1.5580051068592993
0.1412250124021711        0.06060667100001372      1.881427668180241
0.1362938761068954        0.06583537092685936      1.8140575198253637
0.13479014221574598       0.07302659613719743      1.722717641688373
0.13005808352239534       0.07807697911928532      1.6255451538862158
0.14929135952728026       0.05900783803764735      1.9129164699789067
0.14774260771501174       0.06481581671859174      1.893208698030652
0.12075210200533218       0.11451476990589843      1.0929133789777687
0.12226424363843766       0.11668671707358388      1.0967192097289935
0.11997904602770917       0.10867058939094475      1.1278159733050623
0.12071171836852984       0.11188236888374484      1.109801096146896
0.12172159081822415       0.10495145494026263      1.189209548383263
0.12274582018812141       0.09897008670595894      1.2759614606444516
0.12639769056182637       0.09411464206444839      1.3910100757914736
0.12793345103996073       0.08689076651206791      1.4961899556493192
0.14288184729477763       0.06969360097994708      1.814506520534914
0.14148124881061513       0.07691590123510425      1.7252840296779937
0.13634437112351222       0.08213627360030323      1.6331385161769987
0.12332910890733013       0.11371697282676585      1.1244916562980867
0.1241274178997599        0.10945487560014333      1.1716029681386377
0.1266163805494765        0.10413324546764555      1.2687514835068239
0.12896225230902925       0.09938048238395177      1.370100803730284
0.1317900468432871        0.09376110946175213      1.4803441739753056
0.13503901575103475       0.08935364638960289      1.5601744411041594
