% Model:              
% Version:            COMSOL 5.4.0.295
% Date:               Jul 2 2019, 00:06
% Dimension:          2
% Nodes:              149
% Expressions:        1
% Description:        Magnetic flux density norm
% Length unit:        m
% x                       y                        mfnc.normB (T)
0.15040761893777208       0.006894105414366462     2.021473303651326
0.14578743687236967       0                        2.0811182215329156
0.15532574191091847       0                        1.9677536528300184
0.1601917023252528        0.007222021680961969     1.9123454797287303
0.1648886334598824        0                        1.870313327288927
0.14099458360053924       0.007893576119879975     2.1404470581337107
0.13624913183382087       0                        2.214174020507471
0.1332244259732806        0.006715985569048334     2.257569271039227
0.1267108267952721        0                        2.3762824666917277
0.1262902979424375        0.010314759946397741     2.368181482848412
0.1678988951159414        0.005270871867029136     1.838465906509472
0.1733492587062422        0                        1.8502191380431336
0.17319720195412128       0.0072591135317617485    1.770716123274618
0.13488433605698175       0.015938420859966593     2.209142354602998
0.12487546847331937       0.021488392231864724     2.341124900759272
0.17274129845696667       0.014505492111776895     1.7542610192331118
0.1668527715828434        0.010962449590734223     1.8345926498330127
0.13399880818108723       0.02850727149376303      2.160313438562788
0.12247401849947867       0.032492282464160804     2.2835579731486435
0.17198234802442738       0.021726423129645425     1.7660533947307862
0.16585451065399312       0.01762893781624903      1.8399615958586937
0.10354433668209478       0.09606138829010831      1.0389135254993702
0.10185455126730689       0.10185455126730689      0.9275097637852637
0.0961597719509733        0.0961597719509733       0.9281909724609466
0.10763072783416822       0.1010106746698663       1.0282926303403972
0.10629126679892989       0.10629126679892989      0.9453019830267185
0.11069374446114806       0.10527248407997616      1.0254363724346314
0.10974806377168025       0.10974806377168025      0.9685116789164425
0.08959808487669098       0.08959808487669098      0.9733584928271355
0.09998299105701784       0.08935957377117298      1.1133579781767422
0.09659436260634081       0.08200708957045233      1.2497567217459287
0.17092168211345873       0.028909238618639217     1.810838559316996
0.1648252061049839        0.024239378074806993     1.858897284749635
0.1312533841273645        0.040394612295366034     2.0940122009352207
0.11910492871123979       0.0432394447678498       2.184276412999681
0.12570735902336666       0.05141306604619358      2.000253911704308
0.11479480944486548       0.053644993724097575     2.025880532886308
0.12206753937441653       0.06282432246616601      1.822681975858351
0.10957772313593112       0.06362669423666982      1.8096495806363755
0.11324677584969257       0.10873168694127536      1.0316075306953971
0.11244147722569761       0.11244147722569761      0.991530258111598
0.11529805938755126       0.11152463356368057      1.0406493513911583
0.11454009361922167       0.11454009361922167      1.0121347134383927
0.11689740502261677       0.11363199077742601      1.0502912734715248
0.11625629392899087       0.11625629392899087      1.0304146196219899
0.10776061135852294       0.08310083972126385      1.3358310034611824
0.10349488092142477       0.07310569916361896      1.5447273452741854
0.1157943195713066        0.07394394424635874      1.590574915857674
0.1695611614924946        0.03604133747962         1.9432966041020039
0.1635439200914532        0.03101089070380161      1.8887473264122152
0.11844880678583285       0.11545820454477775      1.061829337671935
0.11779098218988727       0.11779098218988727      1.0473635734811495
0.120020768026231         0.11719647511060338      1.0736907231046118
0.11949295472980519       0.11949295472980519      1.0653517684106195
0.16790317297700544       0.04311020758773333      1.835201052995605
0.16247056114029612       0.03753485903551223      1.8976058927448793
0.165950625242221         0.05010344774284087      1.8238385960710781
0.16037642811801495       0.044496982441682424     1.8857274860449504
0.12135719940360977       0.11913683450424663      1.0817930448080006
0.12118712126925907       0.12118712126925907      1.0800416566683286
0.12259046523081917       0.12065727981705822      1.087756680398273
0.12257643634484504       0.12257643634484504      1.0871515087733095
0.16370694372035338       0.057008789425357184     1.857040153909734
0.15841321003078854       0.05121330259954845      1.8878656957073556
0.16117606459121056       0.06381411831948781      1.9586622470337802
0.15647962914966634       0.057881442052561835     1.9121320738771885
0.12397938304696017       0.12115724523650573      1.0926216030842282
0.15836242787679966       0.07050749556585538      2.228086286570539
0.15422734003363828       0.0641486052009453       1.9524943411872437
0.15516460587899372       0.0772910769521307       1.8075606111843514
0.15089390576830386       0.07047626127956742      1.8919559035975766
0.12364031901333747       0.11916009824488753      1.0968603649198163
0.12570727524993203       0.11936350549159276      1.105731107740984
0.12489932516744531       0.11672762096663093      1.1165603190273954
0.12786269591484908       0.11705168297547242      1.1308987985137697
0.1516763699226727        0.08392999643205164      1.6843485539508993
0.1477741609749384        0.07620248107438372      1.7841866943042064
0.14790423803829822       0.0904118458185323       1.6337966676209075
0.1439179948528468        0.09663113500078341      1.6588565575139071
0.1414258353624487        0.08877813937694519      1.6230017025512964
0.1444505677406036        0.0830693735202899       1.6799431152537931
0.12671689196113162       0.1133329252282107       1.1578390948902508
0.13049508459580528       0.11410958938817231      1.1747812006977314
0.1336281600613311        0.11042409308039144      1.250760290604666
0.128978484230965         0.10950840866800146      1.2247775321113687
0.1370010713189396        0.10621050772624387      1.3797386224250532
0.13162389109454134       0.10498433673070218      1.33583086718305
0.14024249625564927       0.10189213776336177      1.797913383358212
0.13769346034293545       0.09535631499908699      1.5816877542207182
0.13455699809750657       0.10024928305797894      1.4781300791961012
0.15464907095873082       0.013620377242645202     1.966843551365755
0.1453220798509046        0.01499479561797249      2.072221636630059
0.16131918431068087       0.013806347651958758     1.8930096359668203
0.15909877803937772       0.01953872729196096      1.9147139598682072
0.15154383894902473       0.02091033180149147      1.9920921474871855
0.14254103605732255       0.022952775382179123     2.0851556209763364
0.15740163430131587       0.026280037255997393     1.9310092895790003
0.15025043448649697       0.02807527801819364      1.992090497810606
0.14292650362529014       0.030507196523198502     2.0516743638955535
0.13929470403243996       0.035910312574600214     2.058232044305187
0.10699456718642823       0.0914871953162314       1.1647263717144507
0.15604539675008583       0.03318546190094629      1.9381944719567086
0.1479610979586123        0.037787235244875386     1.9814643204927744
0.1565870836251155        0.03989274304704879      1.920676041912199
0.1403378197927329        0.0423588342437992       2.0084999376029424
0.1457680323233633        0.047030046871963604     1.9549131809750577
0.11022071811508966       0.09592971713510239      1.1371875178138442
0.11319854514813937       0.10065157368936518      1.1161982454311625
0.11513707303847986       0.10495857731985127      1.0955776825722698
0.11344012653296964       0.0901383056470316       1.2701515316205476
0.1528367401803389        0.045606810945244255     1.9266390161995328
0.13741188052188444       0.050671964232190815     1.9611360125517248
0.13201854203332844       0.05924099662933004      1.8797405841367738
0.13056514728001073       0.06663420977432379      1.7804645131051864
0.12590642137201527       0.07189383732455903      1.6846982464349576
0.14572579436052774       0.05416955323687643      1.9225524821328666
0.1511288937741368        0.05218234298960412      1.9190867798728466
0.11659618850243743       0.10849631176362554      1.082847738223428
0.1180664161056415        0.11130624105483733      1.0806846395495524
0.11897528965759063       0.11335871503333687      1.0788588750748949
0.11831922679897021       0.10594285989417906      1.1312581525185732
0.1165160053067377        0.09622916519801147      1.2215088241718717
0.11823146404250393       0.10192407442616017      1.1741838448961808
0.1181788211994846        0.08407939451589551      1.4258104604666562
0.12055688242873341       0.0915707652585112       1.3413765791437993
0.12357421934103249       0.0789769843436333       1.5577021774185442
0.1412250124021711        0.06060667100001372      1.8811130709929924
0.1362938761068954        0.06583537092685936      1.813744430778263
0.13479014221574598       0.07302659613719743      1.7224295500858644
0.13005808352239534       0.07807697911928532      1.6252639970072138
0.14929135952728026       0.05900783803764735      1.9126219078768678
0.14774260771501174       0.06481581671859174      1.8929288832919078
0.12075210200533218       0.11451476990589843      1.0928650632065098
0.12226424363843766       0.11668671707358388      1.0966870380469131
0.11997904602770917       0.10867058939094475      1.1277198620706441
0.12071171836852984       0.11188236888374484      1.1097323478991439
0.12172159081822415       0.10495145494026263      1.1890874548436938
0.12274582018812141       0.09897008670595894      1.2757938976195986
0.12639769056182637       0.09411464206444839      1.390816659372836
0.12793345103996073       0.08689076651206791      1.495951810143849
0.14288184729477763       0.06969360097994708      1.8142315088001595
0.14148124881061513       0.07691590123510425      1.7250355698912148
0.13634437112351222       0.08213627360030323      1.632899119456693
0.12332910890733013       0.11371697282676585      1.1244400151577691
0.1241274178997599        0.10945487560014333      1.1715222313997107
0.1266163805494765        0.10413324546764555      1.268637264303787
0.12896225230902925       0.09938048238395177      1.3699557782745522
0.1317900468432871        0.09376110946175213      1.4801625084268764
0.13503901575103475       0.08935364638960289      1.5599707379945469
