% Model:              
% Version:            COMSOL 5.4.0.295
% Date:               Aug 29 2019, 20:29
% Dimension:          2
% Nodes:              152
% Expressions:        1
% Description:        Magnetic flux density norm
% Length unit:        m
% x                       y                        mfnc.normB (T)
0.10504691676433889       0.0041005948185170666    1.9302028897337293
0.10078630793262221       0.006566592214433295     2.0107574220074005
0.101                     0                        2.0089214233671986
0.10717076571501737       0                        1.8910050092844344
0.11007122565143358       0.004636990068540946     1.8388691674977473
0.11334153143003475       0                        1.7818607956256292
0.11575762785095532       0.004635734002681389     1.7413640789314533
0.11951230063178275       0                        1.6780162339100189
0.10680676750699614       0.010613959126645717     1.8947397818182588
0.09998207584875335       0.014303304127862631     2.0166805567243844
0.12215937354746462       0.004704471518228998     1.6356980930030214
0.12563717488231163       0                        1.5775901666631125
0.10538945477574461       0.019533533744296474     1.90618740275304
0.09844011500720216       0.02259521536451497      2.0137516627354164
0.07735285143103361       0.07100593615131576      0.7346559595365594
0.07573006709216684       0.07573006709216684      0.5809349491381245
0.07141778489984131       0.07141778489984131      0.5915313406238931
0.0759099621268964        0.06662340166858159      0.8404340551232373
0.08077008084549443       0.0738722734944907       0.7500919478078446
0.07941613913680981       0.07941613913680981      0.6108864236026741
0.10304514124824891       0.02805393178587288      1.904688692651163
0.09621202646827007       0.03072858543553377      1.9775650204926
0.1275348017290504        0.0033685818245405047    1.5474405031600917
0.131                     0                        1.4940833651078482
0.13092019833950186       0.004571834068020416     1.4918586263460363
0.1306808905840373        0.00913809806047683      1.4998996710060002
0.12699576234919108       0.00713076346081019      1.5585722740736607
0.08334463495181121       0.07759230523050031      0.7532954748357028
0.08227090258550307       0.08227090258550307      0.6597668920488929
0.0854911030204354        0.08109708852196994      0.7749002009743958
0.0845449428155404        0.0845449428155404       0.716772651932692
0.08292193859857698       0.06744800972495689      0.9603364033778768
0.08081133315778931       0.06058488617849161      1.1445911710017698
0.10021213738608206       0.03651101829204966      1.8529797090259443
0.09331340360253154       0.03864723415861805      1.8781922265400066
0.0879251678213489        0.060920861284989275     1.2401375632051306
0.08558585650749541       0.05362892098372303      1.4509343326659359
0.13028236829324352       0.013693228688066203     1.5167993070578214
0.12657524609527115       0.01136075727212311      1.572122553571418
0.12615579578869382       0.015540335452386941     1.5906914190299608
0.1297251170051448        0.01823167622577572      1.5454433502137206
0.08744480991948368       0.08348918461211585      0.8208481724367337
0.08653763982298077       0.08653763982298077      0.7803832870676569
0.09775864426650702       0.0455231733696801       1.7120404494780879
0.08976424209638645       0.04629666122801219      1.7026278937610242
0.09265375637980405       0.05367343745165371      1.5001590576848678
0.12558482201883697       0.019776480679324072     1.6173380763650345
0.12900981564459926       0.022747911274367875     1.6062815221077802
0.12813733569613012       0.027236431497119414     1.6071420263962137
0.1248061368163798        0.023949017683166863     1.6445069768755352
0.12710874014215648       0.031691768323553        1.6409796481775742
0.12354206113497897       0.02808977533967474      1.6739166082602759
0.08930155854218551       0.08556987892555391      0.8759293291468251
0.08867755462829124       0.08867755462829124      0.8599190541088744
0.12592528216791887       0.03610849361203038      1.7017072373162814
0.1223823009134026        0.032157659875999174     1.7103528971148778
0.12458840363466296       0.040481226263124996     1.8161332516929785
0.12141561235196874       0.03679895957415389      1.767484643456549
0.09126567538989967       0.08815233622560102      0.9398977215196075
0.0908469288454822        0.0908469288454822       0.9422364693724875
0.1214610849482519        0.0490734637374778       1.8108719657270562
0.11967445495118227       0.053282500242926564     1.7189231282723008
0.11721670663230645       0.04891455149393613      1.7793278030909887
0.12309973332295399       0.0448046387756626       2.1263049290773384
0.11887629661702287       0.04517089516821104      1.8520162443054506
0.12030348490487694       0.040944370963610394     1.8376992367243046
0.09268653820971183       0.09028689205602786      0.9850132671313879
0.09263098833543773       0.09263098833543773      0.9989061379147646
0.09423351384439589       0.09100024653009499      1.02043686397503
0.09382680702465872       0.08879455418162631      1.0123598941453331
0.0958073349121107        0.0893417851681881       1.057535129771965
0.11774202006518941       0.05742662022937241      1.691522962330825
0.11570178567752049       0.05287825348143176      1.7203149243299436
0.11566613466451613       0.061500774724958095     1.7288484872377554
0.1137419115301738        0.05659248635491818      1.6889711988798857
0.09735197213753835       0.08765610943301085      1.114304113111732
0.09518837957910563       0.08707035145214687      1.0596811148200624
0.09886695500918308       0.08594373279775659      1.2026237361717662
0.09643191488099306       0.08530112784790199      1.1235202727520248
0.10383082854079229       0.07987589776980678      1.3072675392555126
0.10192449456683922       0.08229457702239182      1.344857818090939
0.10079354859337691       0.07925856682266984      1.2657637992404067
0.10617032118261631       0.07673892688837998      1.3259286233925922
0.1025551025260083        0.0761555207945195       1.289130164651295
0.10872136600549726       0.0730798506696527       1.3929354656331137
0.10475374073325541       0.07249283468024986      1.3540122109938058
0.11114997699042788       0.06933024314848013      1.5137881746219646
0.10693510613713934       0.06860031135228181      1.4610071302236822
0.11344932789576148       0.06549999999999999      1.900419243725775
0.11148638422152118       0.060618581840693596     1.6745016207416838
0.10920946014766303       0.0641694108336348       1.605742643263702
0.10035182204858613       0.08420517686893664      1.4740453465617442
0.09923678110635839       0.08161408797033413      1.2614210758944993
0.09784015884034246       0.08357878703105957      1.2040595363286029
0.11266592670335021       0.008837690208873901     1.794324533429307
0.11779590285069086       0.01004132780467291      1.7107938021751756
0.12322194214224773       0.009251434263480586     1.6226501875096975
0.11370546487273027       0.016319008703995705     1.7795412085006337
0.11906239081598262       0.014939948616666953     1.6971570827578535
0.12251072838467969       0.013045250922605037     1.640428843725277
0.11868389690343592       0.018438046267458576     1.7084781510486906
0.11050827807407396       0.024970778460120444     1.821142562155566
0.10744427514625757       0.03337305331447766      1.8275891111485114
0.11678096357771126       0.02283223714210757      1.7424977954600929
0.12225210639365587       0.017138619879637645     1.6546072554483826
0.12151500445030639       0.021091657339384288     1.676820460195142
0.12093433830401963       0.024887778100292197     1.6946227203032371
0.0856122532366712        0.07277093735772606      0.9009177570542238
0.10520641302435273       0.041476005297390775     1.7734536412951558
0.11381428669853699       0.0332620662623971       1.7863391881960438
0.11200376598849134       0.039814576131330916     1.7890977774512142
0.10931288394086434       0.04549752721636902      1.7446215442253974
0.11788351493778515       0.028615996557917776     1.7408565245391254
0.11852483580001474       0.033716474616195265     1.758062189908835
0.0870035930059393        0.0776202807687617       0.8618548045643358
0.08923614022728543       0.07500124833716805      0.9630025949149559
0.08824325643953593       0.08065999743517657      0.8675176547749219
0.09136516555339068       0.06938872198857013      1.1101854520443422
0.09469019538251791       0.0612917253891289       1.3426842127001386
0.10450679059361073       0.048136701763863865     1.689539181648786
0.11143147496882408       0.04849498214861171      1.7323503889835787
0.10863920994534049       0.049597662948085285     1.700263637321148
0.11424256651092658       0.04562175178709937      1.7792270093564697
0.11716152902183131       0.03768479772393102      1.7910268791596577
0.11684440757666983       0.04178683131765146      1.8175879290812431
0.09309574725242449       0.07513080303480796      1.0703458453348471
0.09073579173023347       0.07855633490331641      0.9657750894193106
0.09055035887622416       0.08252556015147355      0.9297643611268641
0.09380062984812497       0.078532881480391        1.0620194422014597
0.09175673874198634       0.08528574255484064      0.9580554259452351
0.09640801332567094       0.0726236496120154       1.184196863746324
0.09790046101081913       0.06775545396519056      1.2845368083997761
0.10037989156102203       0.054438793560831936     1.5588663817834327
0.10113352703658685       0.06259805680045105      1.4342358423151846
0.1064882701066189        0.0534192375578137       1.6415320323789866
0.11401246520867285       0.049672932717517965     1.740815771521249
0.11146979225378673       0.052455124676510846     1.6971157154426506
0.0959961084431052        0.07697967585820319      1.1372823312407114
0.09314356759803483       0.08101018330655912      1.0257125804481921
0.09301393257245774       0.08336518096102229      1.0086565268524998
0.09558514906605699       0.08003822385507336      1.113705646590619
0.09333110065004059       0.08687863305642798      1.0035423099557181
0.09417550629262267       0.08511593846655335      1.0401885820942915
0.09921186878409781       0.07620913395369225      1.2242454968019552
0.1005703073107711        0.07235776328239985      1.2803692776569637
0.10256810793447148       0.06796804759589639      1.3787320006100778
0.1052079850115211        0.06456148118577695      1.4889512186618528
0.10631276873558612       0.05950634080607814      1.5751872638499385
0.11015753116292307       0.056662815548682105     1.6571709909128312
0.09800221603616546       0.07940218342527464      1.1938221912144453
0.09533097133115269       0.08279459492698038      1.096284212337001
0.0972374011397588        0.08150982413303186      1.1754268097300387
