% Model:              
% Version:            COMSOL 5.4.0.295
% Date:               Mar 28 2019, 16:03
% Dimension:          2
% Nodes:              193
% Expressions:        1
% Description:        Magnetic flux density norm
% Length unit:        m
% x                       y                        mfnc.normB (T)
0.004040932544455058      0.18925250247617506      1.1278287456277434E-4
0                         0.19100000000000003      6.562085174478828E-5
5.6639914450522176E-18    0.185                    1.6374347607932103E-4
0.0065889377029777416     0.18488262736110794      1.9542504103988874E-4
0.004783931398084552      0.19432208288287964      7.4183943351094E-5
0                         0.19700000000000004      2.6517627360426782E-5
0.004243929441899807      0.199964188637679        9.449002008111465E-5
0                         0.20300000000000007      1.1416305888511281E-4
0.01085092626089404       0.1905271410678937       1.8140964133556408E-4
0.014334217292263546      0.18444384027290847      2.7899459030355963E-4
0.004387655221716484      0.20565577868878535      1.6454478615656257E-4
0                         0.20900000000000005      1.9755327406686357E-4
0.004027344545078627      0.21054895944335436      2.2586827330498276E-4
2.983724378550861E-17     0.21500000000000002      2.763307224043451E-4
0.02261795455440774       0.18361216771165992      3.714799995241766E-4
0.019658694586494115      0.19143499782014328      2.9728334370594957E-4
0.006512511513211119      0.2149013429315655       2.904739315266629E-4
0.027474697393089078      0.18881044937847488      3.951824915100831E-4
0.030853990609155557      0.18240896705888704      4.223503171133693E-4
0.00986850991284181       0.20864483171403025      2.4023450165566534E-4
0.014170253065020049      0.21453252417308036      3.397683219839712E-4
0.03575389184277571       0.18737992272619408      4.530874347800885E-4
0.0390251308910201        0.18083705139970277      3.5065749171001525E-4
0.04426807463634518       0.18607537015989245      5.091214642011661E-4
0.047115938985236056      0.17889965984746733      2.1969524666365053E-4
0.017800143463855157      0.20784885641387774      3.197033248534215E-4
0.02219964130966406       0.21385082633864727      4.2256526458639014E-4
0.05253552587394894       0.1832723682096669       9.413962744333418E-4
0.05511108706712879       0.17660058913344356      0.001452430802790594
0.02553420550916863       0.20691557575397412      4.2375850405089064E-4
0.03019687476261826       0.21286885341583145      5.379580657109941E-4
0.06886806906160928       0.17810435339970998      0.008190070436652855
0.06299537189725858       0.17394419541774334      0.0049114474694797496
0.07075425882289263       0.17093517735803565      0.013664477371493101
0.07704566573518189       0.17500607103149873      0.021803744070464943
0.07837436662432783       0.16757821653256558      0.03440313342099705
0.06133596455462279       0.1817549901666234       0.003099031389731461
0.03351172082098282       0.2062006704208598       5.666453239932536E-4
0.03814719019447827       0.21158873287646085      7.039028667225484E-4
0.0848875657948917        0.17133414386209467      0.05277844301164267
0.08583943729184798       0.16387980658219883      0.07820545559125965
0.09236195187076643       0.16714419763845903      0.11291010431086723
0.09313309107112137       0.15984751279747272      0.1539117123311249
0.04147956540083502       0.2048016112234958       7.755645489377675E-4
0.04604140467386273       0.21001235453100756      9.701503008582172E-4
0.10006391020233464       0.16330895910499404      0.20514008464632758
0.10023913218845544       0.15548992371888715      0.25297652690691436
0.10753604713907544       0.15848056511979985      0.30799060908814274
0.10714187860779179       0.15081650389925236      0.3544731338345553
0.04940948750247393       0.20335356486576628      0.0011457038633229417
0.053869130105304655      0.20814205923286566      0.0014577455248313373
0.05606185145787268       0.20152971119863006      0.0017432717307714542
0.061620319210100874      0.20598042688674395      0.002421259752296205
0.06317171241194068       0.1987682624936242       0.0030526149818363053
0.0692849903893626        0.20353031741425137      0.004435717583775301
0.11464063580715247       0.15328089146664797      0.40081085699879937
0.11382782948030032       0.1458362960164707       0.44872222652061433
0.07070157531934185       0.19619915622959452      0.006004965942619797
0.07685320115191528       0.20079488408000648      0.008788943447751803
0.12124171078090423       0.14781097662097223      0.4857671096371678
0.12028211248999744       0.1405603550612462       0.5377725757068235
0.07836946772147939       0.19380905428977635      0.012707165757693884
0.08424883164656344       0.19780579962728345      0.018450812010342307
0.08571914057301261       0.1912203543834322       0.027704870204248045
0.09121635109074143       0.194690978973579        0.0404643358591912
0.09183506686413147       0.18838349188075584      0.05778628868393796
0.09774527065013326       0.19149637611592601      0.09540947730509476
0.09760777181998458       0.18543336927866513      0.1265547642982317
0.10323916010341395       0.18859129306821582      0.2509975051437552
0.12764858501177284       0.1418000377974784       0.5716980418607392
0.12607267621060753       0.13539084279631067      0.6178869233682992
0.14300006035581034       0.14300006035581034      0.6480667106186296
0.14487099699787925       0.14487099699787925      0.6457236833623661
0.14205897400170156       0.14565382489552753      0.627857623234334
0.10233795934186425       0.18354818742489348      0.26112431114267265
0.10749999999999998       0.18619546181365432      1.2111496332356593
0.10722082363152763       0.18189918561458146      0.4818653592122628
0.1113758070152           0.1839033159345232       0.7598863820770921
0.11109964674745125       0.1795491622925151       0.5048868605375877
0.11520276092047683       0.18153050398293852      0.6013251375749938
0.14661108138380138       0.14661108138380138      0.643432500996514
0.14404217375356118       0.14743652187966758      0.6282493235263475
0.14081813047934183       0.14081813047934183      0.6513810924455615
0.13990165460555207       0.1437119077162298       0.6280311419523006
0.1381037977237885        0.1381037977237885       0.6570511282575736
0.13670433025367074       0.14165667730007836      0.6243594006204294
0.130537738376556         0.13646307221948512      0.6316414892553688
0.1308147545195113        0.1308147545195113       0.6843459727593475
0.1346813060743764        0.1346813060743764       0.6673715166751978
0.13352167634922554       0.13962744916332556      0.6218208006440941
0.11488333091343372       0.17706725909222254      0.4751787448132034
0.11897918308738614       0.17907806675262733      0.5352352353377894
0.11859431447035056       0.17457209892392236      0.45369035366861565
0.12270341705215326       0.17654707996374644      0.49157993415116374
0.14612076056694268       0.14924273389702575      0.6288409395919179
0.14859044712660371       0.14859044712660371      0.6397677602851243
0.13975230276083883       0.16338388498576897      0.5120330034498265
0.13909355012163677       0.1604199622583806       0.5357459982823399
0.14204293482009822       0.1613964208639503       0.5476479291278437
0.1361796369040861        0.1624402571086334       0.5005221766861286
0.13680149897079585       0.1658624426425209       0.4820810297326769
0.1328528332233249        0.16433987718679471      0.4716782556696068
0.13338443605598968       0.16862263257945467      0.45372119822491247
0.12990633128790705       0.17131650560093928      0.41933979878683275
0.12940973023092692       0.16669744824567537      0.44323989463921953
0.1263738292428817        0.17393865379061368      0.37282175951752744
0.12224704239003131       0.17201691535046051      0.4305134453098791
0.12585184053877507       0.16937924700843654      0.4177089363201647
0.14134769531387745       0.15883672866427526      0.5737726430321913
0.1438630803671545        0.15977613747763975      0.6540205398277681
0.1455283334817574        0.15826087373075653      0.6364704534233434
0.14337871828978963       0.15745978161829097      0.6117707882871871
0.148263331859441         0.1506598706938888       0.6295154233431428
0.15045747836038703       0.15045747836038703      0.6340381563539497
0.14504683894572543       0.15607983717286833      0.6162405539335029
0.1471776277746634        0.15672825489560827      0.6219685516474119
0.1488107823821369        0.1551784490411489       0.619181538729686
0.14657306872827794       0.15444071003863566      0.6178674342375335
0.14828790553420146       0.15299736081589235      0.622332310669196
0.15042761821037376       0.15361162612105314      0.6211234612017743
0.14984999481163647       0.15196805493540175      0.6267441997938139
0.15202795795510773       0.15202795795510773      0.6266098388426469
0.009412827589318622      0.19779848126828747      1.4596003805206981E-4
0.008186147430478663      0.2027766923376486       1.639281359381932E-4
0.014916775908367725      0.19649438471124842      2.239101189810882E-4
0.013733594027323         0.20254386310717204      2.296436949403328E-4
0.02611628090689406       0.1951722983637121       3.835521575636111E-4
0.020927837077808854      0.20016744029274552      3.197554153903018E-4
0.03269086577205531       0.19422972974948288      4.759796870924716E-4
0.028735164875673         0.20076210548945192      4.4473936267604E-4
0.04082297688578572       0.19249786564146032      6.067184304734042E-4
0.049666934722696114      0.19161480465851932      9.883468530767993E-4
0.037001219614712776      0.19949777078963185      6.027137659311122E-4
0.05697398268989741       0.18840465232989645      0.0018511685738026036
0.04476752345547953       0.19811942255593873      8.413099836174252E-4
0.051357199912667795      0.19807861242606545      0.0012493870508492172
0.056943259604748137      0.1948553412867149       0.001856439139792793
0.0685493886055325        0.18441165680491928      0.006483978616199858
0.07560857475973026       0.18211037296834054      0.01433020035200129
0.08405200539033239       0.17964722389738147      0.03617764888780862
0.06432627743545233       0.1905603282779361       0.0037751924814055106
0.07260805721624787       0.1895282392119866       0.008512189929634966
0.08058373193073005       0.1869242206016906       0.020056289801360563
0.08692032359645759       0.18577474365414012      0.038517225892048576
0.09148280296580603       0.17476400825974797      0.08507834645580829
0.09180154345445943       0.18168512887879248      0.07287114260884596
0.10004489634855736       0.17134750322584763      0.18546623758726183
0.09868763949187391       0.1788957501168132       0.1611176084150798
0.10337516502803905       0.17605382022317087      0.2496298129425843
0.10407755758348823       0.1796308410463487       0.2998237799189106
0.13229179880903144       0.15367748845839077      0.524746865676361
0.12843770489564124       0.15021459624824995      0.5187276376190197
0.13442528368561385       0.1500777384901233       0.5587099517440545
0.10757687236919072       0.166413575941883        0.2899528223475989
0.11482526739038987       0.16148578542667702      0.370435838571413
0.12174835553583532       0.15610868557928614      0.4415462788564922
0.10676593211572435       0.17285221110510116      0.29556740184705305
0.11077579792154335       0.17103352435808583      0.3460138688486893
0.10729979960055137       0.17754279562174358      0.3584843982027386
0.13521280177155698       0.1539042330930208       0.5435939598500995
0.13789647044403944       0.15251143276120252      0.5695715520367918
0.13666464097093642       0.1472206263940402       0.5889127136885884
0.13830812839866272       0.14950278681079782      0.5867296192662486
0.1392760869242505        0.14653760344694408      0.608042233463941
0.13747368703152626       0.14478003685270235      0.6081871200018273
0.13355491322061586       0.14505786237190027      0.5835975362376348
0.13348791596999202       0.15682895937219715      0.5158611783238638
0.12871942860203883       0.15703468143050414      0.48375472859365337
0.11403051814559934       0.16789532022827852      0.36757903599106667
0.11803337966392469       0.16607830746997465      0.39535334289130725
0.12117374534285431       0.16283462490705583      0.4165652852476307
0.12535950611973787       0.16075546922188377      0.44681032744728577
0.11082627423092174       0.1750437814559364       0.38852058544689694
0.11460577872770246       0.17262157525566338      0.40472319946063545
0.13685767835532117       0.15579433684040242      0.5459331022852135
0.13931015101541847       0.15505891388833856      0.5693551994250079
0.14034735754459118       0.15318918021030742      0.5845054462623824
0.14047835696066202       0.15089962862305897      0.593929751083848
0.14124943351544803       0.1483564350701281       0.6096797185060124
0.13621643143080137       0.15887632673896332      0.5235421056866136
0.13236546712887895       0.16035647015791568      0.48977182741284736
0.1289762300492719        0.1620600123865684       0.46190027525706867
0.11816244830209205       0.17013682478329856      0.41044032096949284
0.1218263445578861        0.16755191875917222      0.416003639151639
0.12548961110963902       0.1648655930358071       0.43373962325957044
0.13902229950011863       0.15758615518869237      0.5549278182821203
0.14134360430377796       0.15464623819853354      0.5880821032599703
0.1412451123003005        0.1565818156362152       0.5829548105458427
0.14270820499905806       0.1528296875804036       0.6016655419183711
0.14333288105385025       0.15010824476477255      0.613298859372885
0.14306701315883963       0.1552198562765013       0.6016407811699377
0.1445997470995266        0.1541694820447994       0.6108751008787785
0.14562266285899433       0.1520219692031381       0.6178376059111363
