% Model:              
% Version:            COMSOL 5.4.0.295
% Date:               Apr 9 2019, 17:10
% Dimension:          2
% Nodes:              142
% Expressions:        1
% Description:        Magnetic flux density norm
% Length unit:        m
% x                       y                        mfnc.normB (T)
0.1697362888082013        0.004745025796572744     1.0964197910941864
0.16699999999999998       0                        1.115197148621412
0.173                     0                        1.0783147633358476
0.16429634979696356       0.005156118019051831     1.1326981552817967
0.16099999999999998       0                        1.1566277283987458
0.15924627663777857       0.004561565250279253     1.1690005402162882
0.155                     0                        1.2015779270867926
0.15485071161624914       0.0068012581145869225    1.2016406662709942
0.17549976322536137       0.004680618622148552     1.0619089667711001
0.179                     0                        1.0491659588763715
0.185                     0                        1.0702814417837856
0.1805440222215383        0.004344825873408791     1.035138324870734
0.1602489502774314        0.010685817658600627     1.159815319289233
0.15429373800617546       0.014779797430333053     1.2028047264171384
0.18486748196016464       0.007001008049428838     0.9944190821768709
0.15947335383410272       0.019734894327670078     1.161271051538457
0.15327107334300988       0.023086317945521163     1.204940974651721
0.17844677560198013       0.010340537161353382     1.0328092607759165
0.18439717706243686       0.01492250285321696      0.9761943866721067
0.1582584026805083        0.028097083327430373     1.163638754202651
0.15180028685763136       0.0313316598657146       1.205285469200998
0.17783992575400498       0.017828499619406732     1.029237130133055
0.18358761990882694       0.022816349756524114     0.9817376226591921
0.15692539053507698       0.036487599127382184     1.1599613795114698
0.1498865356337454        0.03948450880679621      1.2000815551778914
0.1541712606893961        0.04457178713301363      1.1563623642256806
0.14753556509668703       0.047521121952256294     1.186908598034817
0.17695871416604686       0.025835409082203085     1.0416086582253385
0.18244029263734401       0.030668218441902574     1.0129859736740061
0.11710048961102687       0.11710048961102687      0.5559646636311392
0.12066259638134234       0.11602377979225542      0.5864152574219517
0.1198029025717425        0.1198029025717425       0.5542018545949478
0.1524466498000558        0.053442844835218155     1.1335540068304624
0.14475396006911478       0.05541922991443603      1.162480943735516
0.17564151147349275       0.0337207799037871       1.069775736998549
0.18095730613575406       0.03846366280128547      1.1207440635578745
0.12273215163799786       0.11879614967370894      0.58167083262349
0.12191795942021305       0.12191795942021305      0.5561320437602247
0.12439190999795556       0.12092014816574274      0.5816926066433119
0.12373574676369933       0.12373574676369933      0.5609809353510846
0.1260230326706213        0.12305360881947666      0.585062883300316
0.1254500430906005        0.1254500430906005       0.5693866784080481
0.1278934000879767        0.12492608041776636      0.5962632460693975
0.127402860623675         0.127402860623675        0.5852003989997255
0.12947004070106982       0.12702333530619822      0.609575971969139
0.1293033943524142        0.1293033943524142       0.6085214002193339
0.13077604323048495       0.12865776081588132      0.6252814716137821
0.1308147545195113        0.1308147545195113       0.6322373144231537
0.11829302213355869       0.11236710390130147      0.6007043546556733
0.11364064996464597       0.11364064996464597      0.5638529425249676
0.10960155108391487       0.10960155108391487      0.5810216984298164
0.11535062297855381       0.10940467414321006      0.6116505951355433
0.11430520241126288       0.10468677424450623      0.6541131502304053
0.14856498376560237       0.06147612035057214      1.1079807270377156
0.14154975616811535       0.06315589068920718      1.1197445000732107
0.14541803077203222       0.06959316726670536      1.0545960000933472
0.13793206517494178       0.07070887777765679      1.0562109547167529
0.14103877329552936       0.07706145958355821      0.986479126643533
0.13391130275086288       0.07805615283606246      0.9784743938771738
0.17441170459151167       0.04115873185310552      1.0693131309251376
0.17918788480880582       0.04600762912546265      1.0202949465528441
0.1323594521990962        0.12925159733463695      0.6438306920823541
0.11955534854153303       0.0986484598719744       0.7352121905628288
0.12173383513398306       0.10707246564653113      0.6618919656680781
0.12470907542304951       0.09204697989140187      0.8157846289892908
0.12850713209400533       0.09942075062280689      0.7499483136248124
0.1327978544533995        0.091863448275694        0.8287760710150547
0.12949939198658875       0.08517574464073578      0.8969656125514639
0.17253080213548663       0.04797599938077732      1.0503609349663718
0.17710410704343768       0.05347088243470971      1.0017392662864388
0.13833112889196972       0.08512232023607333      0.9024142739733759
0.13193257438033318       0.12689572256664583      0.6346844372664376
0.13427519987694378       0.12726024790957607      0.6560137985153772
0.16982266550116068       0.0551027756832986       1.0491464735501992
0.17470962849392796       0.060840329646655124     1.0135521573933737
0.16728160479694665       0.06257814092378407      1.0633787549965286
0.17200864988931297       0.06810304224669946      1.0654297902589216
0.13333475671519943       0.12408879201665617      0.6452538817784174
0.13667846315050056       0.12467556982351119      0.6689205033990024
0.16509354660578962       0.06985332869856803      1.0914542001790528
0.16900590966388118       0.07524627896902303      1.248825396134235
0.16225873522605766       0.07610581485055098      1.052033978248117
0.16559316320041567       0.08248578241903548      0.9838311048763547
0.13525111477249366       0.1207786282199293       0.6594517997877801
0.13939349911383409       0.12163244799313012      0.68042050253607
0.1585935216202364        0.08293068526597733      0.9582521128275746
0.16187048416079564       0.08957090128802749      0.8908781703482918
0.15444979313957835       0.08966798806905557      0.878878841563067
0.15784482864996452       0.09648839343912458      0.8224242938804093
0.1506494040633353        0.09612511782928182      0.8107374432393454
0.1535906714945641        0.10312567880915441      0.7537525170196483
0.1425207957495401        0.11795262938535044      0.688786126909493
0.137667805984854         0.11688887737499062      0.6749447937041722
0.14018797598561136       0.11257817966944073      0.6884742550010222
0.1461071608817899        0.11347994333388939      0.6866244301194238
0.14966814395936529       0.10874027167410752      0.6412461040443336
0.14685238645737253       0.10248281470012732      0.742423362618072
0.1433679083519952        0.10780953154435687      0.7035042312286913
0.17248129997643002       0.008696708556647966     1.0758848948713406
0.1674854174804674        0.01021485983700856      1.108468316317489
0.17246894309485414       0.014434201384274594     1.0710351903408406
0.16597674922360045       0.016907498151561513     1.1160422649006199
0.17139262141621928       0.021522378465600487     1.0773744693707938
0.16479120923852783       0.024852837236214734     1.1219793573783934
0.17015185206109995       0.029326277460600333     1.0893998335810322
0.1632891008625231        0.033089106163925436     1.1268151830153208
0.16883795520978973       0.03693715391187116      1.0959565974028143
0.16241634946879244       0.04169473474007211      1.117458508185785
0.16882899396976692       0.04334480450182047      1.0826144475083896
0.15927435924612007       0.04909029587871965      1.1151647290073705
0.12669281141961553       0.12102807340270925      0.5993641708640244
0.12395634042264123       0.1155127364273193       0.6102107218305627
0.12209067684889226       0.11256328356020132      0.6198615331442576
0.16564849545680846       0.049163254800322964     1.083065427245738
0.16162898372035134       0.05657277016394977      1.0861242809167204
0.15529264233956525       0.06104470690479238      1.0930810830063589
0.1260922646272187        0.11842461064448438      0.6072895506750778
0.12704812311366814       0.11532957108622177      0.6295366290457901
0.12857013307356174       0.12232052441546168      0.609806701470079
0.1284296670744891        0.1199664369812266       0.6168461027717778
0.13044429036833177       0.12430611025118604      0.6214526689121962
0.12580759017293594       0.11184033203359922      0.6438749298908569
0.16037564593133685       0.06499236231045862      1.077021793198836
0.15337854414215887       0.06870158239921652      1.059212745424485
0.1595363643565625        0.07117716407571661      1.0639617418741456
0.1487486016504855        0.0762191049948891       0.997411036692278
0.14534940585531325       0.08214642752273707      0.9376934791200524
0.12939484872416365       0.11741915877446217      0.6333423710728383
0.12999558557486007       0.11345169734347055      0.6547548745975784
0.13142689774259358       0.12061647332908865      0.6358665619755257
0.13007193732728758       0.1073397688536005       0.691390986481559
0.13434642621014278       0.10275405190582665      0.7341135136807259
0.13622115951449523       0.09721356782382018      0.7826732345735993
0.139519235173614         0.09220132809148252      0.8329907406689434
0.15568894822797244       0.07642090508192721      1.0112603131212872
0.15161790760990687       0.08339108811519019      0.935052405645306
0.14620193820895536       0.08935168093826575      0.8683257007448688
0.13300300433754492       0.11677059464496067      0.6555623203173943
0.13464800977356017       0.112010758667979        0.6793296295571679
0.13672792338872947       0.10738777887507042      0.7069550449891434
0.14016874944195085       0.10240920692554017      0.7423306036847718
0.14349669272896975       0.09680749670403963      0.7938458792016215
