% Model:              
% Version:            COMSOL 5.3.1.275
% Date:               Aug 10 2018, 13:15
% Dimension:          2
% Nodes:              63
% Expressions:        1
% Description:        Magnetic flux density norm
% Length unit:        m
% x                       y                        mfnc.normB (T)
0.004842262963780627      0.06181061793405401      0.0018743376881010033
1.0408340855860843E-17    0.062                    1.8951499563773673E-4
0.0031663211009933137     0.05877397549568856      0.0016795266541631507
9.669684408025554E-18     0.057599999999999985     0.0015483130762087088
8.931027960190268E-18     0.05319999999999998      0.0031369691319660348
0.0036008789981614377     0.05507570707785775      0.0029739017231317955
0.010566816243704388      0.061092899705872415     0.0049111799753744
0.0072017868862114635     0.05765316193209151      0.0036657252282230666
0.016624267712978206      0.0597296720483817       0.01084767393355854
0.012631093483622168      0.05626883832832928      0.007997708093838402
8.192371512354984E-18     0.048799999999999996     0.0038649887948765654
0.0038886373397978        0.05052809096592686      0.004310221738853415
0.022447234772982286      0.057793785574632627     0.02262377679278631
0.017924231266719087      0.05477215242272108      0.016316586192797262
7.4537150645197E-18       0.0444                   0.0030124508324483545
0.0037427809550551563     0.046390410395727916     0.004414758788120283
4.806011394408464E-18     0.04                     2.5131212993233893E-4
0.0029179450963556877     0.04288790389995332      0.0031249867649304807
0.03244082528489487       0.05283552644608478      0.09110636632457253
0.02795763227424348       0.05533869168690365      0.047215639811727585
0.02820490523202264       0.050610324068218644     0.06851711230175629
0.023204108139966286      0.05271424621854537      0.03367899075194814
0.004501310926337253      0.0397459205446853       0.004222792125889438
0.03620880080685761       0.05032815061304466      0.170669932880088
0.03236345183253998       0.04886768620675118      0.1259430240060464
0.009726984114233056      0.03879930128290275      0.012898628065638332
0.00789758587904779       0.04340853610861697      0.007635234416751386
0.03939384791082589       0.04787613963947719      0.3272619405636162
0.03596224389513547       0.04692105016258712      0.23120422252801356
0.015298072820913437      0.0369590174107217       0.037275446655798135
0.014074190812068527      0.04179994778590014      0.02118458085831314
0.04190355230283697       0.04569564863751697      0.6894193412408488
0.03908326552158572       0.04517382553284337      0.433239579877498
0.02054875238488645       0.034318344590388156     0.10095335565727925
0.019963682041432586      0.03935946628690174      0.058578728358490095
0.03961733994551704       0.039617339945517034     0.6344773815395468
0.041944941326763255      0.041944941326763255     1.014083357636439
0.03911473072201409       0.042151272449143365     0.5465153504537915
0.03711755246251411       0.0371175524625141       0.4912180440256651
0.03607105904802552       0.04043661670077016      0.37542458750805907
0.04384062043356596       0.04384062043356595      1.964304087232676
0.041192599337949234      0.04377211958421599      0.7836996201273319
0.03447443928821531       0.03447443928821531      0.42007017452631557
0.033111716638736154      0.03792003264071701      0.3036662397579151
0.02492170142361266       0.031287518248533285     0.22775941108838604
0.02538932647006461       0.036125106231640815     0.14979800819927722
0.03142996441544009       0.03142996441544008      0.3918760753626456
0.030309074938028074      0.03512815359622324      0.27180944059444556
0.028284271247461905      0.028284271247461898     0.4068418675921729
0.028174349871127193      0.032281515062347915     0.27967357001540905
0.008859279838020213      0.052307254400635474     0.00631250996073602
0.01411867024838935       0.05222954678288502      0.011821904061039855
0.007136766367095998      0.047998532183236395     0.006165206352899272
0.012798727531574369      0.047463998232735845     0.012949545914194867
0.018520456432000995      0.04989716355335263      0.023352444299352664
0.03293660758776222       0.04555358423028334      0.177070342134446
0.02909323697675992       0.04603244297990216      0.10677023973542704
0.024170188861829242      0.04787336000544364      0.052473473240876554
0.019073167371202324      0.044634369550677996     0.03469940142271247
0.035787489711241405      0.043726914753123014     0.2950835428891276
0.03169718644894535       0.04208856169803606      0.19553411039404114
0.025627149120479593      0.04240063791189219      0.09320788189067289
0.029274652944585058      0.03853786393897829      0.19083278338013798
