% Model:              
% Version:            COMSOL 5.4.0.295
% Date:               Apr 16 2019, 16:42
% Dimension:          2
% Nodes:              291
% Expressions:        4
% Description:        Magnetic flux density, x component, Magnetic flux density, y component, Magnetic field, x component, Magnetic field, y component
% Length unit:        m
% x                       y                        mfnc.Bx (T)              mfnc.By (T)              mfnc.Hx (A/m)            mfnc.Hy (A/m)
0.0046634773123270775     0.14942288847038165      2.1180149370011062E-4    -3.452634442364945E-5    168.54627338309766       -27.475191909585533
0                         0.15200000000000002      1.734668610324087E-4     3.063904986698839E-7     138.0405419797136        0.243817811898514
0                         0.14600000000000002      2.1561719150396232E-4    3.9253390938522945E-7    171.58270921723712       0.3123685600492269
0.0038848850741499165     0.1441631795632208       2.237121242861328E-4     -5.024072382066991E-6    178.02445204863244       -3.998029770287175
4.286263799224919E-18     0.14                     2.2155897526096008E-4    2.2819830939273334E-7    176.31103049578374       0.18159444472533598
0.006455638962440695      0.1398510805306367       2.23296924166065E-4      1.194524088712696E-5     177.69404629122673       9.505720668048363
0.004354694876705074      0.15500953432391446      1.460956029205203E-4     -6.488349944274459E-5    116.2591868439577        -51.63264830706519
0                         0.15800000000000003      8.571391551851625E-5     3.7013481398421554E-8    68.20896673266488        0.029454392627993542
0.010808976510930332      0.1454442668022054       2.8336644798332894E-4    -6.373344661234967E-6    225.49585451469616       -5.071746534319431
0.014023776387711979      0.13929584952835983      2.4653422916612685E-4    1.304418001240967E-4     196.185706065696         103.80228637777499
0.004495541360795388      0.160662855193439        4.2025182296769204E-5    -9.253207150568473E-5    33.44257748434414        -73.63468287331223
0                         0.16400000000000003      -3.6487538328179815E-5   -3.509202188715677E-9    -29.035860430924043      -0.0027925343732149908
0.004225404184876586      0.16561128253994126      -7.212977154356332E-5    -9.595404784736237E-5    -57.39904842623616       -76.35780512291979
2.7755575615628914E-17    0.17                     -1.7102614966842236E-4   4.3470738207984184E-7    -136.0982855885187       0.3459291432827202
0.02213326266617897       0.1382393528766318       3.4526613328483884E-4    5.814789402914217E-4     274.75405897253637       462.7262382560841
0.019142906031975365      0.14677865349730482      5.507781243195539E-4     1.5848333830542235E-5    438.2953051616973        12.611703344506546
0.00675218934644892       0.1698658527751523       -1.755305163650384E-4    -1.5312186041100862E-4   -139.68274671484343      -121.8505048991961
0.03015969973309813       0.13671281034346916      6.709436679254427E-4     0.00187051203870796      533.9200064327068        1488.5061853663526
0.028141143468069004      0.1450503268824244       0.0013760362114981462    3.532050445105391E-4     1095.0148246668737       281.0716437942261
0.010104156549830955      0.16362337426083684      -1.0307600254535228E-5   -2.4140486036517087E-4   -8.2025276596228         -192.10388406762854
0.014690092568643507      0.16936410830020834      -1.9491054109219318E-4   -3.814783737688635E-4    -155.10488037769267      -303.57084433986125
0.017860952232170768      0.16206235829689744      9.454307657252133E-5     -5.074829969879231E-4    75.23498985816168        -403.8421375285869
0.022994253423032584      0.16843771641030217      -2.501954262746229E-4    -7.774611618813331E-4    -199.09919415295056      -618.6839348769121
0.035690340948923316      0.14139159162926643      0.002935642217165737     0.0018570485187926263    2336.1098500558915       1477.792256636645
0.03807393223009734       0.1347233301419541       0.001811993681907562     0.005282868682845293     1441.9387566343594       4203.9733229009935
0.02568932329416918       0.15911323663948948      4.518276277797855E-4     -9.390568635547355E-4    359.5530019331892        -747.2777083955383
0.031220787448709094      0.16710853488401645      -4.172918379230348E-4    -0.0014909621025954525   -332.07029358676505      -1186.4699429537593
0.044151491956332764      0.13941037027514613      0.008035791010118412     0.004648150206688957     6394.6793045688          3698.8804081408125
0.04585926654844507       0.13227595273381582      0.005147935511282817     0.013772136816118816     4096.596916694819        10959.518256115933
0.05185548088013747       0.1360087589500949       0.019396862178645006     0.013016339498990045     15435.532481017915       10358.073861132752
0.053497322823257254      0.12937556357652788      0.015397096493456669     0.03466611275986666      12252.620080982588       27586.41601756903
0.03936147442814028       0.16538039282467218      -8.292209010603303E-4    -0.0029389302232018526   -659.8730265943352       -2338.7263621237107
0.03461153074215864       0.15930106978772857      7.631412989019953E-4     -0.00215533118753836     607.2885499891107        -1715.1580624842745
0.07508411937997113       0.1252727675826594       0.2025189523942801       0.14756651029055734      161159.46171670957       117429.6977378162
0.06824401593813026       0.12224055909818242      0.08906314804257694      0.15832621320772752      70874.20129150692        125991.99726515582
0.07529320967662272       0.11802937166905586      0.17153126641528257      0.2669553070277755       136500.24472402516       212436.2834904253
0.060966486876081576      0.12602812177442216      0.03940301103131802      0.07851698241712991      31355.919891693717       62481.8293417283
0.06010060302173026       0.13487796124913293      0.05155799174323567      0.019792724634279887     41028.546209135406       15750.549814011854
0.04224003354290686       0.15851839952824268      0.0011587737234649786    -0.004422117693501676    922.1228300722615        -3519.0094492746134
0.047399272079676376      0.16325841174750175      -0.0018249669815348377   -0.006064706948359963    -1452.2625804538256      -4826.140446176261
0.08231339345446284       0.12102429712308585      0.3035410905389764       0.24996457457381438      241550.32495391314       198915.4882064263
0.08207721374772112       0.11341662569222777      0.2741372809676539       0.3765165927348306       218151.5167588694        299622.3844493315
0.11243363086955206       0.1275095237599502       0.4407902266532817       0.34328506728974856      350769.7171923335        273177.576743987
0.11082465592472185       0.12891041710880852      0.4988607841546462       0.355246924880811        396980.79856455495       282696.52056488144
0.11040959556209155       0.12677702083208728      0.49298870063975775      0.3125713441153404       392307.94297634036       248736.37242417116
0.06868647769735751       0.13088067435398107      0.12508611655086477      0.05446511830330767      99540.36880619534        43341.9640202814
0.048969450252018584      0.156381747086026        0.002346290598271197     -0.008612882464501684    1867.1187332245072       -6853.914092474745
0.05531601403443261       0.16074868146066534      -0.004338528122963192    -0.012929525920367125    -3452.4909825639716      -10288.989810306077
0.08940010519421245       0.11610580563660572      0.3958293303390516       0.34887991793487494      314990.972721074         277629.81742415065
0.08857519259648614       0.10841787332582847      0.38146750334849155      0.4645998658958817       303562.1939341828        369716.8260858063
0.10888516554024238       0.13055275073805983      0.5387745278769832       0.35372565069212997      428743.1466181202        281485.9290302479
0.1083751438140276        0.12792005646486354      0.5243253996327155       0.3245950963455278       417244.8957009006        258304.5704339038
0.11375220308100592       0.12633462033115703      0.32907030974938417      0.1772450068483414       261865.83210697802       141047.09489135188
0.11196071877960674       0.12561453192557773      0.4713770351937098       0.26737437476162956      375109.92605540616       212769.76699709127
0.11506891484605235       0.12513650481035488      0.5236160076295208       0.10709322669128973      416680.37948140904       85222.08199789833
0.11335850330388829       0.12457105379498046      0.4903226513872913       0.19796251427547404      390186.36839105794       157533.56346920796
0.1147518423786721        0.12346250816953225      0.5529689403937386       0.17155939028364497      440038.7011997556        136522.6249873689
0.11637300800787705       0.12392466666164         0.5846076704206276       0.13542390425129427      465216.00258440245       107766.91887198512
0.056098704469534966      0.1536191354333306       0.0053115101892227505    -0.01806433210923227     4226.765509488846        -14375.138744189797
0.0631004203394881        0.15785543054637025      -0.010881577828700082    -0.028844205409494682    -8659.284500383957       -22953.489352395325
0.09586649265100786       0.11050084765302651      0.4834453083721514       0.4237137837965155       384713.55271006766       337180.7157369304
0.09432482131224525       0.10345447348671305      0.4827079905293381       0.5278007492100419       384126.8138134998        420010.4910219197
0.106639771864541         0.13239319867983632      0.5722525935836553       0.3438107120355643       455384.14482998085       273595.8715420212
0.10596260389979717       0.12919394479436916      0.5485269816489433       0.32097261669611177      436503.9027435335        255421.892721632
0.11542182525438505       0.11542182525438505      0.6595822810857191       0.2656184278705564       524878.9020531008        211372.42885948558
0.11313931375190535       0.11627135140773148      0.6290236834663329       0.2777566522743939       500561.1427276929        221031.72093063258
0.11382048348128021       0.11382048348128021      0.6571635318336609       0.2958488185711023       522954.1225552762        235429.0094174413
0.11607448491920919       0.12231568378915447      0.5965620022343205       0.17311839968449605      474728.95758195204       137763.2452497298
0.11766433955796912       0.12269923877672159      0.621785601790129        0.1511088205426758       494801.26034133945       120248.57867076497
0.11497690550552896       0.11771679321443512      0.6335091334708195       0.24572291390154707      504130.55042872106       195540.0818918771
0.11722937680762849       0.11722937680762849      0.6628670400710601       0.23002535293217782      527492.8302000134        183048.3597780695
0.116793483951938         0.1192936528190256       0.6389178519830822       0.20969305837875418      508434.6718638172        166868.43386518053
0.11889095520827861       0.11889095520827861      0.6682846355490205       0.19663956581444253      531804.0156999619        156480.79453406305
0.06323884664536404       0.15011703058962272      0.014250411027901524     -0.039612519663135184    11340.116780908922       -31522.641563564324
0.07074671756113658       0.15457975919998318      -0.02889344464480048     -0.0706881208094105      -22992.672690860243      -56251.81922347376
0.07034848811504157       0.1452708110673161       0.05661432306081794      -0.08865245992331079     45052.24682465329        -70547.3860702553
0.07825916849479349       0.15091554772952834      -0.08771567957451631     -0.19702088396723083     -69801.91995474535       -156784.2378785977
0.11111794581835187       0.11471055820198439      0.6236577323952902       0.3096722541494333       496291.0545409646        246429.34993146002
0.11194017624670519       0.11194017624670519      0.6534457175405614       0.33009935614578473      519995.57994405384       262684.7212102683
0.09897787869094564       0.10457218843337986      0.5455673636567764       0.4933028254519229       434148.71357794816       392557.9155593598
0.09899494936611666       0.09899494936611666      0.5753282238028049       0.5743040244863886       457831.65359248314       457016.6216728882
0.10293587730824186       0.10293587730824186      0.6085859197580498       0.49466143588830835      484297.28712810605       393639.06339279475
0.1065752481836876        0.1065752481836876       0.632280886237336        0.42623475756847745      503153.14233598177       339186.84292299417
0.1018630810211504        0.10846317306190968      0.565480503048716        0.429503915851408        449995.08641147363       341788.3564253852
0.10955882205799378       0.10955882205799378      0.6461784275576871       0.3725579578662747       514212.4543257705        296472.20291319845
0.10853339623655678       0.11293440827388677      0.6125939312133092       0.3452260053443869       487486.76130347344       274722.12617214123
0.10539747050621714       0.11073155259780032      0.5942791538614844       0.3863578527705051       472912.3245676213        307453.8103539831
0.10386539690857734       0.13458075391757787      0.6087832354232825       0.3234134376479675       484454.30594546226       257364.23632008253
0.10301437869233071       0.13075935286955653      0.5699712297634746       0.30331077544427454      453568.69318511686       241367.0460249608
0.11728809444903023       0.12116159863846798      0.6282577728950183       0.17960362435334984      499951.6504607377        142924.0230652777
0.11894276788727208       0.12146035553757659      0.6505278291425508       0.16246586388844433      517673.59813438443       129286.22660770484
0.11841469149922368       0.12029126612429958      0.6514173227828287       0.18250180346434403      518381.4346828796        145230.3207226797
0.1202081528017131        0.1202081528017131       0.6751398225431396       0.1712001596228826       537259.2001796286        136236.7583105164
0.10033659038511358       0.13723180618898045      0.6587045844177157       0.2851098910578757       524180.45323686063       226883.24243126344
0.09942297221998558       0.13283182046437336      0.5938032025852154       0.26505172161559315      472533.5745761758        210921.4583506931
0.09582062709791053       0.14042224689330082      0.7432650499086644       0.20722030265581437      591471.5336020411        164900.6773833573
0.09496986508397454       0.13535604578784302      0.6218322450336587       0.18541457819826498      494838.3778551873        147548.23320776317
0.09026814124607395       0.13791244390463925      0.6433567294435542       0.04000962028912214      511967.0183118838        31838.644201217874
0.09055659638726164       0.14387321797594776      0.9167874420800403       0.07481581406070538      729556.2658580655        59536.53314602693
0.08500000000000002       0.14722431864335456      0.42604716009290494      -1.1675763394902445      339037.5575952495        -929127.7293350669
0.07904359106303377       0.14294468924063958      0.21385204412460276      -0.23219973827457616     170178.0495636832        -184778.68065521578
0.08480214742308505       0.14074224928820148      0.5254653713419563       -0.1860777845156908      418152.05636345345       -148075.99602630365
0.00938239885373329       0.15271927696404117      2.2847756503977987E-4    -1.1483439725161621E-4   181.81666930840493       -91.3823097978654
0.014534949510799719      0.15137760160085845      3.5982345834343086E-4    -1.542289023551853E-4    286.3384101788885        -122.73146088732499
0.00828899255335971       0.15773294003594168      1.255889247817426E-4     -1.5667049932981892E-4   99.94049088305283        -124.67442202508077
0.01374932981564364       0.15740112021792302      2.0663517659324983E-4    -2.8183919731164454E-4   164.43504885741208       -224.28050704600125
0.019591136341715967      0.15454469052281775      4.703199791642805E-4     -3.8303587576429197E-4   374.2687475943623        -304.8102650471009
0.024726408410069418      0.15162658374695212      8.999545069513389E-4     -4.1801277439356706E-4   716.1610416956754        -332.6439966014673
0.031067532914417568      0.15264601119272428      0.0015252039678302274    -9.529885110718042E-4    1213.7187535177643       -758.3641612343154
0.03501872068143975       0.14781396070251993      0.002788951485922584     -3.6734179546878744E-4   2219.377075140329        -292.32131276554753
0.03827815780408445       0.15293917575268892      0.0027433718532671194    -0.002355610818847175    2183.105955933179        -1874.5355291013757
0.0424759551769063        0.14640603058885499      0.006265274941105172     -9.600756210219417E-4    4985.747383533358        -764.003904138316
0.0442551737666776        0.15294958271606307      0.004175336103649203     -0.004762397064061763    3322.6268998291243       -3789.795168558797
0.11027559235760492       0.12179570248825419      0.5497255952138032       0.27110039184389834      437457.7291120556        215734.83718053083
0.10903939805207112       0.12347412080054047      0.5326972068274004       0.28572188902812795      423906.9681891326        227370.2549419027
0.10761829352487379       0.12088986827482426      0.5524343350839469       0.29677501162697983      439613.2758114731        236166.05043294278
0.1050027062531646        0.12211381579574093      0.5408536749506616       0.3059535543428451       430397.67928907496       243470.10265099313
0.10479190310869417       0.11997524732941478      0.5465434732827924       0.31395670062393605      434925.47693784826       249838.8041056088
0.10664180602521407       0.12380481233735569      0.5370985774662478       0.3002919191654174       427409.467656893         238964.71652864022
0.10854433710267652       0.12566846604175722      0.5219064769141036       0.302755368562649        415319.9781627787        240925.06727177105
0.1103190868819645        0.12503912969156658      0.5077484614305574       0.28410597784365915      404053.38741988887       226084.3536788742
0.1114912879947871        0.1234558364164572       0.5242674550408416       0.25158847074091073      417198.78485978965       200207.74371673312
0.1134002844879856        0.12291151483374724      0.5430149542019833       0.21112148715170148      432117.570670324         168005.14136552683
0.11244836638403394       0.12112763614703603      0.568385468954966        0.24310487609217699      452306.7848289392        193456.7135990635
0.10231771108643006       0.12124182766877922      0.5326425293492697       0.31266129948857174      423863.457234531         248807.95663570843
0.05011278973826411       0.1432131976342454       0.0151885073031744       -0.0011756712837944856   12086.63007743779        -935.5694813354344
0.049699042533477206      0.1498772075065305       0.008885554330243075     -0.007636691088326104    7070.899468848905        -6077.085677864627
0.05621210179185571       0.14086967253308857      0.030600296092986746     -0.002181131501438187    24350.94191637226        -1735.6892999366744
0.1103776851347947        0.11967461973167368      0.5735897472225328       0.27790422349380844      456448.21788648417       221149.15437577222
0.10864393570152456       0.11832663355485847      0.5757167251226865       0.30081561849024946      458140.8131197677        239381.46320984475
0.10619783176605978       0.1179136352402689       0.5632578677729311       0.31898121156201725      448226.3694573158        253837.18286768338
0.10282297291294272       0.11771708966746058      0.5410182362896591       0.3333834686417762       430528.6330417913        265298.1348973028
0.0973540412955683        0.11909521487262492      0.495056128958444        0.3256987633404996       393953.1501583758        259182.84072278946
0.10368834138019134       0.12422507871837621      0.537250183068601        0.3031018015743469       427530.1115619677        241200.74990308066
0.10602420346363473       0.1263066256080264       0.5367750332389368       0.30800117411967703      427151.9993414662        245099.54669627073
0.114510631297971         0.12173782812077273      0.5796339137305137       0.20470536682190832      461258.01276956237       162899.3550357319
0.11270759182081631       0.11857242161314238      0.6023267453351377       0.26081787569984555      479316.3943827019        207552.27082178975
0.11454288565398733       0.11970937778664911      0.6075041079138711       0.22871632378418794      483436.4086156239        182006.66748029971
0.10024630170624262       0.12432451931149255      0.5270781497254836       0.2943812580213152       419435.4646227041        234261.16183851488
0.09641509919805379       0.1252848260646572       0.5093465212119861       0.2711885169080283       405325.0829877426        215804.9648783637
0.0905494381233698        0.12409976747542258      0.44137962625180155      0.24628180811300307      351238.74649013754       195984.83577397044
0.056268448129524605      0.14673475587693885      0.019891118149017374     -0.0144337053541011      15828.848885205132       -11485.97777118573
0.07595560102770949       0.13181460851495502      0.23228735386007796      0.0400715602767102       184848.4029228383        31887.93447721633
0.082668905210884         0.12907398237349976      0.3513816956312578       0.11425695012317481      279620.66885863256       90922.79197353707
0.06224920359865157       0.14271229156481544      0.04635111315921889      -0.022631460741345616    36885.04388550741        -18009.544231876625
0.06707099144714196       0.13832215761646569      0.09230929905006546      -0.018936689988728498    73457.40618582959        -15069.339087524742
0.11071988857256589       0.1172423941717603       0.5990970341614821       0.2912106860001925       476746.2718924698        231738.10079056222
0.10833285920800265       0.11589878052117135      0.5908495074978323       0.32042161433250077      470183.09870845935       254983.41897251198
0.10541626015428214       0.11477882905464949      0.5733807675730196       0.34685852805185813      456281.91716535605       276021.24646516034
0.10121303029591383       0.11347750802730905      0.5387159830739209       0.37624871123681286      428696.5581441216        299409.2111264696
0.10288921083730528       0.12722985691243752      0.5455310587784566       0.2990614167800272       434119.8230737334        237985.51384303413
0.11584592396393778       0.1209002479985174       0.6098052042108975       0.1983429129318359       485267.56286663504       157836.2751017355
0.09963382612996849       0.12827276011486935      0.5472907760233942       0.27668210773820406      435520.16156361275       220176.62555809764
0.0946255684145135        0.12962588163334565      0.5321045764837898       0.22012531338034624      423435.3679460732        175170.1586206732
0.08969278039871027       0.13150269912803308      0.4980544484674269       0.13787635898574085      396339.13701249316       109718.5203404666
0.0733835261907381        0.13760854464205013      0.17002203873388752      -0.0479941956795111      135299.23949529944       -38192.5674105694
0.08005274716945443       0.13623329049478689      0.31660189085344287      -0.06073018449499575     251943.7796078308        -48327.54528630676
0.08576683108550166       0.13557820435450926      0.4768972971486686       0.0016384229714813286    379502.8109418752        1303.8155739328242
0.1163288286440301        0.11317559513767622      0.6885214764103106       0.2811649127561122       547907.9819781538        223743.9284456838
0.11476090223957974       0.11105452258705302      0.6899014925710937       0.31659641641933095      549006.1639458303        251939.4231915831
0.1178434966661903        0.11512048992134041      0.6878281192261791       0.24769906208515832      547356.2258622396        197112.6506503961
0.11915727225516443       0.11696780841856232      0.6866536545194997       0.21671365150968278      546421.6165444646        172455.244366302
0.12020305514230184       0.11841722531150968      0.6872307510133397       0.19242037604196954      546880.8553426429        153123.26999340384
0.11297860014074429       0.10843232203767432      0.691878079891704        0.35919119123210913      550579.08215847          285835.26799828216
0.104671288995184         0.09867103202832203      0.660734798821516        0.5424504294835499       525796.0465263665        431668.3361731429
0.10344940322210754       0.09433038202503902      0.676250968869279        0.6154348915559354       538143.422331146         489747.52571175835
0.10815184597958875       0.10151867098347878      0.6868644944144283       0.4782653561740548       546589.397601859         380591.47772353375
0.11070238364911478       0.10510067742808248      0.6915486332434476       0.414778115131578        550316.9168456945        330069.9365476495
0.12145930110986217       0.11894384462385521      0.6976427339528491       0.1779188754610506       555166.4481036998        141583.34249488762
0.10982436909986526       0.09557528045873397      0.757409668414346        0.5441706276633406       602727.4633686828        433037.22639019974
0.10840655544764308       0.08858904410804472      0.8048740457923106       0.6564044497765568       640498.4147710938        522350.0642472738
0.12118699825811151       0.11715416535571398      0.7072174440629229       0.19901531429142968      562785.7603171509        158371.35510234078
0.12297036036031336       0.1173809629916821       0.723768745633221        0.18384332442896503      575956.8676147388        146297.8691865839
0.1440962918824024        0.0041904867341506545    1.6470613332254203       0.04808420811053028      1310689.763791765        38264.197027251495
0.13985142723051786       0.0064481238811896786    1.6949838201049887       0.07790883132884317      1348825.2671524643       61997.87808249053
0.14                      0                        1.6966902275038878       2.2684772617162732E-4    1350183.1830147812       180.519684746856
0.14599999999999988       0                        1.6267457000326333       1.2614413055454462E-4    1294523.096568396        100.38230959892583
0.11508955683553068       0.08907567885424117      0.8909942517008639       0.5795226580783828       709030.6971232843        461169.47833464463
0.11339951012328779       0.08210085933654013      0.9518419125515116       0.6878979753322613       757451.7271230832        547411.8155851803
0.12233516813537272       0.11521178352220718      0.7337679006915749       0.20997733807484897      583913.9423861355        167094.65645945127
0.1247337569952028        0.11550536725997484      0.7540704150867343       0.18828143366624758      600070.1700020555        149829.60430206047
0.12385950285433116       0.11293227744555244      0.7673894485586703       0.21923629219381777      610669.1200733805        174462.69803892603
0.12666537935897945       0.11338378046195934      0.788388064533445        0.1903125784077411       627379.2877257498        151445.93793077953
0.12048906135594395       0.08239206188421533      1.029804296114497        0.5968396260694099       819492.2207194607        474949.8836103251
0.11800595027498935       0.07532991238343996      1.0990046287788433       0.7002665604611747       874560.0957551318        557254.4228967776
0.14904953245908664       0.004931834797696155     1.5916678494928096       0.052710028617431605     1266609.0300361377       41945.30802489751
0.1519999999999999        0                        1.5626007043409054       6.424719427070453E-5     1243478.130873662        51.126292739839606
0.14505492650634452       0.010580633700243453     1.6291897073645971       0.11935879359970726      1296467.9758075704       94982.71001439345
0.1392972097599789        0.014010258851443755     1.6889919210677775       0.16951873051730962      1344057.0654010654       134898.71954246378
0.12538843623533372       0.07498638826607336      1.1661225846999745       0.6019503785692997       927970.8680304916        479016.8912267087
0.1222088249031469        0.06830082807544854      1.2401117341237997       0.6918550310100918       986849.5623603249        550560.7404412633
0.12950424792115747       0.06734125784074475      1.2909473015774464       0.593246516696391        1027303.2215859718       472090.5780213961
0.12599326323382298       0.06103849293431645      1.369037822538811        0.6621793287030074       1089445.6836840839       526945.5668817831
0.13307070389487932       0.05957889237827509      1.3977234225383042       0.5695963646022698       1112272.9588614649       453270.38496812363
0.12934604960960222       0.053568642416905864     1.4765411174974652       0.6106151752070408       1174994.087640763        485912.11730562133
0.1364799080848147        0.05184885510863654      1.4760231897530798       0.5243289603141892       1174581.933837346        417247.7292011872
0.1322561338367322        0.045916392089975736     1.5571682158610625       0.5398794105321433       1239155.0938993779       429622.3842986463
0.12560593185046928       0.11036245761817555      0.8075797626416049       0.22717745749752993      642651.5558269549        180782.07659890424
0.12893190709682958       0.11079965402642047      0.8320343901601207       0.18906063305217488      662111.9300821694        150449.671471683
0.1392289197381444        0.043884568561889416     1.5325268076412593       0.4624954064510105       1219546.0842847433       368042.1504698679
0.134713876724258         0.03810736697702205      1.6143059854013007       0.4560918431684669       1284623.88619725         362946.3567207751
0.14139259410949617       0.03566523613924265      1.5752819652396859       0.3872074679588245       1253569.5576570563       308129.912638718
0.13671102943394545       0.030167771397816366     1.6528992289405195       0.3643174654477725       1315335.4135933302       289914.6274036189
0.14475028758866346       0.01922458116145243      1.6141860812392734       0.21488687382019725      1284528.4694968304       171001.54087024392
0.13824078324648276       0.022124327049629515     1.6762414431577797       0.2678852791943762       1333910.5574702648       213176.3318266872
0.14344439320021016       0.027538372289167695     1.5991418092808312       0.3037874420817643       1272556.6182598062       241746.3652827782
0.15799999999999997       0                        1.5047749387825273       1.5901124696531858E-4    1197461.848740217        126.53712980868295
0.15485352916262057       0.00516630688285302      1.5315925261374          0.05033585139846983      1218802.6066868503       40055.99782402782
0.16081968046181538       0.004726463740856419     1.4763301941986449       0.038235152745569836     1174826.2402126605       30426.567796655465
0.16399999999999998       0                        1.4562344242652083       0.002424486301386286     1158834.534611941        1929.3448966210708
0.12761743564271352       0.10729064226407313      0.8595520143443404       0.23547611281106498      684009.7596374876        187385.93666972886
0.1316666105461501        0.10753559256027007      0.893789819766968        0.18228495126805322      711255.3395056358        145057.75522787962
0.1297855939059798        0.10365769761266151      0.9286345699779779       0.2487068400029524       738983.910690059         197914.61483617508
0.1346253827724651        0.10380754458789233      0.982592276194195        0.1682495399228939       781922.0890011151        133888.72975832876
0.17                      0                        1.4659546238444774       -0.05198268908841623     1166569.6236663433       -41366.509618152864
0.16568231082689353       0.0041966352451806264    1.4361995392939977       0.02172976093067074      1142891.2797247125       17291.99432160696
0.13209804294577052       0.09941593310647368      1.012018484849346        0.2879797461271783       805338.7218207191        229167.00053244768
0.13753288904374109       0.09992349288972044      1.1886411645157209       0.2562282562786899       945890.584475919         203899.96773285232
0.16987025074762224       0.006640625794300813     1.3810391325572324       0.01837402025838147      1098996.022749134        14621.580742960175
0.16450430353343382       0.009585122622740872     1.4281705730529026       0.07490238221432739      1136502.031398771        59605.42189384333
0.16943344975692806       0.013867447619029439     1.3581127300059694       0.11059054713215088      1080751.7712823933       88005.16117659521
0.13492175353192934       0.09436130635246882      1.0794015006154847       0.35943627174853104      858960.4220188194        286030.29687650246
0.14113737380581567       0.09476413728408783      1.102349690052005        0.37635566089331834      877222.0109379763        299494.3189589437
0.13848088312255982       0.08852480672004613      1.1176029827650655       0.38542411095230117      889360.1956065325        306710.7622242892
0.14504659929996744       0.08866501018730356      1.1238286099023893       0.3381039184930441       894314.3922702931        269054.54953453626
0.14239976380167138       0.08242115831089714      1.1821770530759057       0.3702153073869439       940746.6080342015        294607.980894588
0.14874585030992035       0.0823083957781874       1.1926442907569823       0.292416827037484        949076.171121507         232697.91733131683
0.14550223095266154       0.0766616609296822       1.2660580614084866       0.3523802249809422       1007496.9935725151       280415.2732677556
0.15216669050849008       0.07579774600668122      1.307512908469051        0.24051027917927734      1040485.7126965519       191391.9989789687
0.16349034840298918       0.016522660980040536     1.4240523989858591       0.15373971677606948      1133224.892602357        122342.17937229725
0.16868932959808353       0.021069173684535446     1.3569418346219644       0.20350864712688824      1079820.002341354        161947.03576094253
0.16282093424687832       0.02360145255558712      1.4275877314802887       0.2330587000947767       1136038.2208121666       185462.2207532764
0.16763924217416093       0.02823268466286923      1.380708654713654        0.2985353871536196       1098733.0368371948       237566.91276675634
0.1581114053627933        0.04419098017975184      1.4184109936689626       0.34930879424355016      1128735.6048915123       277971.106346654
0.16465913739187565       0.04227728081799271      1.388773822307381        0.28244385781562475      1105151.0932842258       224761.68058650568
0.16274431458045627       0.04913540548054406      1.3497980162531065       0.3600576513628099       1074135.1323115819       286524.77506224747
0.15633657152765462       0.050932126491742835     1.395617777628095        0.40646894367091485      1110597.3398821845       323457.70799283637
0.16054398294036623       0.055907329945574985     1.3439359406404334       0.4383303327890071       1069470.2407589052       348812.1958524299
0.15410837681737938       0.05723309359413795      1.3981668175827142       0.4540439499827684       1112625.8014267664       361316.69510363444
0.15806200260099035       0.06258117395642653      1.3882011949715658       0.5196726016506891       1104695.4109290033       413542.316710663
0.1483322695413523        0.07033900589893687      1.372383266844406        0.36988329393992375      1092107.9036744542       294343.7729882568
0.15530272779924217       0.06914522932288604      1.610293804034167        0.38585600859829733      1281431.0937114477       307054.4554506394
0.15126448994276157       0.06361355342734722      1.4263377267809385       0.4506858761105308       1135043.4986782183       358644.4248234627
0.16159307462078826       0.03011549616355219      1.4499235405832682       0.28843122578862784      1153812.4929456476       229526.27663157336
0.16628509212474699       0.035344987439019086     1.5046501172763145       0.3125185509193043       1197362.5189416271       248694.36093361737
0.1599984826400165        0.03706427513318129      1.4540352265234766       0.30753923574910974      1157084.468654775        244731.94782087268
0.11733944318962089       0.1107376375012025       0.7199473205443231       0.2982444845437697       572915.8741519714        237335.41982517662
0.11878685268186849       0.11289892031615963      0.7166769801819176       0.2630829806915285       570313.4199806226        209354.7841020321
0.11615788173509786       0.10822092111777984      0.7286146309289391       0.33546518220898564      579813.1006070882        266954.7099189171
0.12009345131784316       0.11502828201888642      0.7124208970084265       0.2298757599517912       566926.5366042657        182929.31746666762
0.11846433330677036       0.10869536857373388      0.74969736220279         0.31039261793946415      596590.2050876454        247002.59722149916
0.11986495155268889       0.11051472696508573      0.7486016445627349       0.2786747327292755       595718.2606944068        221762.30614338498
0.12125094472083774       0.1128167903527667       0.742801235611407        0.2428695559889643       591102.4419116151        193269.45181088746
0.11824241433319185       0.10603748663367867      0.7707594807091996       0.3416582310023746       613350.9064490574        271882.98156030284
0.1147518208276845        0.10472024089263807      0.7421585175241723       0.38687128590741454      590590.9831086252        307862.3874624146
0.11310362057190214       0.10045227912776805      0.7580962843233969       0.4522091972697104       603273.8549483378        359856.6452854621
0.12081447020404523       0.10785075577536195      0.7827119320594665       0.2984145712181306       622862.3650213592        237470.7705000696
0.12256580934171785       0.11031539843337798      0.7782835929779367       0.2564525752803973       619338.4047487968        204078.47512260816
0.12173842243460209       0.10484087134948117      0.8211949792158747       0.32300200732400897      653486.2009222634        257036.83047110308
0.118355503268937         0.10114518329347479      0.8160711971988031       0.39752554608914714      649408.8247455519        316340.7783269641
0.11740234216760254       0.09498809434584612      0.8612631287243522       0.48165700670675493      685371.42119636          383290.4674611311
0.12399526399731593       0.10745640603120504      0.8204068853749149       0.27218954229577624      652859.0557702185        216601.55557146654
0.12342973899165681       0.10155807866414798      0.8727879102690572       0.3449627895377243       694542.5509508302        274512.6656884899
0.12562942270187913       0.1040792646641442       0.8732374226705417       0.2924945361239774       694900.2615542171        232759.75625750973
0.12301651235310046       0.09702452485171013      0.9108881363208235       0.4044175750063154       724861.7474961164        321825.2806774622
0.12338696241773033       0.08983690063960069      0.9818528111785072       0.48571933271286005      781333.6414386638        386523.1637827432
0.12710136190410962       0.10008955884800641      0.9331566274254145       0.32686311724086026      742582.449668584         260109.40411654316
0.12827619597656303       0.08203997725695875      1.1060731531892933       0.512941673172002        880185.0487565763        408186.01401575777
0.15159502798671837       0.009680230475197005     1.5596427501617982       0.10032026981655093      1241124.2657284408       79832.33416808373
0.15114145054257747       0.01621454735836545      1.5540115482274706       0.16933379032919368      1236643.097611456        134751.5488168888
0.1338628520767196        0.07450267022310623      1.2268888236068742       0.5026568207696184       976327.1045061725        400001.5885217082
0.13671349262523158       0.06575855554013292      1.3386546600571814       0.5147878504475155       1065267.531205506        409655.1552118673
0.14459038001209923       0.05022708429606214      1.4604921892058058       0.4558661927459658       1162222.7562960382       362766.78982001584
0.14038726141743074       0.057917550908711056     1.4175297833564677       0.49932162810058034      1128034.360005827        397347.5265245019
0.12869002929363774       0.09488564079397417      1.000323814898602        0.3820931599875992       796032.3991682733        304060.07566814404
0.13159073689363635       0.08865682652371652      1.0742854620234132       0.42795180939408556      854889.2078639339        340553.22935094667
0.1357885970193977        0.0822923273792505       1.1553617891872074       0.4367190362701205       919407.6990432021        347529.96682359197
0.14012058415882128       0.07761152444398417      1.2263664753712253       0.4151468311123578       975911.4329875782        330363.35140233993
0.1460066273329871        0.04168749634864004      1.5052229041504435       0.4024319798918437       1197818.3282534063       320245.1942902258
0.14846494129229543       0.03313947148253142      1.532464220319917        0.3306009827989111       1219496.2788769107       263083.9030174268
0.15110672353037752       0.024908846504333795     1.5367544362147496       0.2544437543326809       1222910.3242098808       202479.90620453013
0.1576569340140333        0.011659312604288987     1.494320921787067        0.11151918753478392      1189142.806340246        88744.14972876468
0.15719419800807827       0.019719856169969602     1.4872588277318286       0.19512502767653736      1183522.970452891        155275.56337831903
0.151352679779116         0.04635900574122926      1.4480455785573563       0.39981373288139904      1152318.0582488335       318161.65952048654
0.15105275477047297       0.052514610189142566     1.4220699564273926       0.43413279345296923      1131647.314939479        345471.9001816643
0.14124822739571388       0.07149213513940642      1.3025613807949716       0.4374948187559093       1036545.4121706216       348147.31491047906
0.1444767850547246        0.06456537425791639      1.3849926071114587       0.4554808929282858       1102142.0978376          362460.177967235
0.14730653780394481       0.057757408626960945     1.4175583966595362       0.46135066643174044      1128057.1297489346       367131.19530675816
0.15344717798849988       0.039230504027351745     1.472795833859833        0.3478833394668057       1172013.6856197112       276836.76547728985
0.15512394786186035       0.03185481131751104      1.490946899105077        0.300089805649763        1186457.8444005316       238803.87970322985
0.15786818859612234       0.02609957961983895      1.475890793258108        0.2547026361397805       1174476.5760542322       202685.91780091246
