% Model:              
% Version:            COMSOL 5.4.0.295
% Date:               Jun 29 2019, 02:09
% Dimension:          2
% Nodes:              299
% Expressions:        4
% Description:        Magnetic flux density, x component, Magnetic flux density, y component, Magnetic field, x component, Magnetic field, y component
% Length unit:        m
% x                       y                        mfnc.Bx (T)              mfnc.By (T)              mfnc.Hx (A/m)            mfnc.Hy (A/m)
0.006782444136629691      0.1329164793154694       0.002348514213184805     0.001479984815607465     1868.8882297496752       1177.7344955243766
0                         0.13603851317746612      0.0026611451361994725    7.857313452588624E-6     2117.6720135555056       6.25265137700963
3.879400209700218E-18     0.1267108267952721       5.428824767403652E-4     1.9979994076781336E-5    432.0121484560001        15.899574101332696
0.010314760017785599      0.1262902979366069       8.488387270544775E-4     0.0032444661705947693    675.4843964927612        2581.8641437229508
0.008074658687563425      0.14069657549873693      0.003810251426530549     6.590380701831156E-4     3032.101744776413        524.4458327769315
0                         0.14536619955966015      0.0034394102351058727    -6.4104413101238555E-6   2736.9957011897877       -5.101267109533485
0.0076280217060848525     0.14884732463547193      0.003777678498514854     -4.106529899809907E-4    3006.1810322530414       -326.78726625470625
0                         0.15469388594185418      0.0028905312116232706    -8.507955627323344E-6    2300.2116524562443       -6.7704159684750875
0.10081904205450999       0.10790015968419163      0.8119873720348864       0.2091256513355271       646159.01993775          166416.9056868068
0.10185455126730689       0.10185455126730689      0.8710885729355811       0.31811418742804953      693190.2612678136        253147.22698417873
0.10629126679892989       0.10629126679892989      0.9231045387937997       0.20385037263459485      734583.2516979874        162218.972279603
0.0895029949122601        0.09866004432838796      0.6296423284898631       0.46216050763582633      501053.4447952632        367775.64646050695
0.08200708931415612       0.09659436282393227      0.4576484032708103       0.5342829753148969       364185.0278933129        425168.88265605463
0.08959808487669098       0.08959808487669098      0.6888097733993419       0.684451336174479        548137.401432568         544669.0672901046
0.0961597719509733        0.0961597719509733       0.7952535935925518       0.4776228603854428       632842.7021592391        380080.19582016714
0.016740423938806454      0.13445142818489614      0.004848376880391449     0.0035345893322426864    3858.2157324338104       2812.7368201315257
0.021488394167577585      0.12487546814022467      0.0022665597884156904    0.00931099560933145      1803.6709706983877       7409.454881660172
0.02977439299944601       0.1317663659827275       0.012297692453082187     0.01005277189962914      9786.192712659631        7999.741698006403
0.032492283979879105      0.12247401809735946      0.00697654717044256      0.023174435891692418     5551.759839448546        18441.630127645418
0.10531968532110397       0.11087162310182092      0.8769617495488585       0.12782043573523674      697863.9867160878        101716.27087711434
0.10974806377168025       0.10974806377168025      0.9610219774718404       0.12083460133077735      764756.9906729575        96157.12049165864
0.10878700884844647       0.11332864011046222      0.9242034046655996       0.06524765655405658      735457.701374447         51922.435328702035
0.11244147722569761       0.11244147722569761      0.9897658841945018       0.0606745363172557       787630.664866377         48283.26187349984
0.11454009361922167       0.11454009361922167      1.0120841019683555       0.01773727410755353      805390.9382649283        14114.874255965153
0.11147916151607458       0.11535237644426195      0.9600791705189969       0.017939783728125564     764006.7287383252        14276.026291653669
0.00868191183237414       0.15823862340334272      0.002676836728669162     -0.001372503561759778    2130.158986088179        -1092.2036313265057
0                         0.1640215723240482       0.0014604305039897507    5.7257573369290475E-6    1162.1736687607843       4.556412915584724
0.006643372201880873      0.16690262869964992      9.570412431197763E-4     -0.0012504783551982562   761.589222926624         -995.099057296127
1.819684597729291E-17     0.17334925870624224      -2.2031980810212064E-4   1.2960842794773377E-5    -175.32493260255154      10.313910987125793
0.09429687398660767       0.10505062510603531      0.7002844235115555       0.3015489178814711       557268.6378606118        239965.00432424076
0.08403361143706724       0.10680905631650471      0.48416068143767854      0.3040281873303673       385282.8285077349        241937.94426448343
0.07310570109309394       0.1034948795585011       0.2619601351757306       0.3659507316050871       208461.25203119303       291214.33931522554
0.04136258183665217       0.12934457219171427      0.03093965797853451      0.020881083996173416     24620.997524281822       16616.638675540333
0.04323944626060759       0.11910492816931409      0.0203456164039101       0.053138879067068566     16190.527104669221       42286.57636943203
0.11625629392899087       0.11625629392899087      1.0304121508179536       -0.013635967914994213    819975.9361231445        -10851.158487569075
0.11364583531140869       0.11701480873242955      0.9893037551048521       -0.017148652791933647    787262.9142215555        -13646.46429601436
0.11779098218988727       0.11779098218988727      1.0467185225256688       -0.037744732821916115    832952.1344290279        -30036.30402145426
0.11541548148688979       0.11854520331079041      1.0134055108752753       -0.044577455372312585    806442.4820618379        -35473.611864809565
0.009838591087305995      0.1730698345160718       -3.2595816116450096E-4   -0.001780372693988127    -259.389262952375        -1416.7755739702236
0.0536449967156317        0.11479480804688558      0.055137993508396384     0.1142873817851723       43877.4210951506         90947.00872070406
0.05326899674962848       0.12493468941953381      0.0762365419786885       0.04713527800140417      60667.112500705276       37509.062439670735
0.06362669437739527       0.10957772305421837      0.12985042638174032      0.2187392180544133       103331.68610622112       174067.13900707918
0.0637559102087183        0.12059585794229097      0.15922325903942466      0.08884646211221377      126705.84365662873       70701.76810692808
0.07441751369884633       0.11471974489733724      0.3006077803313469       0.16891855984303508      239216.0708580824        134421.1188949158
0.11866573336224161       0.12636617118360863      1.110620683981593        -0.11013630713851512     883803.8587788617        -87643.6884749094
0.11806788235302047       0.12467342720948354      1.0780983795534314       -0.1141935775513318      857923.4312264547        -90872.36168321075
0.11998250610902066       0.1251166005044994       1.0918003824848797       -0.09245194876508578     868827.1387104528        -73570.92322221026
0.1173359475805581        0.12760188438803022      1.1591252159179293       -0.13490704768741973     922402.5388789946        -107355.61748693448
0.11680145387931608       0.12591089780787695      1.0870061253839058       -0.1539826545197279      865011.9901300858        -122535.50308613137
0.11722750729727216       0.11991858947644395      1.038643403993511        -0.06420435500882407     826526.1592767985        -51092.2023384062
0.11949295472980519       0.11949295472980519      1.0638390839983645       -0.058564957109376446    846576.2443634687        -46604.51207961049
0.11951807430708757       0.12348438647841548      1.0759577774496094       -0.09108462701727021     856219.994196374         -72482.84314740077
0.12128612142192498       0.12385330938020896      1.0848292876403114       -0.0821038819527165      863279.7176940757        -65336.19329904144
0.11907734110506978       0.12148830391894         1.0626624081043585       -0.07796694646361768     845639.8754387283        -62044.124637329616
0.12118712126925907       0.12118712126925907      1.077826826585299        -0.07159120085441911     857707.3362405071        -56970.4674893276
0.11599329458996643       0.128823604607886        1.2108930432860752       -0.4012453638102804      963598.0669728363        -319300.91521556006
0.11554151580320589       0.12721015079740156      1.0930929037418267       -0.23298490866873386     869855.6944459253        -185403.49940221384
0.11446646889273666       0.1301821531287289       0.9184477847067757       -0.40945295370012347     730877.5245394212        -325832.30772475805
0.11402876869330218       0.1282568247884112       0.9932948288810612       -0.31104134858116234     790438.9098201961        -247518.8406633064
0.01474464954714282       0.1655334969751655       0.0013350271296277477    -0.003023528532559827    1062.380834210203        -2406.047557681405
0.02052142644106754       0.17213028946361397      -7.35214204672128E-4     -0.004381580855705885    -585.0648745247281       -3486.7512587120414
0.12075428037289765       0.12263214533252319      1.0782638250093366       -0.08020781901850366     858055.0885370519        -63827.354357074946
0.12257643634484504       0.12257643634484504      1.0847440186255066       -0.07652464123520045     863211.862768082         -60896.37460458018
0.11228451083763111       0.12937845564435416      0.9024919881865355       -0.306412274150322       718180.3051035977        -243835.1402752636
0.11254610785000074       0.13184589148630937      0.8399135059250206       -0.3597406766923224      668381.9311880547        -286272.53463403246
0.02443167936139859       0.1636840377123595       0.0021050555070710026    -0.006221759686386306    1675.149947165831        -4951.119044091304
0.031125755413194657      0.17053197015211452      -0.0017726400404719192   -0.008652359602139177    -1410.622123818617       -6885.329000445375
0.11023054702123856       0.13378786192103598      0.7781386901999688       -0.3313056246990841      619223.09478189          -263644.63922503777
0.10993268534585623       0.13060620868759554      0.8281408469188242       -0.2850511616712492      659013.5468171972        -226836.50707033163
0.03401405252339959       0.1615570103897896       0.003403396159084436     -0.01175457028330504     2708.336610091293        -9353.989822545489
0.04161095820476248       0.16828099610854816      -0.004175260723090151    -0.016261068747614054    -3322.566913886194       -12940.147355699562
0.043897986896929975      0.15895045112868217      0.0055825447694086185    -0.022477407188752397    4442.447975415933        -17886.95230989623
0.05193691105092201       0.16538598116071476      -0.009667618816118896    -0.030481285821698578    -7693.246612567695       -24256.236551601167
0.053711761768060855      0.15605287265966894      0.008668313976020147     -0.04343722963131921     6898.025087780837        -34566.249050210994
0.06206164084539883       0.1618589454728419       -0.02226989241876114     -0.0586180213547422      -17721.8173028528        -46646.739264367505
0.10741544803547855       0.13605839561504854      0.7253841956751268       -0.31482432948956435     577242.4019121755        -250529.24121927857
0.1069691651956945        0.13210049915784414      0.7630709986488317       -0.2669704036238786      607232.6068251528        -212448.2969798936
0.06309340916415705       0.15263844303126745      0.014720523547431271     -0.08463871627924972     11714.220437371645       -67353.35036397532
0.07163274947687158       0.15785662702714584      -0.051784832934604084    -0.11831414573518871     -41209.060693651096      -94151.40565725086
0.07193990870502025       0.14885532838003865      0.035632177729303244     -0.169683734158075       28355.18609373779        -135030.0252677436
0.07991407958815933       0.15383011856454187      -0.12304468900611802     -0.2636440184499314      -97915.85238264337       -209801.24376458718
0.10377433595012682       0.13885551012514366      0.6759427947987796       -0.3111078271977851      537898.1851978822        -247571.74266553347
0.1032195871812628        0.13400239331368216      0.697872995581752        -0.25833659453618324     555349.6844859213        -205577.73000980137
0.0984188072970416        0.13651795290911714      0.6257076115396016       -0.26927489065184024     497922.2965337553        -214282.1494888499
0.09896325440767156       0.1423244173395631       0.6320651761032848       -0.331978051319436       502981.4856654355        -264179.7393275157
0.09278271373026534       0.13973465110548736      0.5424717336123513       -0.32339119242297826     431685.289460178         -257346.53413249637
0.09303070956412791       0.14627116110839666      0.6126112657599907       -0.3947629368183054      487500.55569742643       -314142.36372053437
0.07920882242061066       0.1457892926370176       0.12261913773161748      -0.3022490315541052      97577.20943826427        -240522.1370828705
0.08667462935312112       0.1501248617668065       0.12009268549037161      -0.953340322693729       95566.72262486488        -758644.124027648
0.0864380438540044        0.14293865420120327      0.36527203553332926      -0.3979749987463827      290674.250141839         -316698.4413873883
0.11433316683549657       0.1242812175484933       1.0058658137211913       -0.15124664514797198     800442.5817043962        -120358.25600682785
0.11452243951055072       0.12264544684048312      1.0025350650986837       -0.11437612205220858     797792.0561670531        -91017.62598145466
0.11618099945631155       0.12400773579145952      1.0435713255572918       -0.12952762353933817     830447.6746570228        -103074.80776615907
0.11490118046721277       0.12051449531582417      1.0050323237769565       -0.07524658339617056     799779.3114811843        -59879.32849138541
0.11668584552911263       0.12178000171613157      1.0359700790861588       -0.0905061126129268      824398.7949093195        -72022.47601189518
0.1179403144805919        0.12314253252483759      1.060222225975253        -0.10040088178764375     843698.0401992701        -79896.48313644277
0.11312723467127778       0.11934994127900993      0.9753490161955716       -0.05455972030369299     776158.0858367115        -43417.245900219925
0.1150287170670965        0.12560097578171192      1.0363229264155078       -0.18112725329910495     824679.581892433         -144136.4884560518
0.1109346411156347        0.11805865759479418      0.940343324278606        -0.026239105417635984    748301.4413120259        -20880.416647630493
0.11268671249670059       0.12161424805422927      0.9648887067225443       -0.0958708312663863      767834.0360421953        -76291.58347187207
0.11114239352238597       0.12032538734328677      0.9371089916370894       -0.0681775851081248      745727.6411745219        -54253.998390132256
0.1126852001328029        0.12368279881917998      0.9641085123925505       -0.14051215037155299     767213.1771212411        -111816.01648052176
0.11325225916984336       0.12546966938906345      0.9795333269788987       -0.1878935602402968      779487.8545597078        -149520.94443689022
0.11406315933568033       0.12672621928127223      1.0090308703155741       -0.23127403570274435     802961.2537152043        -184042.02995451624
0.015304007534170109      0.14464288322687852      0.005449245931947501     1.30429173786792E-5      4336.372130964233        10.3792238657799
0.014401034541529708      0.15140443730266478      0.004530598565639117     -0.0015246661144799108   3605.3357844325824       -1213.2907434209567
0.1085299304567455        0.11672388378248777      0.903128410799691        0.007206984256340991     718686.7541274935        5735.1358459106805
0.10515610454288866       0.11505799587188056      0.8510181811545713       0.05367074844265716      677218.7509591203        42709.824570452656
0.1010402102002849        0.11328119852960866      0.7856625374990557       0.10784131282371841      625210.3822254814        85817.39002707093
0.09685176534856697       0.11138614722390418      0.7175606287737957       0.1648314010347184       571016.6051873903        131168.66125718993
0.024546855290292         0.14113684614911493      0.009782388029020827     0.0011047109893415922    7784.577050308241        879.1010732082626
0.03240924726227251       0.14057372907188434      0.01647910785270375      5.958803617232887E-4     13113.657362511356       474.18652529824004
0.03741602678823208       0.13658253488424132      0.024355390646707158     0.004556517651587945     19381.40406178779        3625.96153767848
0.10877176011734671       0.11989201536472623      0.893858440796017        -0.05162139233175169     711309.9463855019        -41078.99879442171
0.11019161921097007       0.1227120744236743       0.9107577743449554       -0.11304279482101068     724758.0087318632        -89956.59788343377
0.1111742259738756        0.12535901004413563      0.9218840033147134       -0.17817891894765844     733611.9804244094        -141790.27852645004
0.11250724231637527       0.12715938204000998      0.9479963178158202       -0.24011902542864408     754391.500066516         -191080.6491368861
0.021900217574406168      0.14958400356997548      0.006932274142839195     -0.002572770274940814    5516.528483504949        -2047.3455334836256
0.018640665103341437      0.1573734226156796       0.0038897089305940363    -0.003540040117829465    3095.332017463654        -2817.0744174808747
0.10561369611263763       0.11898845156611396      0.8393636462276325       -0.02000996428294141     667944.3667438232        -15923.423633611994
0.1015540820867093        0.1179616003138541       0.7705405499062755       0.0197571843623475       613176.686851655         15722.267764227503
0.09654058184793045       0.11650966498200062      0.6867229920376179       0.07166195616693445      546476.7935882158        57026.772778011764
0.09085638093556926       0.11258464497097855      0.5993225110586081       0.17004850969906446      476925.7007061229        135320.30442008105
0.08445410583628091       0.1166371693272796       0.4676514140992553       0.11786457272359947      372145.17098905676       93793.64682187517
0.030980987239788548      0.14741226351790435      0.0123029783078413       -0.004808857700365044    9790.399062226525        -3826.767368193107
0.043067219007516824      0.13715728771370156      0.03499673996050735      0.0013381261610566936    27849.520784082037       1064.8469650637721
0.049889244325148546      0.13421091367480975      0.058040461502003655     0.0033807686256134076    46187.13173689367        2690.330191081835
0.03921889746776103       0.14377596862941372      0.02272880557997971      -0.007185063832924629    18087.00879314212        -5717.692127203773
0.10671033812900052       0.12256104106107552      0.8413563814438665       -0.09289676430454132     669530.1350435078        -73924.89618155244
0.10831339604165122       0.1254205697476567       0.8556784539733301       -0.16036316854150687     680927.2782354316        -127612.95481629774
0.11024278284075999       0.12776189770066385      0.877143276107096        -0.23044595345191418     698008.4409613175        -183383.0630369848
0.027818613690309385      0.15541813816580957      0.006530076242479682     -0.006808232382191834    5196.469563787959        -5417.8191867207015
0.10291464044025292       0.12222365086363055      0.7724060191170973       -0.06503114858234739     614661.1800820952        -51750.14375912045
0.0981065347411788        0.12175674388444131      0.6887414658938845       -0.03065809207031134     548083.0440468488        -24396.934493782446
0.09153760191503894       0.12104418097270524      0.5759110891578947       0.013180540340700505     458295.4831045809        10488.740739223098
0.06152142375823341       0.12824391723543602      0.13325059895255884      0.018920917258423632     106037.45746627734       15056.787547554366
0.05727749939569982       0.1325410424022529       0.0949239024663687       -6.58153355519427E-4     75538.04147547766        -523.7417992171719
0.06717460730840824       0.12794078046890311      0.18561771724541345      0.007391970692058691     147709.88612520648       5882.343374157796
0.08521637412756981       0.12498159245499989      0.44976094052069904      -0.027822341339260773    357908.38446764596       -22140.315762666676
0.07264608266445449       0.12396777887527755      0.26206946985691976      0.03675777216070244      208548.2578060062        29250.90568210726
0.07948831031788114       0.12213291363994155      0.3674271870875923       0.042572908891087585     292389.26525670465       33878.44445908745
0.036944080339522005      0.1528980911891489       0.011664212333341209     -0.012690310670823456    9282.085250623519        -10098.628363166898
0.04744934461979029       0.14187244918832875      0.03887856355652863      -0.014638281181739517    30938.57785166975        -11648.774042214578
0.056909825714241295      0.13941544134878803      0.07232471869846681      -0.03207815162054201     57554.182442959114       -25526.981978302774
0.04607211374204586       0.15014790570315473      0.02120983442577361      -0.023763333134475078    16878.249955112606       -18910.259663455654
0.10493930932729494       0.12575416739897652      0.78748470788764         -0.142182122277686       626660.4193479758        -113144.93789895011
0.10733296177624171       0.12855288394626044      0.8080747495656481       -0.21390818636397513     643045.4539055914        -170222.72613824505
0.10066860838944681       0.1261848178967295       0.7094890658088259       -0.12212250175704803     564593.4594656284        -97181.99908691434
0.09544582333725661       0.12658433747008457      0.6182266635931527       -0.1013354478399607      491969.14731030277       -80640.18717080337
0.09047072752013932       0.1271310851919611       0.5299951285400107       -0.08834617807689824     421756.7226088358        -70303.65472107595
0.0873882085197739        0.13034230553025788      0.4608948889135339       -0.12971204129763889     366768.4990818946        -103221.56275529649
0.06459231915472886       0.13478141129459015      0.13378462404890512      -0.041642893800526264    106462.42113537053       -33138.361965022996
0.07143773207850598       0.1313882228381468       0.2137954236384665       -0.04862223201340996     170132.99241243897       -38692.34284547596
0.07963751751616253       0.1309799292755935       0.32726427047923434      -0.09613656886890137     260428.63172066596       -76503.05073690038
0.05521061136021099       0.14733760142368588      0.03821713133006067      -0.04552814872946148     30412.226809856482       -36230.14960058394
0.064027231470661         0.1438985151788953       0.07339502148602628      -0.08472740518257194     58405.90233918474        -67423.92675078097
0.10369591118717643       0.12958204087850653      0.7373454934602561       -0.19884576671402296     586760.9002536627        -158236.43342717306
0.0990485690234711        0.13089442936414233      0.6567547429634691       -0.1901187148692097      522628.81870841637       -151291.66622856676
0.09284289843426474       0.13249476751052794      0.5491890836903964       -0.1910192490774057      437030.7868071759        -152008.28858185545
0.08640416054078223       0.136035155301303        0.41286717808029344      -0.23089446170126549     328549.2611594026        -183739.9745614936
0.07313813374877583       0.1392712142763696       0.16768115283489068      -0.14483491973521875     133436.4216851022        -115255.96704088982
0.0811198403801167        0.13920001478209615      0.2741097344702752       -0.2516200355554433      218129.59595275595       -200232.86219803634
0.15040761893777208       0.006894105414366462     2.019920872342585        0.08152181978507429      1607401.9574390787       64873.00294320623
0.14578743687236967       0                        2.0812153001550664       -3.855727688850349E-4    1656178.5132908074       -306.8290604484112
0.15532574191091847       0                        1.967840181270244        2.1444888320087865E-4    1565957.4603200534       170.65299900978184
0.1601917023252528        0.007222021680961969     1.9110322489742242       0.0730351398430696       1520751.144161347        58119.5176271618
0.1648886334598824        0                        1.870378529124262        0.0028245464550041327    1488399.9418153742       2247.7026515329876
0.14099458360053924       0.007893576119879975     2.1377775734532123       0.10890077624938928      1701189.3402303804       86660.48423317389
0.13624913183382087       0                        2.2142836305032403       3.686646784049849E-4     1762070.9260102927       293.3740295576863
0.1332244259732806        0.006715985569048334     2.255038333192574        0.10926994313852163      1794502.4879465331       86954.25790933025
0.1267108267952721        0                        2.376406450177545        0.0017286415322933521    1891084.1667061008       1375.6092234921762
0.1262902979424375        0.010314759946397741     2.3605672373105597       0.19132326732291624      1878479.7215937732       152250.21861467103
0.1678988951159414        0.005270871867029136     1.838119443605202        0.03916397076035486      1462728.977215461        31165.697688084656
0.1733492587062422        0                        1.8494190203875043       -0.053845847204368816    1471720.8947142102       -42849.163737731054
0.17319720195412128       0.0072591135317617485    1.7705395282605625       0.029603128799177546     1408950.5893113052       23557.421396875754
0.13488433605698175       0.015938420859966593     2.1959198586833417       0.2423409437531375       1747457.5007155505       192848.79555933407
0.12487546847331937       0.021488392231864724     2.3077935751992795       0.3943848971668531       1836483.775643415        313841.52932446747
0.17274129845696667       0.014505492111776895     1.7496342038334456       0.12830826526223663      1392314.6607137283       102104.4732801554
0.1668527715828434        0.010962449590734223     1.8319703913223833       0.09947141452763848      1457835.7168847553       79156.83659208317
0.13399880818108723       0.02850727149376303      2.121511576762895        0.4081593747131519       1688245.2713424785       324802.91027447634
0.12247401849947867       0.032492282464160804     2.2081352939106087       0.5825240924621912       1757178.2352077428       463557.9439273901
0.17198234802442738       0.021726423129645425     1.7514524742451816       0.22717971819575344      1393761.5943332557       180783.8756053898
0.16585451065399312       0.01762893781624903      1.8313135604518536       0.17897226583581874      1457313.027485655        142421.6039206365
0.10354433668209478       0.09606138829010831      0.9510133563095696       0.4184013602517604       756792.3830154097        332953.2234022026
0.10763072783416822       0.1010106746698663       0.9866937935826733       0.2897038134327871       785185.9728338835        230538.96970200152
0.11069374446114806       0.10527248407997616      1.00762582772626         0.19049369176693134      801843.1563484842        151590.06336265506
0.09998299105701784       0.08935957377117298      0.9418969521409571       0.5937931513784845       749537.7790821185        472525.57607999956
0.09659436260634081       0.08200708957045233      0.9553395487061188       0.8059042585650052       760235.0575387967        641318.2320471475
0.17092168211345873       0.028909238618639217     1.7810796948789227       0.3273125609396579       1417338.1874029264       260467.06004806887
0.1648252061049839        0.024239378074806993     1.8414824556821072       0.25439981485326274      1465405.177194047        202444.9402777987
0.1312533841273645        0.040394612295366034     2.023484456965192        0.5392741194534594       1610237.7679781492       429140.7089627366
0.11910492871123979       0.0432394447678498       2.0543843692529524       0.7423555690959676       1634827.1368866644       590747.7917671014
0.12570735902336666       0.05141306604619358      1.8910276851625636       0.6522497218869288       1504832.0180862322       519043.83684309357
0.11479480944486548       0.053644993724097575     1.8372995700305788       0.8538055730284801       1462076.5425549026       679436.8869344541
0.12206753937441653       0.06282432246616601      1.694627662580375        0.6713570315580711       1348541.845999656        534248.9507598429
0.10957772313593112       0.06362669423666982      1.5674809820876636       0.9045590007338505       1247361.7325089516       719825.1814252884
0.11324677584969257       0.10873168694127536      1.0252080477565155       0.11497309717585563      815834.6424902068        91492.68369061127
0.11529805938755126       0.11152463356368057      1.0390132712129652       0.058676006831504174     826820.4902581173        46692.88264063854
0.11689740502261677       0.11363199077742601      1.0501213354643006       0.019658259299163237     835660.0069270296        15643.545700220237
0.10776061135852294       0.08310083972126385      1.1797497574454148       0.6267816769630924       938815.0275445117        498777.01064051845
0.10349488092142477       0.07310569916361896      1.2643320528634578       0.887679943027177        1006123.4796137143       706393.2540815362
0.1157943195713066        0.07394394424635874      1.4484941481284646       0.6573081449044873       1152675.018571646        523069.20198056486
0.1695611614924946        0.03604133747962         1.91091845627591         0.34364046170843654      1520660.5908092249       273460.39063639427
0.1635439200914532        0.03101089070380161      1.8632600054937738       0.309507835218769        1482735.200698831        246298.50950369448
0.11844880678583285       0.11545820454477775      1.0617795631952542       -0.01125932477114928     844937.3297823909        -8959.885966027156
0.120020768026231         0.11719647511060338      1.0730723005172231       -0.03662803169618914     853923.8046115391        -29147.661500875605
0.16790317297700544       0.04311020758773333      1.808069389784863        0.31480157539312864      1438815.9041870392       250511.13408466196
0.16247056114029612       0.03753485903551223      1.867746156256907        0.3356201701991222       1486305.1660458716       267078.0454426677
0.165950625242221         0.05010344774284087      1.7810476008504708       0.39306635095865533      1417312.647786567        312792.26359081874
0.16037642811801495       0.044496982441682424     1.8486887961692755       0.37228497139557376      1471139.800744728        296254.96718215215
0.12135719940360977       0.11913683450424663      1.080266349938541        -0.057515868616558295    859648.6472427897        -45769.67398274632
0.12259046523081917       0.12065727981705822      1.085559119288956        -0.0691314825915548      863860.499266609         -55013.08588858628
0.16370694372035338       0.057008789425357184     1.796335287356161        0.47117788563963714      1429478.2021656663       374951.4478756801
0.15841321003078854       0.05121330259954845      1.840600815104673        0.4201083952563837       1464703.5899144022       334311.6386972861
0.16117606459121056       0.06381411831948781      1.879493881040668        0.5511088355250156       1495653.7083929654       438558.4767771228
0.15647962914966634       0.057881442052561835     1.8575786170918338       0.45371531878667687      1478214.0954598624       361055.1787070735
0.12397938304696017       0.12115724523650573      1.0901284282351258       -0.07378651983050862     867496.6397930939        -58717.44682286804
0.15836242787679966       0.07050749556585538      2.19005690148177         0.34391860963880677      1742791.9076167187       273681.7337265403
0.15422734003363828       0.0641486052009453       1.9048879918723296       0.4284391796422961       1515861.6997143768       340941.0662715398
0.15516460587899372       0.0772910769521307       1.8037750661625431       0.11733428044660327      1435398.5900283966       93371.65363603814
0.15089390576830386       0.07047626127956742      1.865391348611965        0.3149079980730448       1484431.2696622561       250595.82256249068
0.12364031901333747       0.11916009824488753      1.0949899057322914       -0.06409199339384292     871365.2806651132        -51002.78780621601
0.12570727524993203       0.11936350549159276      1.103223229824788        -0.07448005281111197     877917.1518021055        -59269.34283316942
0.12489932516744531       0.11672762096663093      1.1151494364273837       -0.056252308580702536    887407.725467797         -44764.16485474724
0.12786269591484908       0.11705168297547242      1.1280051996420157       -0.08092484674982761     897638.0167819351        -64397.94689594582
0.1516763699226727        0.08392999643205164      1.6760004422889418       0.1678548588726634       1333718.7750724398       133574.65255788434
0.1477741609749384        0.07620248107438372      1.7646405540582297       0.26373689206633255      1404256.3347939411       209875.1502402525
0.14790423803829822       0.0904118458185323       1.6208231301731828       0.2056806341654317       1289810.065223703        163675.44812852112
0.1439179948528468        0.09663113500078341      1.6434304646033875       0.2239753989764112       1307800.4103471963       178233.95939037637
0.1414258353624487        0.08877813937694519      1.606574734508527        0.23054098187373037      1278471.5522179075       183458.68425231613
0.1444505677406036        0.0830693735202899       1.6615202419147053       0.24843765892345293      1322195.7977398357       197700.40733922925
0.12671689196113162       0.1133329252282107       1.1568620329015653       -0.04783072450447504     920601.5550581148        -38062.481182769254
0.13049508459580528       0.11410958938817231      1.1707941774748516       -0.0967895035136523      931688.4034416623        -77022.63961804069
0.1336281600613311        0.11042409308039144      1.24409346141912         -0.12900643041538715     990018.1202657955        -102660.05545624749
0.128978484230965         0.10950840866800146      1.2240466606588687       -0.04274664044171527     974065.3830949339        -34016.695634354524
0.1370010713189396        0.10621050772624387      1.3666298705533937       -0.18940285996088077     1087529.4963780483       -150722.00699258098
0.13162389109454134       0.10498433673070218      1.335492130052707        -0.030907303489682462    1062750.8697910635       -24595.250640121754
0.14024249625564927       0.10189213776336177      1.7907169537425827       -0.08773040386447965     1425007.2743329646       -69813.63717240126
0.13769346034293545       0.09535631499908699      1.5740786109070417       0.15524617010815314      1252611.9587053994       123540.97684398906
0.13455699809750657       0.10024928305797894      1.4777460493071743       0.029296197729897475     1175952.9419087826       23313.173412553733
0.15464907095873082       0.013620377242645202     1.9610965696079667       0.15138511263940993      1560591.0646683357       120468.44493542728
0.1453220798509046        0.01499479561797249      2.063722610544805        0.18855700902898023      1642258.2731935808       150048.90020792672
0.16131918431068087       0.013806347651958758     1.8877427128673543       0.14219553215897235      1502217.9201927192       113155.60914341509
0.15909877803937772       0.01953872729196096      1.9035391504863461       0.2073210213767516       1514788.3258442457       164980.8267948526
0.15154383894902473       0.02091033180149147      1.9781690515205776       0.2358677582458566       1574176.9141045306       187697.5982041612
0.14254103605732255       0.022952775382179123     2.0649333347672765       0.2904033636525367       1643221.7369172175       231095.65407907232
0.15740163430131587       0.026280037255997393     1.9114905743446966       0.27443477326123955      1521115.8679026226       218388.25360414895
0.15025043448649697       0.02807527801819364      1.9682988210452557       0.30753084531961045      1566322.4342565117       244725.27092922534
0.14292650362529014       0.030507196523198502     2.0194356143710137       0.36282023284797066      1607015.8014148267       288723.16755753494
0.13929470403243996       0.035910312574600214     2.0128057555168275       0.43050155253172545      1601739.9273716002       342582.2504707968
0.10699456718642823       0.0914871953162314       1.0634477360923569       0.4752283450970965       846264.8195949197        378174.70109791995
0.15604539675008583       0.03318546190094629      1.9102479242384407       0.32842724356752223      1520126.9983679012       261354.0962990853
0.1479610979586123        0.037787235244875386     1.9431290585399739       0.38831757163983915      1546292.9736606884       309013.305079608
0.1565870836251155        0.03989274304704879      1.885882119522562        0.3643449287688958       1500737.3070531813       289936.48202017136
0.1403378197927329        0.0423588342437992       1.9548808535008397       0.4613923125061956       1555644.75495181         367164.3361998078
0.1457680323233633        0.047030046871963604     1.904135835910204        0.44303050513096         1515263.1530176355       352552.4741604579
0.11022071811508966       0.09592971713510239      1.0788974589672353       0.35960220443823676      858559.3184196041        286162.3419154384
0.11319854514813937       0.10065157368936518      1.0880992774741258       0.249083247017998        865881.8929236348        198214.15002146992
0.11513707303847986       0.10495857731985127      1.083698816520305        0.16113252138660786      862380.1173602174        128225.18635769591
0.11344012653296964       0.0901383056470316       1.1954618114550202       0.42933562318082447      951318.2828532892        341654.43337333767
0.1528367401803389        0.045606810945244255     1.8833845253913921       0.4063308125262692       1498749.7847941166       323347.78672050976
0.13741188052188444       0.050671964232190815     1.893871228697719        0.509557109441385        1507094.8381338168       405492.66377607157
0.13201854203332844       0.05924099662933004      1.797434661563269        0.5504394493299392       1430353.056362511        438025.79616820347
0.13056514728001073       0.06663420977432379      1.701294474025358        0.5253054208889996       1353847.1259803092       418024.7718372642
0.12590642137201527       0.07189383732455903      1.5971851684934746       0.5361746157730299       1270999.5729939912       426674.20230337715
0.14572579436052774       0.05416955323687643      1.8683502816171669       0.4536299144506506       1486785.9137325338       360987.2160958732
0.1511288937741368        0.05218234298960412      1.8692133217306444       0.43499326507825825      1487472.6992332668       346156.64174443966
0.11659618850243743       0.10849631176362554      1.0787122841109384       0.09484059622511576      858411.9609510241        75471.74847504862
0.1180664161056415        0.11130624105483733      1.079790787463256        0.044403299035403854     859270.206649337         35335.02265536055
0.11897528965759063       0.11335871503333687      1.0788067017176146       0.011965767105596279     858487.0960951115        9522.054913710244
0.11831922679897021       0.10594285989417906      1.1249969510056463       0.1191447401636307       895244.1285792969        94812.37170220651
0.1165160053067377        0.09622916519801147      1.1858617524433384       0.2931633497038172       943678.798624874         233291.9811937022
0.11823146404250393       0.10192407442616017      1.1599292401399255       0.18265677778965486      923042.3610254762        145353.64537230745
0.1181788211994846        0.08407939451589551      1.3443588128799038       0.4752316350004669       1069806.7517949454       378177.3191198385
0.12055688242873341       0.0915707652585112       1.30020500933241         0.3300201081422249       1034670.2713404848       262621.6576527847
0.12357421934103249       0.0789769843436333       1.4809544835081176       0.48315938873904346      1178506.1327221084       384486.025095387
0.1412250124021711        0.06060667100001372      1.823550611423159        0.46209156847892474      1451135.4689312188       367720.7864225396
0.1362938761068954        0.06583537092685936      1.751907535220275        0.46986445092732343      1394123.7203512276       373906.249741214
0.13479014221574598       0.07302659613719743      1.6691312978592114       0.42545589063900413      1328252.4836184208       338567.0403138117
0.13005808352239534       0.07807697911928532      1.5693671375920455       0.422841661032907        1248862.6873687631       336486.702492874
0.14929135952728026       0.05900783803764735      1.861943411432213        0.43766070985992683      1481687.4884341166       348279.3268565759
0.14774260771501174       0.06481581671859174      1.8490087658676082       0.40570476507300784      1471394.424540374        322849.5939865267
0.12075210200533218       0.11451476990589843      1.0928125438125662       -0.011833225536801545    869632.5911029918        -9416.581684516064
0.12226424363843766       0.11668671707358388      1.095932065585577        -0.040886317614909226    872115.0276542791        -32536.29776619018
0.11997904602770917       0.10867058939094475      1.1258253869716632       0.0657417613972573       895903.3769744305        52315.63146970724
0.12071171836852984       0.11188236888374484      1.1095920876183911       0.01865036330295858      882985.327800612         14841.487550627731
0.12172159081822415       0.10495145494026263      1.1847260405388715       0.10210000344997182      942775.027807253         81248.60119381291
0.12274582018812141       0.09897008670595894      1.2621774371377368       0.1861807066413302       1004408.890897654        148157.89885154885
0.12639769056182637       0.09411464206444839      1.3712690614677576       0.2326479016135873       1091221.2472078886       185135.31770879673
0.12793345103996073       0.08689076651206791      1.4588516375932687       0.3313551232407576       1160917.246803375        263684.0289129537
0.14288184729477763       0.06969360097994708      1.7733075467946369       0.38346913934563237      1411153.3084726445       305155.045250261
0.14148124881061513       0.07691590123510425      1.6941593644942834       0.3252483518193136       1348169.1862234464       258824.41462267804
0.13634437112351222       0.08213627360030323      1.601084426928217        0.3210501566503921       1274102.504265401        255483.59705668618
0.12332910890733013       0.11371697282676585      1.1242554366748385       -0.02104486486712759     894654.0502236894        -16746.971351521595
0.1241274178997599        0.10945487560014333      1.1714165493460604       0.017103004600285014     932183.6712403832        13610.138619293924
0.1266163805494765        0.10413324546764555      1.2672752842232413       0.05936407387483573      1008465.6287115772       47240.42899626276
0.12896225230902925       0.09938048238395177      1.3653264300634573       0.11292583657963828      1086492.2513930507       89863.52547218504
0.1317900468432871        0.09376110946175213      1.4670870152984417       0.19660688596549045      1167470.7521534103       156454.78873656192
0.13503901575103475       0.08935364638960289      1.5402944596387944       0.2472907668088759       1225727.38534287         196787.73959308903
