% Model:              
% Version:            COMSOL 5.4.0.295
% Date:               Apr 20 2019, 13:51
% Dimension:          2
% Nodes:              142
% Expressions:        1
% Description:        Magnetic flux density norm
% Length unit:        m
% x                       y                        mfnc.normB (T)
0.09640239014281014       0.09640239014281014      0.7325796009526883
0.09864592982406947       0.09569175820073207      0.7579006298608196
0.09801549245517238       0.09801549245517238      0.7217754632679716
0.09980759279076294       0.09723172318923295      0.7451531875337792
0.09935197569363849       0.09935197569363849      0.7124738390528323
0.1010298551167505        0.09873254830929988      0.7336046066714325
0.10055110182413789       0.10055110182413789      0.7043533087169482
0.10230502127121709       0.10004383746276892      0.7259421283228007
0.1018986811893716        0.1018986811893716       0.6966590488067926
0.09436705114231947       0.09436705114231947      0.7452411832396146
0.09714439045585889       0.0934126753427347       0.7784493581823471
0.10339615688888633       0.10158420213040203      0.715291548512324
0.10319894757499035       0.10319894757499035      0.6923282150332196
0.10431726194064302       0.10270863942148989      0.7106193471872776
0.10429825022501577       0.10429825022501577      0.6921944555254681
0.09304250185011143       0.0876385012075454       0.831613256360174
0.09179154613571988       0.09179154613571988      0.7606713561691042
0.08853493265432177       0.08853493265432177      0.7819393588107073
0.09523217652295878       0.09047257691682041      0.8058111534555223
0.08485281374238571       0.08485281374238571      0.8125980422640088
0.09045606500412695       0.08372567211440282      0.8765137013019472
0.08905412943009632       0.0804323444358527       0.9273126179431145
0.10549567156111032       0.10308692100295898      0.7188699386600842
0.09477441613088247       0.08062532016018897      0.9640441613946625
0.09370222583146418       0.0749659447631342       1.0680420004052322
0.10519728345321233       0.10137487617408228      0.7353597703984622
0.10697143745333418       0.10155472204268681      0.749866397905567
0.10631566731476759       0.09921620916106665      0.7718888980227533
0.10881341324474053       0.0995785674632312       0.7880665917098552
0.09980643175199307       0.07561444383258378      1.0890026950213174
0.09821425709406852       0.06894896448432139      1.214608960833125
0.10790515536255504       0.09663919334274822      0.818968675265609
0.11104007677107049       0.09708939875534683      0.8364567424023187
0.10466581658214133       0.06932781411427488      1.226107010911792
0.10234370402187638       0.06265593544974463      1.350510747609697
0.10993103407531533       0.09359106559384643      0.8803800853221162
0.11368584745541678       0.09397754033993276      0.9027384948547007
0.11207244418126593       0.08997790175347851      0.9631973554102169
0.11656403805952403       0.09038293550918682      0.9990269848767044
0.10916453774152357       0.06239797652207449      1.353271300289814
0.10607178651330175       0.05611395642686884      1.4694415278422206
0.11276173314842713       0.05521239496707493      1.4619980417095961
0.10938344987623101       0.04934836261897708      1.5660889276148253
0.11603080375331848       0.047909192865375955     1.5421019199599744
0.11226335543685854       0.04239031759797942      1.6338498889024116
0.11449621867053629       0.08598202061693905      1.0692329737999884
0.11933000667030474       0.08669832471313978      1.2568397772771693
0.12384015939662636       0.003932727726296863     1.6538281212278279
0.11984503489415724       0.00609652451961188      1.7076293484289715
0.12                      0                        1.7076089771405747
0.11867698623907859       0.04048582624511445      1.592582891818976
0.11469988494478482       0.03526948246931228      1.6753222717299863
0.12132842155378365       0.03304541407484691      1.6160116586804933
0.11668130965100298       0.028026272997434966     1.697600367146526
0.11729482641838568       0.0816827732401205       1.1585722209412426
0.12245742727269296       0.082221824996488        1.1879275608077007
0.12035193084574848       0.07692995937952975      1.1949282655923543
0.1258492552749718        0.07692993530957215      1.1881862847449138
0.12280686920974283       0.02532282298603368      1.633388304370693
0.11820387519983408       0.02068438753606333      1.7068430079565384
0.12509348700846568       0.009711272498386502     1.6336403825753139
0.11926644814655069       0.013248182762406772     1.7082327322489916
0.12450607855263665       0.01759779313562361      1.631378179188813
0.12550000000000008       0                        1.6324479442278987
0.12327076661251814       0.0718554009106838       1.24346085427736
0.1290588995336073        0.07141463751342728      1.2375985105325642
0.12601783968937352       0.06632192541681792      1.3220640101408256
0.1320269814706017        0.06576569138814989      1.333989200948899
0.12835760380506242       0.004498861116409351     1.5950882497010677
0.13100000000000006       0                        1.5636490564424295
0.12895962929629343       0.0608684560015178       1.4278753581598362
0.13474795500228365       0.05999365485368052      1.667661593126702
0.13135026496641752       0.05548004798331381      1.4946768321052781
0.13714203166850628       0.05429837152101711      1.4779501835323818
0.13335034103385845       0.049686925875958445     1.4681982658125532
0.13929551461002362       0.04850783039395476      1.410431680393616
0.13368431054108362       0.0046246882362821345    1.5307955257338872
0.1365                    0                        1.501208989668978
0.13553910794911694       0.04402281631894794      1.4509031479724583
0.14120462588598406       0.042632190049295575     1.3940719707917817
0.13722502838666892       0.03835406449519639      1.4564071107297103
0.1428660162664803        0.03668175835678779      1.4155053902460537
0.13907890351444208       0.004206441157659143     1.4716497314523895
0.14200000000000002       0                        1.4473365028012868
0.14095615257648322       0.020760311923549078     1.4455236287140545
0.14635480217395494       0.018344532717474396     1.366992253944244
0.14544634230309372       0.02452777019321725      1.4093572450692917
0.1400170767296197        0.026637947713597707     1.4782015304427611
0.14427677110823633       0.0306669743956195       1.5386228654732708
0.1385293106033838        0.032495538659018504     1.4809478899724018
0.14254091629174512       0.00843547657003709      1.4234262263609205
0.14738233187615105       0.005890522111668839     1.3707502166245227
0.1470005198158711        0.012128362373530663     1.3554476734871417
0.1415906686404009        0.014555715057276005     1.4286434138371291
0.14370043033646762       0.0037064879678730144    1.4262026418138727
0.1475                    0                        1.4495153872607744
0.10142378343369282       0.09712225863598067      0.7590161142926178
0.09960508647322784       0.09312667591355056      0.801213387182619
0.10092364489938743       0.09521899913613885      0.7817219669594568
0.10273965568705379       0.09809439305004032      0.7561903988097702
0.10261549830847308       0.09631845562520264      0.7797804822122142
0.10421467255882674       0.09940210046664022      0.7512000062816261
0.1016399389136598        0.09294907669686618      0.8198960296385047
0.1007736911072794        0.09114044114336081      0.83949540817129
0.09850292363911202       0.09034710496147069      0.8330965751811409
0.09386334787432356       0.08434189512462001      0.8921698899683024
0.10344115665584916       0.09404419168219495      0.8186915157233026
0.10479204181593668       0.09674779547701103      0.7917102701529097
0.10106494103910538       0.08853101657091314      0.8813167335795588
0.10372753112963883       0.09088356811602383      0.8677962417800399
0.09718040851217341       0.08537808701634286      0.8998314613819175
0.1014676580371666        0.08549169597925863      0.9323027564026681
0.10626667817727882       0.09356445129985073      0.8495185123650669
0.10493783101268553       0.08588631383992724      0.9557796012881138
0.10797792385575873       0.08995847334252442      0.9205186348144739
0.10178120739198972       0.0817644304995215       0.9952920703247168
0.10724706072477072       0.0826345424421358       1.0281682756225194
0.10977960297104433       0.08597537511844157      1.0033174925621091
0.10726920914862005       0.07660811652711716      1.1190643063710746
0.11193316856164368       0.08130544524659869      1.095237397048164
0.11470747676764065       0.07639485702779392      1.173801527128928
0.11289387123003748       0.06935133655489208      1.2526873749029852
0.11853183272828174       0.07249496479252018      1.2305335490841682
0.11606248440582202       0.061278924705948014     1.3731463492223124
0.11985365423014943       0.06695173000658647      1.3017432346973916
0.12063411077833577       0.05410558189721881      1.4634182474701107
0.12269076752627377       0.04582784566408969      1.5254085306740721
0.12293964998106718       0.061066189990228566     1.388976905320998
0.12667508466801702       0.056583226376916054     1.458109112892523
0.12726386196970713       0.05085788890173556      1.4843059248550716
0.12645685662560174       0.038255481514171005     1.5424724785913904
0.12752624564964785       0.03007915909993232      1.567904079857536
0.12951126503937915       0.044954600136781486     1.4931803912042287
0.13264787835547712       0.04000122320620779      1.4866898420729198
0.13079186089663555       0.00869928345720861      1.562615323875999
0.13037193115714638       0.022226677837139008     1.5572927035796975
0.13048678096964847       0.014323838190098491     1.5623746735562218
0.13257355439555102       0.034304407652025665     1.5107874968056587
0.13421741673374668       0.028328079340883994     1.516872980957136
0.13649974499345224       0.023124503604052667     1.496783116100948
0.13632904758462874       0.010336599956556744     1.4952894962706982
0.13582828061837776       0.01737140225567646      1.4993195226987452
