% Model:              
% Version:            COMSOL 5.4.0.295
% Date:               May 17 2019, 14:46
% Dimension:          2
% Nodes:              146
% Expressions:        1
% Description:        Magnetic flux density norm
% Length unit:        m
% x                       y                        mfnc.normB (T)
0.13590220141812454       0.0061243002868613       1.6187753524167428
0.12967838553193148       0.009138726707356224     1.6931753576006816
0.13                      0                        1.693802585883236
0.1391787558386356        0                        1.5818476283996983
0.14362734570563268       0.007265941860275357     1.5319007983080546
0.14835751167727124       0                        1.4827156741848222
0.15242284843397166       0.006828515074367249     1.4417593317833415
0.15753626751590688       0                        1.390131532028011
0.13703298214477752       0.015024893807139486     1.5976969499918738
0.12857219341106563       0.01921434572051657      1.6891749862626166
0.16210428372811228       0.00722947533921051      1.346689043880513
0.16671508040443234       0                        1.2994393543470935
0.13558786434198847       0.02647741348173231      1.5880798009253645
0.12658294980251827       0.029610079690759693     1.671546305185687
0.16962861043503205       0.005248529663672967     1.2711381382539535
0.175                     0                        1.2280483814114653
0.10827741203300192       0.10827741203300192      0.7041731206737868
0.1131682413105783        0.1068311390285979       0.7627473188226669
0.11181247646190198       0.11181247646190198      0.715160998545775
0.10020043967610234       0.09178240869900017      0.8107390301637023
0.09813490550236932       0.09813490550236932      0.7025107264831195
0.09192388155425119       0.09192388155425119      0.7359618496627705
0.09815852054385533       0.08523441115325153      0.9053239725550354
0.10554347904020951       0.09577222107816756      0.8030409253798566
0.1037722948693034        0.1037722948693034       0.6968215110047721
0.10978883048703807       0.10175616070707451      0.7758864548621894
0.11458502889894107       0.11458502889894107      0.72605134651124
0.11572123737665378       0.11074669923552588      0.7575926877449358
0.11762920404539803       0.1135666285536716       0.756636788106258
0.11675143214430356       0.11675143214430356      0.7355264695716239
0.11852136143248759       0.11852136143248759      0.7434577374393835
0.11940412566169066       0.11606247743661682      0.7576593187955657
0.12109915164717017       0.11804854735509242      0.7601526634829758
0.12048267075609007       0.12048267075609007      0.7511907578974379
0.12263140580197925       0.12024001556372334      0.7601519679377979
0.12231112997124104       0.12231112997124104      0.7556609627630756
0.13303934401828685       0.037202623382910874     1.5644643646070946
0.12375397909018171       0.0398114639186613       1.6286619536315075
0.12533940511915126       0.0575157810298001       1.4262761641107506
0.11565823694355021       0.05935631581482799      1.429127477990316
0.12010433883936619       0.049748847142006336     1.549496539843786
0.1294364154115999        0.047492406606787003     1.51478448732838
0.17484649526730156       0.007328239402575314     1.215285371345031
0.16865630551706076       0.011023440149848162     1.2837089404416169
0.17438625036866462       0.014643622583137977     1.2266794879234142
0.10771427296852004       0.08682491190226492      0.9454560493496038
0.10450086656469408       0.07732767219584462      1.0907297544948025
0.12370649383955731       0.12189401241659384      0.7586876933519556
0.12374368670764582       0.12374368670764582      0.7556362876629872
0.12045636798375131       0.06759820103756202      1.294636400488978
0.11044514934102781       0.06857017563808676      1.2723821268616682
0.11470839804525301       0.07750704257906817      1.1296108323589578
0.17362007273003136       0.021933315873770377     1.2572775184773548
0.1674576323183355        0.017679462104310012     1.3078420114102065
0.1725493064873325        0.029184530675352035     1.3183088990303873
0.16657527196542327       0.02435023043188196      1.33966280514664
0.12502651296532713       0.12244742159690766      0.7583501913524408
0.12469580195064954       0.12054641607006542      0.7642393008840291
0.12657461148076918       0.120846463450497        0.7651745145193156
0.17117583012841597       0.03638454589310788      1.474497230147921
0.1654531299221242        0.03133106632165856      1.3838341811346357
0.12589729274495573       0.11845783211521795      0.7762412412676077
0.12838822902429212       0.11891788195223574      0.7777128493282081
0.16950205319751901       0.043520730253816        1.3584220159719578
0.16416727820513086       0.03836583149240804      1.4028457516113637
0.16753091206811668       0.05058056446526596      1.3469243910596678
0.162678870919544         0.045061066052755616     1.390599505165549
0.13038875270663527       0.11672092000840241      0.7971090677974356
0.127365246367045         0.11586458317347116      0.7970453353430357
0.12899309018531          0.11329390915396637      0.8246233003762327
0.13273210993883844       0.1140490551963674       0.8279932414012007
0.16526586479155345       0.05755166317926834      1.3811218229234346
0.16045777885746504       0.0518354440099561       1.3973162308033897
0.16271088503043118       0.06442179671985081      1.4799716183266796
0.15785576497641243       0.05846593247430116      1.4266120501685056
0.1311754163694717        0.11004329586554776      0.8703480451071023
0.1355549535069051        0.11067906116217624      0.8812371243739161
0.1335227371563683        0.10624305485918137      0.9421132684097837
0.1385962493226108        0.10684605595764719      0.9713951092996943
0.14931267574996646       0.09127280460457718      1.1597514053158438
0.14528847303539844       0.0975513177924433       1.1719630943985622
0.1420019837363314        0.09027052810793687      1.1572810649054588
0.15312072826021206       0.08472923094813406      1.2088561612827704
0.1455503408867493        0.08419223702045094      1.2099934534777885
0.1566421814057986        0.07802709147746598      1.3192674721731068
0.14960944504752358       0.07797423119718544      1.2957030182366456
0.15290818069491247       0.07148956979756378      1.4141331338354615
0.15987045508745515       0.07117891253826503      1.7317903369178438
0.15566119290765013       0.0648058492004033       1.4642422039137593
0.14157797401561578       0.1028624191511828       1.2658257144833553
0.13883603425637622       0.09652903671537756      1.1236682293111062
0.1359373795839488        0.10198508328305421      1.037383248813418
0.1472573053593111        0.014646267135096437     1.492410161208288
0.15659576156209007       0.013537370759081294     1.4041062242672997
0.14443190676970724       0.023376657697600105     1.5129665611469771
0.15339237975022446       0.021144169105595054     1.4379999459746473
0.16307567093414663       0.013955921754107564     1.3431490464626323
0.16079168494908416       0.019593110737626433     1.3739415285917087
0.1202350121430532        0.1138266884154907       0.7744162034283802
0.14367957046231042       0.034524798227491466     1.498033711605871
0.1516458975195822        0.028920237382589555     1.4531851460412823
0.15248634966792185       0.036306439381394134     1.444021600594508
0.15957980538563185       0.02637989687857437      1.3983117048019835
0.11560460707015635       0.10147229853571677      0.8322049546981485
0.11772455184092165       0.10660466157918808      0.8051487453727818
0.11247641391855995       0.09446430919434412      0.8795846717484856
0.11923922343661379       0.0964399071221115       0.9155409198290245
0.1197650866002117        0.11072917410261317      0.7905896000167331
0.12142000069451334       0.10752393222543478      0.8279696732640007
0.12349318664716734       0.11815731681325724      0.7703961916412703
0.12242278267657297       0.11537355639670062      0.7791202923576555
0.12221245113858555       0.11266900108635318      0.7946154387722851
0.13916649933509004       0.04530604252150225      1.4822846535237988
0.1306455964295288        0.06548636701520252      1.333521268640645
0.1351389563201918        0.055389736809583305     1.4289090151170933
0.14939913158359625       0.044084173744711        1.44536644204175
0.1586697261091401        0.03335651835386994      1.4165483902508231
0.15711402574488292       0.040720323193613045     1.4201228591102646
0.12123038142722645       0.1027376135829845       0.8695143457242366
0.12437647974631404       0.09869411954979447      0.93751397889886
0.11912599064762973       0.08762977939282483      1.0155554400750244
0.12502579854050283       0.09355256442090905      0.9956197032044839
0.12342198661302682       0.11009005885720932      0.8216242743911971
0.12482189068568428       0.10611636406038204      0.8675265864617416
0.12488377251480327       0.11635028887240031      0.785076257591158
0.125217387660063         0.11332552765975204      0.8071059132923165
0.12600775434714093       0.07709164039461719      1.1849446701345159
0.13740827910264158       0.0730492616835681       1.2786515837076355
0.14429615898223086       0.05314516094541516      1.4324108377639055
0.14193029620984185       0.06339648230037623      1.3781772827438534
0.156518751023682         0.046825500901639214     1.4145045769207567
0.15289650899348023       0.05252793697398256      1.4228159637867623
0.1265147000875847        0.10218755824246524      0.9215963532530416
0.1284643724760626        0.097749810314532        0.9861501244975607
0.12871007327681758       0.08752808013645888      1.0868007964533597
0.1301935844411495        0.09374284650598512      1.041250970584685
0.12711726595427095       0.10980331690613865      0.8484972832472021
0.12904688733016764       0.10602944133597654      0.9029454815685192
0.1368554238654191        0.08272776835309087      1.1836911845555018
0.14332396981292297       0.07783332920060099      1.2618139366783474
0.1456866339509959        0.07175998283752083      1.3366325361349431
0.1501423592778945        0.059652904762345874     1.4204051109394429
0.14973996227374914       0.0663198637209297       1.410290817703877
0.13114818886005322       0.10179800061112199      0.9731620208926007
0.13355592956585366       0.09689971547963071      1.0521883206260843
0.13507555386895914       0.09104086744329326      1.1073161138146765
