% Model:              
% Version:            COMSOL 5.3.1.275
% Date:               Jul 26 2018, 09:42
% Dimension:          2
% Nodes:              191
% Expressions:        6
% Description:        Magnetic flux density, x component, Magnetic flux density, y component, Magnetic field, x component, Magnetic field, y component, Remanent flux density, x component, Remanent flux density, y component
% Length unit:        m
% x                       y                        mfnc.Bx (T)              mfnc.By (T)              mfnc.Hx (A/m)            mfnc.Hy (A/m)            mfnc.Brx (T)             mfnc.Bry (T)
0.06643358568377158       0.06643358568377157      1.2335713377388644       0.43749613516566493      660284.3500260744        -693309.263735355        0.36234666314352904      1.3522961568046956
0.06363961030678929       0.06363961030678927      1.29578466691235         -0.4627209917096007      707434.6303316148        -1375566.4332505092      0.36234666314352904      1.3522961568046956
0.06767337999543004       0.06336558337336759      0.8026032282305          0.22954698365012552      333661.94553452474       -850909.9083804197       0.36234666314352904      1.3522961568046956
0.06667928004706411       0.0604472796112877       0.42490615644171004      0.1639892654508209       47412.631408237175       -900594.8365196809       0.36234666314352904      1.3522961568046956
0.06979943217146507       0.056815836423844426     0.3907898318411964       0.46595486086791454      21556.528073478257       -671740.9453086435       0.36234666314352904      1.3522961568046956
0.07079695965897652       0.06091292746294669      0.5911769126662861       0.4445402853217766       173426.02543094583       -687970.6384152278       0.36234666314352904      1.3522961568046956
0.06976079594137344       0.06976079594137341      0.9485286535226459       0.758091011805885        444256.0062870585        -450336.6001771291       0.36234666314352904      1.3522961568046956
0.07081746428054872       0.06539451380204275      0.8053959240001166       0.5523835747403508       335778.47570731654       -606238.292747342        0.36234666314352904      1.3522961568046956
0.07272208543171382       0.053023563539831155     0.3944292542186436       0.6256495187764592       24314.775984763866       -550711.4491585763       0.36234666314352904      1.3522961568046956
0.0738683276843641        0.05745552917197088      0.4845625759017076       0.5690314203220989       92625.07923786646        -593621.2121941719       0.36234666314352904      1.3522961568046956
0.09899494936611666       0.09899494936611664      -0.2899686458208511      1.5335493175903676       -494377.1708390382       137368.26900033234       0.36234666314352904      1.3522961568046956
0.09489073674483381       0.09489073674483378      0.16904401934965727      1.4982895823134046       -146500.3393929837       110645.59680299745       0.36234666314352904      1.3522961568046956
0.09884352856517434       0.09352967125783615      0.04666494679837783      1.3122753557897358       -239249.07428602088      -30330.991942990375      0.36234666314352904      1.3522961568046956
0.08985501484057412       0.08985501484057411      0.38457178317827645      1.319287336901325        16843.989115908378       -25016.746920245572      0.36234666314352904      1.3522961568046956
0.09582785818624612       0.08928015341466303      0.21851904406191672      1.2692487880232275       -109004.17395227049      -62939.99643974397       0.36234666314352904      1.3522961568046956
0.07387122761785973       0.07387122761785972      0.7906985374220435       0.920282228972451        324639.6103528747        -327415.00999546214      0.36234666314352904      1.3522961568046956
0.07516252107349934       0.06851538105448546      0.7211995713610366       0.7597320456946264       271967.6865986598        -449092.89229534566      0.36234666314352904      1.3522961568046956
0.0754389330740603        0.04908123242796019      0.4678555703821257       0.7262186181467226       79963.16251069959        -474492.0716010647       0.36234666314352904      1.3522961568046956
0.07699445751948897       0.05340215788945823      0.46879699187818913      0.6425116948393554       80676.64767561131        -537931.9316743107       0.36234666314352904      1.3522961568046956
0.07794228634059949       0.045                    0.6564919607225236       0.7030055046142063       222927.03855682618       -492084.84190227115      0.36234666314352904      1.3522961568046956
0.07888026036750483       0.049612749195269215     0.5113264181383478       0.6521604323091241       112908.87822878524       -530619.3399461694       0.36234666314352904      1.3522961568046956
0.1026500712969311        0.09519959486644339      -0.022331549747064455    1.157915899807201        -291540.1861014019       -147317.04162202033      0.36234666314352904      1.3522961568046956
0.08419154958806914       0.08419154958806911      0.5302861343299047       1.1793439194055793       127278.08085500292       -131077.1595279634       0.36234666314352904      1.3522961568046956
0.09215325837801285       0.08335464286675758      0.3438061119680748       1.1479933572853367       -14051.52555819895       -154837.14490961184      0.36234666314352904      1.3522961568046958
0.07877506606170584       0.07877506606170583      0.6596418407589005       1.0517327761262611       225314.27178509222       -227791.17974944707      0.36234666314352904      1.3522961568046956
0.08598846488206716       0.07768419400279958      0.49110843609696037      1.0287226921246673       97586.06022292816        -245230.07789141565      0.36234666314352904      1.3522961568046956
0.08045938777923443       0.07258845775055194      0.6094908626891372       0.9035656434196704       187305.8143532062        -340084.18724471744      0.36234666314352904      1.3522961568046956
0.08253634185869019       0.04765237919004174      0.5051499033720276       0.5755693348042269       108227.8170090712        -588666.2531115873       0.36234666314352904      1.3522961568046956
0.10611015533137017       0.09132707668349226      0.049800163515245945     1.1552631427468376       -236872.95410433563      -149327.51495049047      0.36234666314352904      1.3522961568046956
0.10129620615210805       0.09016845938797143      0.0926991749414889       1.2089258693357574       -204360.62209365817      -108657.57115803582      0.36234666314352904      1.3522961568046956
0.0882617526605183        0.0509579466576984       0.4261154481101845       0.5973568862649635       48329.130201939806       -572153.8887647049       0.36234666314352904      1.3522961568046956
0.08262916732769887       0.053700536399868826     0.4714905774285055       0.6375164346501497       82718.06412786723        -541717.7428702263       0.36234666314352904      1.3522961568046958
0.10939417209561123       0.08736655602412044      0.04089569144234393      1.130331462594011        -243621.4814663646       -168222.75369291162      0.36234666314352904      1.3522961568046956
0.10408479770776528       0.08622477424514886      0.09817135142947492      1.1310606208614058       -200213.36524825715      -167670.1387283775       0.36234666314352904      1.3522961568046956
0.09483787345165395       0.054754671766684054     0.3372660675863879       0.6303165402258233       -19008.098850512604      -547174.4037624706       0.36234666314352904      1.3522961568046956
0.08877756812202311       0.05779911220106955      0.41183364659026317      0.6772422343872484       37505.22873454543        -511610.32669671206      0.36234666314352904      1.3522961568046956
0.1125762903404482        0.08322607075419992      -0.008315294231105497    1.0954197624373498       -280917.53682043095      -194681.65679612465      0.36234666314352904      1.3522961568046956
0.10706282828312118       0.08237786810060692      0.06775764746429978      1.069907411026313        -223263.32393297707      -214016.97506738198      0.36234666314352904      1.3522961568046956
0.1019061093620873        0.058835519672268535     0.22623771034394416      0.6665865359007659       -103154.34589102569      -519686.0747263336       0.36234666314352904      1.3522961568046956
0.09563105496390775       0.06184525683881411      0.31229027532701653      0.7301191790600078       -37936.76930629948       -471535.911838301        0.36234666314352904      1.3522961568046956
0.11565212429455266       0.07889604645454257      -0.09333495211655922     1.0499489202701875       -345352.29307020135      -229143.1296411498       0.36234666314352904      1.3522961568046956
0.10981951862504787       0.07882948913060067      0.018843544307564835     1.0133390285938206       -260334.377762983        -256889.059290448        0.36234666314352904      1.3522961568046956
0.10927835992319591       0.06309189051825795      0.08992347465432214      0.6915547528768701       -206464.27171863048      -500763.14543139096      0.36234666314352904      1.3522961568046956
0.10265213044471236       0.065880492935083        0.18587809391720866      0.7772598645563562       -133742.11948915813      -435808.89699313784      0.36234666314352904      1.3522961568046956
0.11590463242135962       0.06691757072879657      -0.06215884050946019     0.6772039585766851       -321724.52036232315      -511639.3351941025       0.36234666314352904      1.3522961568046956
0.10966036204863647       0.06908701284616127      0.035949042505686514     0.8032297411894503       -247370.45113307558      -416126.82919483475      0.36234666314352904      1.3522961568046958
0.11854619683398827       0.07447683677625752      -0.2371436966781794      0.9756639880924237       -454342.1623883993       -285442.2446570418       0.36234666314352904      1.3522961568046956
0.11293209190219534       0.07469935107384505      -0.0597392043309524      0.9313183630599644       -319890.7248466399       -319050.93717330653      0.36234666314352904      1.3522961568046956
0.12124355652982143       0.06999999999999999      -0.5474036710959654      0.740058198508089        -689482.2032081881       -464003.321006641        0.36234666314352904      1.3522961568046956
0.11575009866250385       0.0712077797570867       -0.13536258847322652     0.8131161530178739       -377204.2267494026       -408634.10866180726      0.36234666314352904      1.3522961568046956
0.07624844480433111       0.06272687753383514      0.5951809103897954       0.643641875529003        176460.57795392285       -537075.389563147        0.36234666314352904      1.3522961568046958
0.07842797123159181       0.05753933660184911      0.49947560168963234      0.6378227232598134       103927.37338360518       -541485.6126500324       0.36234666314352904      1.3522961568046956
0.09871623685093393       0.08506008661600638      0.1921714284190529       1.1500992440505373       -128972.52284868537      -153241.1340130712       0.36234666314352904      1.3522961568046956
0.08183228127601981       0.06668178001395585      0.5474452606492501       0.7826578496387242       140282.65120196517       -431717.86838077987      0.36234666314352904      1.3522961568046956
0.08270403268634952       0.060477471189788086     0.49014944531694593      0.6931775155970885       96859.25963712407        -499533.28491525754      0.36234666314352904      1.3522961568046956
0.09709855282436505       0.08024181383986308      0.24857552155607618      1.0631920972187374       -86224.95030881438       -219106.3816716149       0.36234666314352904      1.3522961568046956
0.10179311136778083       0.08109990448882784      0.1569316162997114       1.0614859259180391       -155680.09566974672      -220399.45593955586      0.36234666314352904      1.3522961568046956
0.09299930307054399       0.07637209387288374      0.3419413112197554       0.9948635932987789       -15464.822019991874      -270891.2347808306       0.36234666314352904      1.3522961568046956
0.0876579534821423        0.07125164773248799      0.4507741525086386       0.8932174715935218       67017.48589363428        -347926.86675945955      0.36234666314352904      1.3522961568046956
0.08876877820402627       0.06453855284644469      0.4197712490207018       0.7736868646516865       43520.98427312899        -438516.8045954953       0.36234666314352904      1.3522961568046956
0.09919807134068985       0.0760554406211526       0.22025026511090984      0.975173109254489        -107692.11496402293      -285814.27224521554      0.36234666314352904      1.3522961568046956
0.10470907956207365       0.07752041396074369      0.11321969443912695      0.9895909141236605       -188808.51679431193      -274887.2964668202       0.36234666314352904      1.3522961568046956
0.09589951751598672       0.06964482417424156      0.29573492030108023      0.8613847300647263       -50483.75305400905       -372052.2865998141       0.36234666314352904      1.3522961568046958
0.10324160700307367       0.07202644913996475      0.15377610708937547      0.8881137754809222       -158071.59514020846      -351794.85944688384      0.36234666314352904      1.3522961568046956
0.10801734429413139       0.07471955881707372      0.05305169788682471      0.9312963230240893       -234408.67901924058      -319067.6408907134       0.36234666314352904      1.3522961568046956
0.08221909118781678       0.03660629787686085      0.7912322591321915       0.6534944464643906       -150603.95310875168      -254992.78042658954      0.9899494936611667       0.9899494936611664
0.08402223838476337       0.032253115459037335     0.8197055281064008       0.6613458034385086       -129024.61261717773      -249042.38865320905      0.9899494936611667       0.9899494936611664
0.08646750346844023       0.035636553763709986     0.794332231617625        0.6411637848655327       -148254.54384920115      -264337.95064112113      0.9899494936611665       0.9899494936611664
0.08019058717691435       0.04085914497663524      0.8170023501350873       0.6359833629405653       -131073.2989799952       -268264.09233950305      0.9899494936611667       0.9899494936611664
0.08460618168208899       0.03999233492212966      0.7939972913074961       0.6630952425506721       -148508.38863966652      -247716.5225468323       0.9899494936611665       0.9899494936611664
0.07794228634059949       0.045                    1.0472398762634034       0.6535711596740637       43419.2742036758         -254934.64096697094      0.9899494936611666       0.9899494936611664
0.08238043982572936       0.04336261117667496      0.8237640145965918       0.6929434728834518       -125948.76411057977      -225095.12540394012      0.9899494936611666       0.9899494936611664
0.08253634185869019       0.04765237919004174      0.8104997713365626       0.768300557241545        -136001.47783061318      -167983.44696306656      0.9899494936611667       0.9899494936611664
0.08559508646659018       0.0278115294936641       0.9054930171470289       0.6567877759612682       -64007.93196833134       -252496.82962345416      0.9899494936611667       0.9899494936611664
0.08811242201587162       0.031580188826051715     0.8273152637311038       0.6095110411707109       -123257.34099673037      -288326.9536004151       0.9899494936611665       0.9899494936611664
0.08693332436601615       0.02329371405922687      1.1086915220289628       0.5856542309131947       89992.28936901351        -306407.5692141729       0.9899494936611666       0.9899494936611664
0.08896392184291366       0.027450197527270032     0.8996811484592324       0.5541491846798152       -68412.63496958753       -330284.63512074924      0.9899494936611666       0.9899494936611664
0.09203743911776845       0.024661357485034674     0.8758223278894004       0.42822699702134176      -86494.77416021311       -425718.62850546977      0.9899494936611667       0.9899494936611664
0.0882617526605183        0.0509579466576984       0.7388319729379771       0.7805234422028438       -190317.11771465276      -158719.95858004605      0.9899494936611667       0.9899494936611664
0.08789860611325685       0.04438151186622118      0.7615363708092225       0.7046732882099549       -173109.89318544412      -216205.32497171147      0.9899494936611665       0.9899494936611664
0.09839496441821394       0.026364851255149473     0.7423084018421817       0.42227660895519153      -187682.3994079303       -430228.31266757846      0.9899494936611667       0.9899494936611664
0.09355411277726634       0.03043842931361276      0.7860243356517734       0.5290519707549052       -154550.93770471774      -349305.3287111501       0.9899494936611665       0.9899494936611664
0.09483787345165395       0.054754671766684054     0.6509976073728242       0.8122303038390811       -256885.08653862725      -134689.9406784367       0.9899494936611667       0.9899494936611664
0.0947777522394726        0.048139172778237475     0.6703951902405779       0.728417308614565        -242184.03321749545      -198210.190608528        0.9899494936611665       0.9899494936611664
0.10569942353751172       0.02832207517731146      0.6171620948292843       0.415655898127749        -282528.36784030445      -435246.02150076657      0.9899494936611667       0.9899494936611664
0.1001284032841494        0.03211532588172629      0.6794996173388436       0.5015624067025499       -235283.96380459648      -370139.1382462626       0.9899494936611665       0.9899494936611664
0.1019061093620873        0.058835519672268535     0.5397654322142625       0.8485111814983316       -341185.8032402873       -107193.36439661763      0.9899494936611667       0.9899494936611664
0.10152735152414366       0.05214511996601286      0.5703219528272377       0.7564745156895626       -318027.60657721874      -176946.1753926291       0.9899494936611665       0.9899494936611664
0.11354909953532519       0.030425389521771547     0.49190687038806025      0.4127416709850817       -377456.88268747384      -437454.6579533766       0.9899494936611667       0.9899494936611664
0.10782361721310284       0.0349904251984266       0.5558346939598638       0.5038042805644407       -329007.220199097        -368440.0653562224       0.9899494936611665       0.9899494936611664
0.10927835992319591       0.06309189051825795      0.402744346037329        0.8748092132593329       -445031.4373968565       -87262.59416637459       0.9899494936611667       0.9899494936611664
0.1077806723265883        0.05568866328474012      0.4718472905592592       0.7762930353698599       -392659.6507165222       -161926.10219318472      0.9899494936611665       0.9899494936611664
0.12175719626584866       0.03262474241211185      0.3559616320768644       0.40800643600549685      -480487.1525304858       -441043.4010662459       0.9899494936611667       0.9899494936611664
0.1158457980325147        0.03753962104901149      0.4304795245488153       0.5111940151047824       -424011.48140809865      -362839.52830749727      0.9899494936611665       0.9899494936611664
0.11590463242135962       0.06691757072879657      0.2403970338752521       0.8765393649443127       -568071.3289600828       -85951.34562845412       0.9899494936611667       0.9899494936611664
0.11502673846509437       0.05973915729936452      0.3557084221933455       0.7729698030728989       -480679.0554095419       -164444.71575082265      0.9899494936611665       0.9899494936611664
0.1292041587016631        0.03462014998285324      0.2017542327802487       0.3808873615353723       -597357.9613847813       -461596.42370432947      0.9899494936611667       0.9899494936611664
0.1237513389694017        0.03913980010500644      0.29687964580935955      0.5240546237985337       -525264.2485407757       -353092.721427587        0.9899494936611665       0.9899494936611664
0.12124355652982143       0.06999999999999999      -1.8321358669037835E-4   0.5230727894257421       -750402.4508355092       -353836.8347310504       0.9899494936611666       0.9899494936611664
0.11963516217781697       0.06438947239933214      0.2514434419321566       0.7448477247201225       -559699.4696950043       -185757.89565492718      0.9899494936611666       0.9899494936611664
0.13522961568046957       0.03623466631435291      -0.29166385355405733     0.5600130115011898       -971309.996865964        -325840.5540538131       0.9899494936611666       0.9899494936611664
0.13050681201712122       0.03891701453373949      0.13114451912699074      0.5341616109577803       -650871.6992810636       -345432.8311125374       0.9899494936611666       0.9899494936611664
0.12376172716909378       0.06544489963414099      0.28193192537915707      0.6285227875421173       -536592.8370856446       -273918.3183060401       0.9899494936611667       0.9899494936611664
0.12613765601238952       0.06073954013408471      0.342100859507167        0.6826735271252619       -490991.9642901996       -232878.5188929953       0.9899494936611667       0.9899494936611664
0.1214372017079175        0.06020068783698333      0.31970909457720914      0.708882264186891        -507962.25035284023      -213015.42339035694      0.9899494936611665       0.9899494936611664
0.133777721070713         0.04127373674779773      0.08489009156663274      0.7056878398987673       -685927.0363578112       -215436.41584648893      0.9899494936611667       0.9899494936611664
0.12832323095773865       0.05597453346448598      0.3408984391648164       0.7089452525342703       -491903.25543857744      -212967.6857387256       0.9899494936611667       0.9899494936611664
0.12331257878265146       0.055605619373747174     0.33992272140484014      0.6988867542395526       -492642.7330793526       -220590.82728008603      0.9899494936611665       0.9899494936611664
0.1303205365324499        0.05115229963446791      0.30479170437290865      0.7219947116152722       -519267.85220543575      -203077.75279864526      0.9899494936611667       0.9899494936611664
0.12518859901608215       0.051680934266754075     0.3274132311505322       0.6877280769167586       -502123.4340771287       -229047.77325289615      0.9899494936611665       0.9899494936611664
0.13213723024821647       0.04625745758609984      0.22994245431650864      0.7236330360614485       -575994.6528397091       -201836.09835103934      0.9899494936611667       0.9899494936611664
0.12872526979208035       0.0430575732875184       0.22175253091791244      0.6284953405720993       -582201.6375655689       -273939.1198343795       0.9899494936611665       0.9899494936611664
0.1272523674655887        0.04743702264744345      0.28714177129256674      0.6707628899575159       -532644.3955148528       -241905.36070547547      0.9899494936611665       0.9899494936611664
0.0884808623203763        0.03910788987267577      0.7677903324998464       0.6516925234145303       -168370.13643796727      -256358.42309543007      0.9899494936611666       0.9899494936611664
0.09149866730032881       0.035734733657277945     0.7606630775680597       0.607113699216296        -173771.7452621098       -290143.8527543518       0.9899494936611665       0.9899494936611664
0.0945997842462402        0.04104008898193136      0.6990508973358229       0.645385448517839        -220466.4263984396       -261138.43331571203      0.9899494936611665       0.9899494936611664
0.09629767187913882       0.03561021269667528      0.7088042406560401       0.5725321326158965       -213074.55591708297      -316352.55401299545      0.9899494936611666       0.9899494936611664
0.10153934176221073       0.04557015689224044      0.595300267356842        0.6715013862760394       -299097.024541549        -241345.6686123888       0.9899494936611665       0.9899494936611664
0.10170558810889734       0.038736945110191455     0.6226337548490165       0.5828669105341812       -278381.50241621543      -308520.02548227174      0.9899494936611665       0.9899494936611664
0.10671496841187496       0.049924748208201475     0.511217000524424        0.7068177398873751       -362822.1081019974       -214580.08647322035      0.9899494936611666       0.9899494936611664
0.10984264792322185       0.04325872875653345      0.49629746493157884      0.6097459907764152       -374129.3359031248       -288148.8898331515       0.9899494936611665       0.9899494936611664
0.1138481515300785        0.05174662299462312      0.4186910423925857       0.6999285663424627       -432945.74429721554      -219801.25801365226      0.9899494936611665       0.9899494936611664
0.1183508882881879        0.04479864030021906      0.3821512976499918       0.610184492134129        -460638.51094054844      -287816.55812537705      0.9899494936611665       0.9899494936611664
0.11889083428436914       0.05592600588010808      0.35662936377074284      0.7142020598396573       -479981.09157934354      -208983.65303618304      0.9899494936611666       0.9899494936611664
0.11966339161960012       0.05149199951873387      0.36343173844710663      0.681060355729398        -474825.7032245511       -234101.11032969135      0.9899494936611665       0.9899494936611664
0.12294047228720792       0.047991601626965204     0.3316949052164914       0.6517670264636981       -498878.4360185298       -256301.95867376114      0.9899494936611666       0.9899494936611664
0.1242040673604933        0.044484927593430514     0.30455439566672793      0.6156771641673375       -519447.7038893757       -283653.76810219727      0.9899494936611666       0.9899494936611664
0.08989205240333677       0.004406689768495003     1.1711401692805936       0.21237313653524406      -137294.62326264055      -113662.03853634496      1.3522961568046956       0.36234666314352904
0.09000000000000001       0                        1.3869733868334677       0.12936805082021277      26281.2027229229         -176569.98945688643      1.3522961568046956       0.36234666314352904
0.09315842089643225       0.002994988711665978     1.141362600489631        0.10517870581646446      -159862.46738807243      -194902.6267307044       1.3522961568046956       0.36234666314352904
0.09443969398859794       0                        1.121689605898828        -0.005920605555901977    -174772.2499335315       -279102.6485355508       1.3522961568046956       0.36234666314352904
0.08891560109248267       0.013928958409101874     1.084780691620923        0.27670510052518466      -202744.80303583448      -64906.0858324933        1.3522961568046956       0.36234666314352904
0.08953051502549945       0.009180788597327351     1.100114104438029        0.24771437371147484      -191123.9056819724       -86877.59762405838       1.3522961568046956       0.36234666314352904
0.09258694427436776       0.012317009814174067     1.0556682318197284       0.2575665612070406       -224808.57390690222      -79410.8150517372        1.3522961568046956       0.36234666314352904
0.0941734282630956        0.007143100360908453     1.0702508458488011       0.18029904683921644      -213756.69245010143      -137970.37149013364      1.3522961568046958       0.36234666314352904
0.09993579843298803       0                        0.9877588980676245       -4.411339614078617E-4    -276275.7460436861       -274949.86286985857      1.3522961568046956       0.36234666314352904
0.09736304437324084       0.00354789282396708      1.0370709744888928       0.08503722927613151      -238903.07596478076      -210167.4626952922       1.3522961568046956       0.36234666314352904
0.08804905342094992       0.018637708863342393     1.122643852942553        0.3062501539373687       -174049.04453381881      -42514.460620763944      1.3522961568046956       0.36234666314352904
0.09208665355732856       0.016693399463212168     1.0602533982418672       0.3106347201703909       -221333.56485460536      -39191.48257648165       1.3522961568046956       0.36234666314352904
0.08693332436601615       0.02329371405922687      1.3325691801342248       0.3699840361998401       -14950.694520780584      5788.217495946446        1.3522961568046956       0.36234666314352904
0.09092872492114969       0.020515472561388595     1.0930596265196855       0.37941393068015195      -196470.35821357716      12934.952350120806       1.3522961568046956       0.36234666314352904
0.10690779298179756       0                        0.854417027155569        -3.0943334973859704E-4   -377332.9740283292       -274850.0495205472       1.3522961568046956       0.36234666314352904
0.10330645580683721       0.004708220402808995     0.915285158135521        0.08876291403377441      -331202.19344630867      -207343.83819252555      1.3522961568046956       0.36234666314352904
0.130064201567012         0                        0.4558484063064538       -9.710723531956381E-4    -679400.4319781204       -275351.4929393214       1.3522961568046956       0.36234666314352904
0.1355603060114021        0                        0.3007702372649561       -0.011386253635460994    -796931.1804000008       -283244.95762632485      1.3522961568046956       0.36234666314352904
0.13257474408564496       0.0036381320231758797    0.4112621434705959       0.09841048146914722      -713191.4992367929       -200032.13321084945      1.3522961568046956       0.36234666314352904
0.14                      0                        -0.1392084320020064      0.26591428063223754      -1130382.514061102       -73084.23976571657       1.3522961568046956       0.36234666314352904
0.1367889771915477        0.0029504547129998713    0.2885366838592144       0.1438361503321872       -806202.7541909649       -165604.89634033322      1.3522961568046956       0.36234666314352904
0.09203743911776845       0.024661357485034674     1.052431832703766        0.49022210208704936      -227261.37827415753      96914.32479955768        1.3522961568046956       0.36234666314352904
0.11500000000000002       0                        0.7184138948871764       -4.619060684811401E-4    -480407.12058306974      -274965.60564852116      1.3522961568046956       0.36234666314352904
0.11077975222024795       0.005429005125355051     0.7852982600603434       0.09060947701927402      -429716.7523312939       -205944.3637788456       1.3522961568046956       0.36234666314352904
0.12309220701820249       0                        0.5870363573293883       -8.654241483626035E-4    -579975.6182667037       -275271.42420585494      1.3522961568046956       0.36234666314352904
0.11886939277753167       0.005363436639548497     0.656435579082779        0.08561884419568339      -527379.2887963097       -209726.66798375567      1.3522961568046956       0.36234666314352904
0.12640702831030237       0.004871525632687125     0.5366096475086605       0.08718616375377553      -618193.0474658917       -208538.82676911296      1.3522961568046956       0.36234666314352904
0.139934983073856         0.0042662058224644155    0.2835822435442162       0.3234918905191001       -809957.6287928018       -29447.281551854863      1.3522961568046956       0.36234666314352904
0.09839496441821394       0.026364851255149473     0.922897905309016        0.4728870068472222       -325432.63943121076      83776.3910072373         1.3522961568046956       0.36234666314352904
0.09642917472005488       0.020049239582338958     0.9873157422298741       0.36729522015285027      -276611.6052919623       3750.415758121559        1.3522961568046958       0.36234666314352904
0.13969154680131338       0.009288258838796266     0.44002878070115664      0.30139577858179656      -691389.8206111972       -46193.49792296769       1.3522961568046956       0.36234666314352904
0.13609389571262573       0.006635736909627307     0.3949969845134436       0.2128450222860078       -725518.5489901557       -113304.40544201793      1.3522961568046956       0.36234666314352904
0.10569942353751172       0.02832207517731146      0.7982259857180418       0.4649039588668793       -419919.07880101475      77726.19316432618        1.3522961568046956       0.36234666314352904
0.10372785548003405       0.02152678812891441      0.858471839863851        0.3671673304179355       -374259.9098100678       3653.4905986814993       1.3522961568046956       0.36234666314352904
0.13922127902048753       0.014745693198339497     0.5089600667407945       0.27348534687939147      -639148.130578389        -67346.27491947489       1.3522961568046956       0.36234666314352904
0.13493661355041658       0.011528553338945924     0.47774160403219784      0.23244006923595437      -662808.000367928        -98453.69790772384       1.3522961568046956       0.36234666314352904
0.11354909953532519       0.030425389521771547     0.6726345090753316       0.46262344425120405      -515102.43269576534      75997.83519347834        1.3522961568046956       0.36234666314352904
0.11159774937804194       0.02330821037321283      0.7306251538140867       0.3647587841207693       -471152.44334691373      1828.0998898258742       1.3522961568046956       0.36234666314352904
0.13853779125108442       0.020181189144124943     0.5276831375045298       0.24323377351201236      -624958.2769502565       -90273.35795626308       1.3522961568046956       0.36234666314352904
0.13402383925853945       0.016644629712706395     0.5131781398391476       0.24283256686838062      -635951.3344644564       -90577.42472071688       1.3522961568046956       0.36234666314352904
0.12175719626584866       0.03262474241211185      0.5359425291841554       0.46026058090435623      -618698.6435562352       74207.06671013795        1.3522961568046956       0.36234666314352904
0.12031443580152257       0.02532771600227969      0.5986440095340146       0.3572650933792148       -571178.4029045237       -3851.223555509184       1.3522961568046958       0.36234666314352904
0.13764165589309404       0.025588563129005138     0.5018628102785606       0.20601438786046242      -644527.0041419864       -118481.21131477614      1.3522961568046956       0.36234666314352904
0.1330531052733105        0.02154023166142697      0.5104761154508147       0.2508253166700937       -637999.1465490186       -84519.87405481498       1.3522961568046956       0.36234666314352904
0.1292041587016631        0.03462014998285324      0.3761754752664897       0.45666379020791         -739783.007243025        71481.12852629811        1.3522961568046956       0.36234666314352904
0.1271781876578366        0.028999601842158457     0.47859615951204887      0.35408059388016905      -662160.349278573        -6264.694205732002       1.3522961568046956       0.36234666314352904
0.13653801418385184       0.030941407251937853     0.3990551489743938       0.1535303364127977       -722442.9445432983       -158257.8599880389       1.3522961568046956       0.36234666314352904
0.13249086550268557       0.02700253877473549      0.46165661545003367      0.26329542806192163      -674998.5024747285       -75069.01753616749       1.3522961568046956       0.36234666314352904
0.13522961568046957       0.03623466631435291      0.026956854402256925     0.10418518029081286      -1004449.053577678       -195655.60053306358      1.3522961568046956       0.36234666314352904
0.13207671592870707       0.03127058548706238      0.3770154689308285       0.3096749421390829       -739146.3922723327       -39918.87980483239       1.3522961568046956       0.36234666314352904
0.09584211728890736       0.015114706550014873     1.0056376900725188       0.28648140741991696      -262725.7549765872       -57496.81170163606       1.3522961568046956       0.36234666314352904
0.09686970596794757       0.011649847768973433     1.0013363878830102       0.23099195972356568      -265985.628810836        -99551.19213170027       1.3522961568046956       0.36234666314352904
0.10019813508407655       0.008678420850657865     0.9591565473700593       0.16923779525822716      -297952.9150797118       -146353.48037535977      1.3522961568046956       0.36234666314352904
0.10123170055388156       0.014854615112094526     0.9212442756482945       0.26766887409466866      -326685.89340524503      -71754.46727684686       1.3522961568046958       0.36234666314352904
0.10644831584811064       0.010236964140253314     0.8490181044906522       0.17722127690725464      -381424.71321638796      -140302.95386333045      1.3522961568046956       0.36234666314352904
0.130147389567963         0.008571817027787637     0.49696378447988176      0.16105264673494907      -648239.8811524361       -152556.84631545996      1.3522961568046956       0.36234666314352904
0.10897473234230082       0.01655189063713307      0.7926235588707136       0.2713859999414521       -424165.0498775053       -68937.32940727433       1.3522961568046956       0.36234666314352904
0.11419775681495885       0.011197848170823213     0.7240446115775674       0.1778355751290004       -476139.7091810424       -139837.38910845714      1.3522961568046956       0.36234666314352904
0.12365538112192509       0.01185210838705917      0.5902820198188413       0.18191583076436513      -577515.7933676352       -136745.0421872816       1.3522961568046958       0.36234666314352904
0.13042903395409441       0.013276838594900999     0.5194604059803479       0.21295021964804386      -631190.1263206903       -113224.67839359763      1.3522961568046956       0.36234666314352904
0.11645896657963692       0.017753684095590173     0.679032487284752        0.268801497268573        -510253.52861089166      -70896.07405405019       1.3522961568046956       0.36234666314352904
0.12322442176129482       0.019178571972539978     0.5887098766854006       0.26917477326156364      -578707.2902768498       -70613.17539013589       1.3522961568046956       0.36234666314352904
0.12846757155679686       0.01780747298386278      0.5413406836404194       0.245391800010318        -614607.4865786735       -88637.83136326955       1.3522961568046956       0.36234666314352904
0.1272257537465927        0.023151878393908087     0.5311362950972118       0.2920102399040581       -622341.1955209676       -53306.61637126408       1.3522961568046956       0.36234666314352904
