% Model:              
% Version:            COMSOL 5.2.1.229
% Date:               Sep 1 2017, 12:52
% Dimension:          2
% Nodes:              92
% Expressions:        1
% Description:        Magnetic flux density norm
% Length unit:        m
% x                       y                        mfnc.normB (T)
0.056333099862296024      0.056333099862296        1.0386025255690277
0.05868986283848343       0.05868986283848343      1.9287742064607207
0.05533628392284691       0.058643135767817545     0.7987641930508815
0.05608245877592535       0.0611862551366451       0.6748855619233041
0.05373786475364909       0.05373786475364907      0.7247895837274059
0.05295642041275225       0.05661652594496376      0.6087023307030385
0.052763948396644535      0.06407000663021839      0.321459351303581
0.052619577724777426      0.060389935056699484     0.45322535750350285
0.04956748779324513       0.0495674877932451       0.5945891662112825
0.05143870691572974       0.051438706915729715     0.6251281700880194
0.04888564673971854       0.052042865061617205     0.5022696849839267
0.05054765390495703       0.05433373886782234      0.5152357032356348
0.04781126706743062       0.04781126706743059      0.6040024905179925
0.04726105121688721       0.05010549864620925      0.507384669776283
0.0490404497375389        0.06696293220536209      0.171871178453865
0.04891599569410094       0.06237083309376998      0.2512800738554653
0.0451933238935704        0.06961726420544576      0.09670323655375564
0.044796129716937694      0.06463135478388043      0.13696825608305851
0.04573986097670288       0.045739860976702865     0.6909932778075422
0.04521451175980478       0.048156787693693415     0.5376167956707619
0.043895824735655904      0.04389582473565588      1.0032156439048776
0.04358594065674043       0.046060160964593345     0.6629193937312967
0.04242640687119286       0.04242640687119286      1.9631952582475978
0.04239197247684516       0.04458726329987712      0.8523127395595733
0.004910964880586526      0.08285458601635541      4.827932260881756E-4
1.3877787806521987E-17    0.083                    1.19190436544551E-4
0.003181221723098957      0.07976016827250898      3.62295699768772E-4
0.04036976316190052       0.07252090886256225      0.049203770352509314
0.04048949772034128       0.06711802754144977      0.07312020884382703
0.03479878639221219       0.07535279998533023      0.023625600121164558
0.03558161666050226       0.06946446003254284      0.03719806697833299
0.010779359528914331      0.08229705588990655      0.0012428651442454794
0.007289641041954122      0.07880720798091308      8.403132428775195E-4
0.04075511724663055       0.044034309557586984     0.7867849927651221
1.3117530282903227E-17    0.07845306676817033      3.0955942702824756E-4
0.029032620843825012      0.07775671628186659      0.011471133505630513
0.023095207238537044      0.07972208854896506      0.005596039777322814
0.02455699680326549       0.07396686405973667      0.008588814520893093
0.030099126741879322      0.07170201970027795      0.017927183605632106
0.01700662945649285       0.08123899651355591      0.0027007617592926495
0.012868117130458689      0.07673370767365881      0.0019249438286397637
0.01893991430964088       0.07560167425041131      0.004144664822816404
0.03853299437928202       0.045991394240294775     0.41926827447280707
0.04108997700059833       0.04640052494453233      0.5342246968529772
1.2343236200813192E-17    0.07382218397161358      6.871831316034995E-4
0.0037055026929541106     0.07568598059710609      6.677202971860011E-4
0.03584615488786144       0.048114999529829026     0.23495508228771597
0.03926199941766445       0.04933880060150448      0.301441238831219
1.1568941356927457E-17    0.06919129661892412      8.489930556463164E-4
0.003986237760964595      0.07110507157274086      9.419356898169273E-4
0.03269293116022025       0.050310756823497484     0.1264815704474684
0.03601083883261122       0.05241660179765369      0.15197240971012307
0.028633299827498515      0.05272697735494206      0.05883602601943554
0.03225410706668128       0.05516175302050704      0.075028819205424
1.0794646700036986E-17    0.06456041038461224      6.678551977814452E-4
0.003978830804090425      0.0666174967395192       9.585868465065255E-4
0.02333419313339568       0.0552767168961163       0.02256348413840892
0.027461646687511724      0.057855628226499        0.032714402956778715
0.01736535296727187       0.057432086121975943     0.008056715707509656
0.022091346025700218      0.06135132961728476      0.012475825780584801
0.011102100715925526      0.05896391574254074      0.0027698413102960526
0.014909313892272538      0.06391062674737001      0.003970982935484543
0.005087889524413685      0.05978388896841156      8.450893890348357E-4
0.008128474336026321      0.06382542788557259      0.0014895741876772227
6.938893905199698E-18     0.05999999999999999      1.514110689785521E-4
0.0033946019906398225     0.06298460972227977      7.030575066206306E-4
0.04667121205517707       0.052095480193999726     0.42460663804000465
0.04884200688758094       0.05782073603311642      0.35265456546463014
0.047425273302603134      0.05434573063502107      0.3872302074788579
0.0448726951679296        0.05336987161229813      0.334357422619926
0.04483432861379616       0.050750219710570005     0.4145114974188919
0.0448467620222634        0.060217635903604155     0.19419773474189297
0.04473242506025568       0.056411692041272644     0.25956765049069325
0.04075516181644283       0.06236324554689113      0.10775525264975662
0.04261907420964616       0.05447345591710619      0.24902231237693356
0.04274271164171753       0.04868822402670467      0.4444450438764045
0.04232686200308525       0.051722654763270696     0.3122611059594344
0.041046497815784413      0.05770446497217863      0.16218428465087253
0.036379746890688         0.06415237838018352      0.058880909715042486
0.037668082566186305      0.06004390874046249      0.0927757765411725
0.03138923241350463       0.06595775796717963      0.029665280895271373
0.02079769846516145       0.0711861948154856       0.006177586627028714
0.009079420431383373      0.07282065051954273      0.0014099450406399128
0.039524632461755874      0.053731079006219394     0.19641547683700056
0.036452922829482606      0.05622504120303854      0.11257508345951005
0.033002430706583666      0.06008296826192124      0.05477130648977326
0.02523550733796635       0.06771351987501172      0.012896095037604496
0.02799588940209283       0.06260674059309353      0.0245003621219721
0.015314836930313163      0.07076219373678598      0.0032666640903275023
0.019707110605790567      0.06711283839999442      0.00678074022517542
0.010902283677484671      0.06796966375103894      0.0021208815912237087
0.007153672637359636      0.06849282098973952      0.0013173602773008442
