% Model:              
% Version:            COMSOL 5.2.1.229
% Date:               Mar 15 2018, 11:57
% Dimension:          2
% Nodes:              391
% Expressions:        6
% Description:        Magnetic flux density, x component, Magnetic flux density, y component, Magnetic field, x component, Magnetic field, y component, Remanent flux density, x component, Remanent flux density, y component
% Length unit:        m
% x                       y                        mfnc.Bx (T)              mfnc.By (T)              mfnc.Hx (A/m)            mfnc.Hy (A/m)            mfnc.Brx (T)             mfnc.Bry (T)
0.04775894446388042       0.04775894446388042      1.5278662526922464       -0.19669164330543118     1184188.3239157265       -1209777.0371567348      -0.03463342963754556     1.3995715507081234
0.04596194077712559       0.045961940777125586     2.1984575720727104       -1.3630324705607         1692416.5299819969       -2093724.2180499085      -0.03463342963754556     1.3995715507081234
0.048407920465827016      0.04576475848161988      1.0983412794570544       -0.4765550888383009      858659.6445262271        -1421880.1359533332      -0.03463342963754556     1.3995715507081234
0.04768660860246862       0.04416998256729298      0.6112282362167526       -0.5788445643893877      489486.0794013217        -1499403.3533830147      -0.03463342963754556     1.3995715507081234
0.049403031523424866      0.04224145447656237      0.6781608826631197       -0.14338412880810095     540213.0390973288        -1169376.3017462923      -0.03463342963754556     1.3995715507081234
0.04994339951814136       0.04439185361568481      0.9219213130683324       -0.2346054209860168      724954.3601887455        -1238511.1568193652      -0.03463342963754556     1.3995715507081234
0.05104153674639866       0.040246261025914415     0.7504617001191604       0.09385470590132121      595008.4318959652        -989577.572044551        -0.03463342963754556     1.3995715507081234
0.051551143982308         0.04254627578121989      0.8474977458478005       -0.0427423747500378      668550.1763521761        -1093101.8606044848      -0.03463342963754556     1.3995715507081234
0.05259951789536656       0.038187572810732755     0.9211878266708248       0.2668719904414573       724398.4650180122        -858451.1145450291       -0.03463342963754556     1.3995715507081234
0.05313886283859112       0.040518922867994044     0.8922432759312917       0.08042896455875297      702461.9491810082        -999752.6820414225       -0.03463342963754556     1.3995715507081234
0.054045524799665436      0.036112065146274144     1.326262573926316        0.2936718517042719       1031396.790481877        -838140.0174300103       -0.03463342963754556     1.3995715507081234
0.05442505305519035       0.038575400920872124     1.0189591476461146       0.10648014624551605      798497.4603791632        -980008.9947136443       -0.03463342963754556     1.3995715507081234
0.05002301975100197       0.05002301975100197      1.2795932231077671       0.0775213237305108       996026.991083487         -1001956.3268535677      -0.03463342963754556     1.3995715507081234
0.050674456547746535      0.046957239661481354     1.1431476458830843       -0.10848151401667946     892617.5240437957        -1142924.284265878       -0.03463342963754556     1.3995715507081232
0.056212931805238155      0.03756028020707447      1.049081098827761        -0.04285277663768894     821326.3052655049        -1093185.5320623247      -0.03463342963754556     1.3995715507081234
0.052677565808320934      0.052677565808320934     1.155199380220765        0.20672662427390068      901751.3006755682        -904034.1256385468       -0.03463342963754556     1.3995715507081234
0.05332927529102711       0.049382234372083444     1.1080077633513437       0.08922819328567595      865985.6859266764        -993083.9165781556       -0.03463342963754556     1.3995715507081234
0.058910873783797155      0.03936298740349332      0.9372272400273675       -0.024727797270777046    736554.4265417643        -1079448.9603495502      -0.03463342963754556     1.3995715507081234
0.056146296289200676      0.040506583229032125     0.958027229583031        0.032157192210235684     752318.336799115         -1036336.9257608184      -0.03463342963754556     1.3995715507081232
0.05548059467823328       0.05548059467823328      1.068725358560455        0.2940090589760569       836214.3102171208        -837884.4545531003       -0.03463342963754556     1.3995715507081234
0.056224517352664365      0.05191244031078496      1.039716252497793        0.1951911776624865       814228.8691478362        -912776.6177765429       -0.03463342963754556     1.3995715507081234
0.06203373268041955       0.04144961500745263      0.8713677057723358       0.009926572077210594     686640.7578445344        -1053185.0832949572      -0.03463342963754556     1.3995715507081234
0.05924374396111463       0.04288903368381423      0.9175746120566023       0.034037190640549886     721660.079464177         -1034912.1112694399      -0.03463342963754556     1.3995715507081234
0.058431491798403803      0.058431491798403803     0.9918535785473002       0.37113097166880626      777954.6732010907        -779435.246811421        -0.03463342963754556     1.3995715507081234
0.059047314614311834      0.05472155464181599      0.9738236996180126       0.2779788968358452       764290.1762727833        -850033.4047587157       -0.03463342963754556     1.3995715507081234
0.06532798373460053       0.04365076318979949      0.8126637231100325       0.05485035418493663      642150.1434641227        -1019138.216700539       -0.03463342963754556     1.3995715507081234
0.062456698768031754      0.045010955766236496     0.8683346981150449       0.07599580109365196      684342.0999345658        -1003112.4909890663      -0.03463342963754556     1.3995715507081234
0.06154015113505916       0.06154015113505916      0.9153332345431995       0.44759448446341166      719961.3827470671        -721485.0276331742       -0.03463342963754556     1.3995715507081234
0.06179488907797581       0.05747217815453697      0.9086557595792965       0.34855028415708017      714900.65347146          -796548.7136490621       -0.03463342963754556     1.3995715507081234
0.06879565322481959       0.045967785866528374     0.7484145414491414       0.10142545808459939      593456.929888218         -983839.8452212536       -0.03463342963754556     1.3995715507081234
0.0654884772557898        0.047248716802171485     0.8139521111586366       0.12441930956706086      643126.5878762933        -966413.2493919457       -0.03463342963754556     1.3995715507081234
0.06481536602733749       0.06481536602733749      0.8348146877395092       0.5279824248977696       658937.9316309557        -660560.5605612461       -0.03463342963754556     1.3995715507081234
0.06531301047687918       0.06045673153462025      0.8236439444124867       0.42074573722073416      650471.8410666393        -741833.1744879219       -0.03463342963754556     1.3995715507081234
0.07244800192149797       0.04840820724388127      0.6756758441879357       0.14642415471729367      538329.6764444761        -949736.2023556064       -0.03463342963754556     1.3995715507081234
0.06886035939379481       0.050019062078503665     0.7466273458008529       0.18239226101112413      592102.4488325157        -922476.6694493309       -0.03463342963754556     1.3995715507081234
0.06826151578725756       0.06826151578725756      0.7470494928618551       0.6156547945076274       592422.3859347551        -594115.365342253        -0.03463342963754556     1.3995715507081234
0.06903802115225804       0.06377353892795065      0.7295636634934713       0.5000019837705006       579170.2136583755        -681766.3963483729       -0.03463342963754556     1.3995715507081234
0.07189509941679981       0.07189509941679981      0.6483098249951705       0.7141700654505513       517589.499171732         -519452.5446727116       -0.03463342963754556     1.3995715507081234
0.07261538734447064       0.06727583053394336      0.6323177470002812       0.5863405031868424       505469.4122041235        -616332.1004229138       -0.03463342963754556     1.3995715507081234
0.07629611866790637       0.05097943665005086      0.5927107275586893       0.1882280151070792       475452.0173219038        -918053.8641586642       -0.03463342963754556     1.3995715507081234
0.07276435246097256       0.05276325070864492      0.6611627121957343       0.2352477757481782       527330.4540811237        -882418.4959251942       -0.03463342963754556     1.3995715507081234
0.07571705262767951       0.07571705262767951      0.5353182776215827       0.8269511456965121       431955.3882569292        -433977.94272800506      -0.03463342963754556     1.3995715507081234
0.07608675508758019       0.0706437460547365       0.529550767962565        0.6743205153562308       427584.3041066296        -549653.7488512791       -0.03463342963754556     1.3995715507081234
0.07974976173187083       0.07974976173187083      0.4037397085406098       0.958763191786959        332234.5326655233        -334080.1394215701       -0.03463342963754556     1.3995715507081234
0.08093717778651645       0.07443226560223677      0.3713255367724997       0.7792097074714436       307668.4580792162        -470160.25646055746      -0.03463342963754556     1.3995715507081234
0.08399599284133129       0.08399599284133129      0.2519180751314528       1.1106444819809018       217171.84968765196       -218972.24371899557      -0.03463342963754556     1.3995715507081234
0.08593537279305608       0.07826162790390566      0.18760686070777569      0.8974121600504282       168431.62267921856       -380576.90115803014      -0.03463342963754556     1.3995715507081232
0.08822931333538994       0.08822931333538994      0.09311433546017688      1.2688500077783755       96817.5632583087         -99071.3320279466        -0.03463342963754556     1.3995715507081234
0.08925686605030858       0.0834153195904261       0.0541846129506851       1.086607956945249        67313.47863649232        -237189.06169126346      -0.03463342963754556     1.3995715507081234
0.09192388155425119       0.09192388155425117      -0.04264063091316292     1.4018163140074327       -6068.503158791584       1701.2627388397777       -0.03463342963754556     1.3995715507081234
0.09186528806331104       0.08692315907893108      -0.043129409011519314    1.221382527624574        -6438.938637022429       -135046.01823077505      -0.03463342963754556     1.3995715507081234
0.08034410379978944       0.05368421384179007      0.49718464949356883      0.22554780016008036      403054.64818739815       -889769.9200333682       -0.03463342963754556     1.3995715507081234
0.07684923507304825       0.0553563130258321       0.5642710591564671       0.27889396611489864      453898.14205472264       -849339.8914299877       -0.03463342963754556     1.3995715507081234
0.09541938851761347       0.08829009171432961      -0.16934036777969616     1.2804652983938645       -102091.78606713067      -90268.32766173732       -0.03463342963754556     1.3995715507081234
0.08461242325777667       0.05653621372343242      0.38531234989337504      0.2567012670132975       318268.7935377395        -866159.3093469919       -0.03463342963754556     1.3995715507081234
0.08058137507518605       0.05803322444366943      0.4658346871445678       0.3203583786112592       379295.11736078706       -817914.8142338108       -0.03463342963754556     1.3995715507081234
0.09883921058744266       0.08444412620455709      -0.32192885194393417     1.1582391403235885       -217735.65041778717      -182901.17162371715      -0.03463342963754556     1.3995715507081234
0.0942012049542588        0.08376551239042732      -0.13879577282477243     1.1046275763926652       -78942.62762991221       -223532.3402260675       -0.03463342963754556     1.3995715507081234
0.08910093958074625       0.059535344446392774     0.2518588373352845       0.2788607034420017       217126.9545063279        -849365.1005671876       -0.03463342963754556     1.3995715507081234
0.08453564034615488       0.061358011531816053     0.345019609203457        0.37198632977454826      287731.7037685947        -778786.9874274088       -0.03463342963754556     1.3995715507081234
0.1021041294192664        0.08046581109722133      -0.5201922794504257      1.0195210169890452       -367995.6719511195       -288032.9574576398       -0.03463342963754556     1.3995715507081234
0.0971410283707196        0.07994661809686578      -0.27630804892401534     0.9484502342958779       -183160.52513949317      -341896.1306720563       -0.03463342963754556     1.3995715507081234
0.09383228109670944       0.06269672577606009      0.08746135719076732      0.28583739714537676      92533.28023560585        -844077.5991894245       -0.03463342963754556     1.3995715507081234
0.08916808423691155       0.06456156768033439      0.18668246629192495      0.4093802300048603       167731.04200946054       -750446.8728410309       -0.03463342963754556     1.3995715507081234
0.09879828968524965       0.06601490663064641      -0.12829624484836322     0.2617678689986201       -70985.23821287806       -862319.4295820236       -0.03463342963754556     1.3995715507081234
0.09383903659400214       0.06755702862497984      -0.004111077224260033    0.43271673524945625      23132.301244605867       -732760.5863449959       -0.03463342963754556     1.3995715507081234
0.103756253383752         0.06932771206156504      -0.4180230654534463      0.15583938855961596      -290563.5984300103       -942600.5785157412       -0.03463342963754556     1.3995715507081234
0.09835936798406077       0.0710766452760685       -0.26183893768915506     0.4798777353427549       -172194.6652577099       -697018.1754592538       -0.03463342963754556     1.3995715507081232
0.10520902159134896       0.07636138929977034      -0.8284684073300026      0.8174036478726631       -601632.1938047571       -441213.8068843132       -0.03463342963754556     1.3995715507081234
0.10039769752043967       0.0762173844818212       -0.4579216633605519      0.7498984074614791       -320801.97499835223      -492374.7244845356       -0.03463342963754556     1.3995715507081234
0.10809104959933087       0.07222413029254829      -1.5223145223126973      0.20071721212392657      -1127484.7602076307      -908588.5430135222       -0.03463342963754556     1.3995715507081234
0.10338606368506206       0.07320807061723515      -0.6318477570163175      0.4689110731668615       -452617.20136968093      -705329.5968616937       -0.03463342963754556     1.3995715507081234
0.05194848250917772       0.04463199184905513      0.9667067939969233       -0.08143250574220366     758896.4109912838        -1122424.363443895       -0.03463342963754556     1.3995715507081234
0.05383262408948718       0.043214579569176875     0.9338663977043044       0.004815928906634588     734007.3090719171        -1057058.3410234144      -0.03463342963754556     1.3995715507081234
0.05376402694073379       0.046226759609937815     1.0167032253795976       0.007700069115506099     796787.7404746521        -1054872.5068766905      -0.03463342963754556     1.3995715507081234
0.056459798296526906      0.044351479394258285     0.9544444711958812       0.03875063241584157      749603.0334314062        -1031339.8848050898      -0.03463342963754556     1.3995715507081234
0.0566940772376418        0.04841473491947787      0.9990347508029259       0.10727911692993038      783397.1449233629        -979403.4702669297       -0.03463342963754556     1.3995715507081234
0.05944612232912445       0.046651803675564166     0.9293170677712549       0.09493274288629654      730559.4598023897        -988760.5486398145       -0.03463342963754556     1.3995715507081234
0.060118308935054855      0.0507980234205787       0.9363418780993932       0.18551650620503132      735883.4278405147        -920108.8643729432       -0.03463342963754556     1.3995715507081232
0.062395386884280854      0.04810581582226338      0.877858230225889        0.13569226873890847      691559.8009399716        -957869.6914135047       -0.03463342963754556     1.3995715507081234
0.06223636587779925       0.05429940761634961      0.8953863424543773       0.27282475098777337      704844.0185791783        -853939.6323260358       -0.03463342963754556     1.3995715507081234
0.06478437824956154       0.05148040695779493      0.8338775413693826       0.2118899356646493       658227.6865014021        -900120.9516834976       -0.03463342963754556     1.3995715507081232
0.0654060679008345        0.05608520003193851      0.8222853941713518       0.3165282496291961       649442.2220841853        -820817.5949965483       -0.03463342963754556     1.3995715507081234
0.06903901886142397       0.054441316429347596     0.7401142518554108       0.2776064975445564       587166.3007551872        -850315.6389873469       -0.03463342963754556     1.3995715507081234
0.0693024850904031        0.05906403321938008      0.7287836060417366       0.38417687716353405      578579.0231853314        -769548.0070657274       -0.03463342963754556     1.3995715507081234
0.07313538759557045       0.05724602386830485      0.642010158849234        0.3339637181368286       512815.10390052013       -807603.5902436302       -0.03463342963754556     1.3995715507081234
0.07388340455545236       0.062381388524118585     0.6100604166329988       0.4560753140066041       488601.01149944577       -715057.5707602272       -0.03463342963754556     1.3995715507081232
0.07654633263867391       0.0666457690958312       0.5270427820604281       0.5602232962502625       425683.55004220165       -636125.8270120121       -0.03463342963754556     1.3995715507081234
0.07670703887555697       0.0590421894048724       0.5519859000245255       0.3642648136649483       444587.4572808224        -784638.9753179161       -0.03463342963754556     1.3995715507081234
0.08061613808424956       0.06886948790855765      0.40228078767050063      0.606982263489711        331128.8447223909        -600688.1090594874       -0.03463342963754556     1.3995715507081234
0.0796597285997365        0.06326412176557876      0.4581076416231264       0.4555197143150341       373438.9388358657        -715478.6490330545       -0.03463342963754556     1.3995715507081232
0.08541629870649135       0.07224890224581072      0.23252245619361253      0.6872597714614215       202472.2847910612        -539847.336617598        -0.03463342963754556     1.3995715507081234
0.09033200477789832       0.07461536871171506      0.03956358045491781      0.7400502478065961       56232.480565975195       -499838.4544342154       -0.03463342963754556     1.3995715507081234
0.09202030253967926       0.07925018704055313      -0.05045214465235313     0.9191005451300338       -11988.69851413623       -364139.6930956505       -0.03463342963754556     1.3995715507081234
0.08474817062288172       0.06651878145018611      0.2953176196708207       0.5112973541669047       250063.52607516278       -673205.853335794        -0.03463342963754556     1.3995715507081234
0.08936149731856388       0.06975087424019331      0.11868501670636196      0.5701476710707225       116197.0885847734        -628604.3350607124       -0.03463342963754556     1.3995715507081234
0.09315086778967724       0.07171589416400578      -0.0435141152559288      0.5979563491349514       -6730.5000676704685      -607528.67518084         -0.03463342963754556     1.3995715507081234
0.0952553382918342        0.07549667554997881      -0.17538512500508804     0.7416086865631749       -106672.99079194765      -498657.343807475        -0.03463342963754556     1.3995715507081234
0.05670713732222827       0.031769491288309096     1.40178760161316         0.04113355894891472      89161.14566049974        -391461.35293577827      1.2841422415322366       0.5576546453788069
0.05792016410052439       0.029500077806140227     1.3219060880838096       0.08870892566323285      28620.489756412804       -355404.90159295284      1.2841422415322366       0.5576546453788069
0.05888629295360725       0.03165102330211013      1.3807237631543414       0.11598508989501555      73197.26941664175        -334732.8236592644       1.2841422415322368       0.5576546453788068
0.0554052370732672        0.03398911156319121      1.5563757206682352       0.01069758406048186      206320.49466475492       -414528.1903229921       1.2841422415322366       0.5576546453788069
0.057675202044494826      0.03378682839293183      1.4701445949639462       0.12062399682054485      140967.59035896361       -331217.0857176396       1.2841422415322368       0.5576546453788068
0.054045524799665436      0.036112065146274144     2.0887882326930045       0.13788737476065954      609825.6520586368        -318133.5050812927       1.2841422415322366       0.5576546453788069
0.05644663329404888       0.035503395661920574     1.56919502957576         0.17582646336229263      216036.0012345383        -289380.20276057237      1.2841422415322366       0.5576546453788069
0.056212931805238155      0.03756028020707447      1.5553875394864882       0.3253998983862105       205571.57123739584       -176021.3859068059       1.2841422415322366       0.5576546453788069
0.059042413885255926      0.02718443235754868      1.2980731194487487       0.14744703311406024      10557.943247726807       -310888.42469456204      1.2841422415322366       0.5576546453788069
0.06003838018951042       0.02934314640275911      1.3320310853683104       0.13104255558581118      36294.02959746184        -323321.061301518        1.2841422415322368       0.5576546453788068
0.06005216961323364       0.024874423103730836     1.413416739904716        0.2439870617898755       97974.64491288224        -237722.60198032716      1.2841422415322366       0.5576546453788069
0.06090130154971307       0.027204113900197845     1.3307910070184534       0.13639708390532576      35354.198172695375       -319262.96773020236      1.2841422415322366       0.5576546453788069
0.058910873783797155      0.03936298740349332      1.4575616462346694       0.32830881482758295      131431.21660212395       -173816.77433211202      1.2841422415322366       0.5576546453788069
0.058908813190904186      0.03615492833604968      1.4706610205574329       0.23159708142362315      141358.9793396427        -247112.72874271098      1.2841422415322368       0.5576546453788068
0.06246046324350235       0.02587197098756487      1.330042818782663        0.09925294586152722      34787.16076274635        -347413.7923804798       1.2841422415322366       0.5576546453788069
0.06203373268041955       0.04144961500745263      1.3936116428686258       0.3604981191569587       82964.7444761757         -149421.1224334954       1.2841422415322366       0.5576546453788069
0.06202636869162422       0.03804324181758025      1.3922868526745564       0.2920649585811439       81960.71158119554        -201285.29280036362      1.2841422415322368       0.5576546453788068
0.06545825575090515       0.02711369730131156      1.2803926212984098       0.12663973095563943      -2841.764737766236       -326657.87703227316      1.2841422415322366       0.5576546453788069
0.06293010333634778       0.028751402258618622     1.3177067350440925       0.14450861299042175      25437.881213274984       -313115.3965400752       1.2841422415322368       0.5576546453788068
0.06532798373460053       0.04365076318979949      1.3352801369351432       0.4045309911204022       38756.42301280424        -116049.45942628321      1.2841422415322366       0.5576546453788069
0.06538213306636316       0.03995818570707803      1.3297221911895645       0.3357033082884935       34544.16330401654        -168212.63058942338      1.2841422415322368       0.5576546453788068
0.06892819064067285       0.02855099139320493      1.2360579674960686       0.16204452133567707      -36442.142370673515      -299825.2703745809       1.2841422415322366       0.5576546453788069
0.06649905759164372       0.03047753159958204      1.2782034311742438       0.17997990704555764      -4500.909640761325       -286232.3880317845       1.2841422415322368       0.5576546453788068
0.06879565322481959       0.045967785866528374     1.271113439328445        0.45092594162244176      -9874.277491904795       -80887.62272674311       1.2841422415322366       0.5576546453788069
0.06878596035772042       0.04219396118363757      1.2701624562762885       0.38037745491594027      -10595.009175463269      -134354.95790289823      1.2841422415322368       0.5576546453788068
0.07258856629226564       0.03006716863147492      1.1916443333103053       0.19466497563580654      -70102.37771038478       -275102.8582423481       1.2841422415322366       0.5576546453788069
0.07007997349119373       0.0319471437193094       1.2314073878607406       0.2140889608721099       -39966.72683355414       -260381.79507614966      1.2841422415322368       0.5576546453788068
0.07244800192149797       0.04840820724388127      1.1983754892838812       0.495908527899811        -65000.96463458892       -46796.189588167086      1.2841422415322366       0.5576546453788069
0.07238530070464055       0.04441812247602894      1.2044413737013113       0.42041572400100957      -60403.74801907432       -104010.72724703063      1.2841422415322368       0.5576546453788068
0.07644163418569751       0.031663161609678726     1.144277117933979        0.22147862390153605      -106001.07517534091      -254781.31222416586      1.2841422415322366       0.5576546453788069
0.07348408534642796       0.03360232853409432      1.1859072714358783       0.24473579458311465      -74450.38607295207       -237155.15186080802      1.2841422415322368       0.5576546453788068
0.07629611866790637       0.05097943665005086      1.1153171612023052       0.5377334501279567       -127949.26691616622      -15097.88903081712       1.2841422415322366       0.5576546453788069
0.0762671237410829        0.04680768677524368      1.129002124705978        0.4570640066866118       -117577.69745120539      -76235.70179349394       1.2841422415322368       0.5576546453788068
0.08049990661866244       0.03334415309121766      1.0930560879778153       0.24110505024449255      -144820.50426001474      -239906.82285411577      1.2841422415322366       0.5576546453788069
0.07734786366998073       0.035291361477250885     1.1322120525006654       0.2696292362245481       -115144.95518695517      -218288.89334745682      1.2841422415322368       0.5576546453788068
0.08034410379978944       0.05368421384179007      1.019704042116482        0.5751210948928559       -200412.60275875079      13237.484659171043       1.2841422415322366       0.5576546453788069
0.08034087755964403       0.049293053487443        1.043356616382592        0.4877407562405789       -182486.7736573245       -52986.38593870363       1.2841422415322368       0.5576546453788068
0.08477570485363986       0.03511524671011625      1.0374068228400255       0.2523693772103852       -186996.0072414944       -231369.8070578055       1.2841422415322366       0.5576546453788069
0.08136630850491164       0.037246660750518405     1.0741422524742463       0.2896824958651223       -159154.93479915746      -203090.9152669683       1.2841422415322368       0.5576546453788068
0.08461242325777667       0.05653621372343242      0.9077123959554019       0.6064752856092294       -285288.90786129556      37000.2200837275         1.2841422415322366       0.5576546453788069
0.08462253922026441       0.051925960064561245     0.9451901531367337       0.5107841027277328       -256885.23971173968      -35522.27880151415       1.2841422415322368       0.5576546453788068
0.08927358493960018       0.03697832964364888      0.9771858719145244       0.25351672438813505      -232636.30256286566      -230500.25479694162      1.2841422415322366       0.5576546453788069
0.08583799627167293       0.039254374811344875     1.006817770433258        0.29951971597263083      -210178.85912260917      -195635.47618890656      1.2841422415322368       0.5576546453788068
0.08910093958074625       0.059535344446392774     0.7739736269816184       0.6289654279322543       -386646.9372194034       54045.06447205925        1.2841422415322366       0.5576546453788069
0.0891166267966655        0.05459558494658167      0.8320492565040166       0.5212979850327171       -342632.53954481636      -27554.010516158614      1.2841422415322368       0.5576546453788068
0.09401628741135237       0.038942821329749036     0.9122652737824503       0.24230582440082285      -281838.36971144687      -238996.7793183207       1.2841422415322366       0.5576546453788069
0.09031265194006721       0.041221494381248835     0.937279556082575        0.29711391236556123      -262880.528397347        -197458.7882659229       1.2841422415322368       0.5576546453788068
0.09383228109670944       0.06269672577606009      0.6081251867576908       0.6368286887812201       -512340.2661037787       60004.47796222055        1.2841422415322366       0.5576546453788069
0.09405924304275834       0.05737216566155883      0.6962378572191256       0.5099409863565535       -445561.3753753758       -36161.26041139445       1.2841422415322368       0.5576546453788068
0.09900365953028134       0.04100865850201086      0.8433192230311667       0.2158370880918178       -334091.2496339776       -259056.92322772104      1.2841422415322366       0.5576546453788069
0.09496504248854613       0.043469464918092025     0.8605785610665145       0.28422178937241765      -321010.7307634082       -207229.47922452996      1.2841422415322368       0.5576546453788068
0.09879828968524965       0.06601490663064641      0.39020764450670264      0.6151689047719597       -677495.7615117868       43588.946098522596       1.2841422415322366       0.5576546453788069
0.09928915401541964       0.060076693355018876     0.5422518570703198       0.4598552173038189       -562264.3900926701       -74120.29718902202       1.2841422415322368       0.5576546453788068
0.103756253383752         0.06932771206156504      0.07386224838773965      0.5504817009942876       -917247.825877009        -5436.235977711903       1.2841422415322366       0.5576546453788069
0.10364694206371833       0.06428622944502649      0.3418862376506622       0.39029567998995246      -714117.6222655652       -126838.1267256267       1.2841422415322368       0.5576546453788068
0.10809104959933087       0.07222413029254829      -0.400155296105673       -0.34491244466842164     -1276496.5654884805      -684038.161205163        1.2841422415322366       0.5576546453788069
0.10706627790705918       0.06737271175884593      0.16588622099324382      0.23810919707029843      -847504.6348145368       -242177.32209911832      1.2841422415322366       0.5576546453788069
0.10426084454731926       0.04318625583597259      0.7705203903442203       0.17068815087968983      -389264.07855515555      -293274.43052608194      1.2841422415322366       0.5576546453788069
0.09976986547930083       0.04574346912344639      0.7796443982877763       0.25482041885018075      -382349.1691978857       -229512.20994972208      1.2841422415322368       0.5576546453788068
0.1108104741465344        0.06797822312638242      0.3107788743135635       -0.025854972100857115    -737693.2919877311       -442230.6664930931       1.2841422415322366       0.5576546453788069
0.10977877764474459       0.04547185856119354      0.691427043290609        0.10333712376581523      -449207.39831356035      -344318.4728474601       1.2841422415322366       0.5576546453788069
0.1049292131822354        0.04825347656541775      0.6901723476817391       0.20784576115316833      -450158.3078765478       -265113.3955331948       1.2841422415322368       0.5576546453788068
0.11341427464445654       0.06353898257661819      0.47745502145984714      0.10933449857609202      -611372.6600170494       -339773.17833969643      1.2841422415322366       0.5576546453788069
0.10869722858044191       0.06371201893389097      0.3741140639830404       0.1944142298710115       -689692.7752850646       -275292.89361342666      1.2841422415322368       0.5576546453788068
0.11528777173930388       0.047753758630193294     0.5979014274223242       0.005195976424227274     -520088.6557952334       -418697.75246709696      1.2841422415322366       0.5576546453788069
0.11048566437659094       0.0503825774080667       0.5995048546042394       0.14294466548730028      -518873.4493100443       -314300.68213939905      1.2841422415322368       0.5576546453788068
0.11584032820104881       0.059000155612280454     0.5156456683409361       0.1687205805694358       -582428.7065360858       -294765.61405349994      1.2841422415322366       0.5576546453788069
0.11082216350050278       0.05936420523570334      0.48579258713900747      0.19038915862494923      -605053.7800589937       -278343.41735203547      1.2841422415322368       0.5576546453788068
0.11808482777051185       0.0543688647150974       0.46615785007135746      0.17981466603234098      -619934.5679667373       -286357.62100347475      1.2841422415322366       0.5576546453788069
0.11334042102439973       0.05506117940338217      0.518940559260427        0.16391079184530763      -579931.5723609162       -298410.86000908405      1.2841422415322368       0.5576546453788068
0.12010433922646728       0.04974884620746167      0.21743674556382186      0.04340226513536477      -808435.4881269762       -389741.9443453179       1.2841422415322366       0.5576546453788069
0.11563472214309962       0.05167336394786915      0.5064019232334398       0.09418202370152849      -589434.3623767502       -351256.94632237515      1.2841422415322366       0.5576546453788069
0.05970437221371934       0.03361238947844663      1.41141932723745         0.1666473847589808       96460.84443959777        -296336.84910698247      1.2841422415322366       0.5576546453788069
0.06127653718425963       0.03187516754543813      1.3575313295163285       0.16292890149130512      55620.17200797261        -299155.0157396257       1.2841422415322368       0.5576546453788068
0.06186327379066104       0.034823437519578754     1.3799401326233713       0.22113133214624336      72603.37097587196        -255044.51793630826      1.2841422415322368       0.5576546453788068
0.06410050440554917       0.03238659472967104      1.3227301132085652       0.19524152364014383      29245.002479444956       -274665.903647967        1.2841422415322368       0.5576546453788068
0.06512331675428085       0.036383380360737946     1.3259210098262613       0.26894649316507446      31663.321382309543       -218806.331122585        1.2841422415322368       0.5576546453788068
0.06749731792519362       0.03411536019537667      1.2774925337286869       0.23893861317948564      -5039.685081198385       -241548.72365313172      1.2841422415322368       0.5576546453788068
0.06899543617953338       0.03802815268326028      1.2621212960574788       0.3073910626957456       -16689.24916126107       -189669.93457093555      1.2841422415322368       0.5576546453788068
0.07066924195268288       0.03497818885915353      1.2298154161770967       0.2607722717214643       -41173.25141790775       -225001.41564010084      1.2841422415322366       0.5576546453788069
0.07175824320832427       0.040857563347777535     1.2173145570778003       0.3577478080565589       -50647.411030042356      -151505.5300843008       1.2841422415322366       0.5576546453788069
0.07377723248674731       0.03766694690769844      1.1840392846383645       0.3055520922266176       -75866.09717987936       -191063.65476313434      1.2841422415322368       0.5576546453788068
0.07625682177439816       0.042273530439105256     1.13980373509138         0.3775622084915077       -109391.36561220784      -136488.57878132793      1.2841422415322368       0.5576546453788068
0.07794304793356177       0.03864270981591675      1.1198687829581968       0.3170335534191018       -124499.68071838161      -182362.07713122186      1.2841422415322366       0.5576546453788069
0.0798756184961189        0.0454737721843406       1.0692103959446957       0.4209719096887266       -162892.69358629096      -103589.20485904432      1.2841422415322366       0.5576546453788069
0.08179333168195213       0.04183211859726404      1.0526460391453938       0.35428292712368975      -175446.49960413252      -154131.4964066388       1.2841422415322368       0.5576546453788068
0.08463974149895419       0.046887262384998865     0.9806271472735252       0.4200799068009082       -230028.2264489355       -104265.23661546595      1.2841422415322368       0.5576546453788068
0.08659416379642508       0.04294831039174479      0.9757589941775695       0.34604348485191966      -233717.70563440918      -160376.0105298413       1.2841422415322366       0.5576546453788069
0.08856521082199158       0.05040837262383908      0.885615491563402        0.44884068052932174      -302035.7248185136       -82468.00182487295       1.2841422415322366       0.5576546453788069
0.09067873311311583       0.04633398413408945      0.8898232023000305       0.363821862952258        -298846.7821383457       -146902.1212211482       1.2841422415322368       0.5576546453788068
0.09373940485645582       0.051795453159705705     0.7822052182888738       0.41454568042679646      -380408.3731905368       -108459.51987084413      1.2841422415322368       0.5576546453788068
0.09593491638937085       0.04760753107899689      0.8027729256182949       0.3253112987827493       -364820.50514508545      -176088.53383464794      1.2841422415322366       0.5576546453788069
0.09775402071697445       0.055194074866001586     0.6666914982806992       0.4090907933289052       -467953.9900202234       -112593.67342149939      1.2841422415322366       0.5576546453788069
0.09983977633315898       0.05110995513750995      0.7032216178519235       0.31738010442371245      -440268.5181083264       -182099.43281971107      1.2841422415322368       0.5576546453788068
0.10152207254997161       0.05579251853645066      0.6025562226948848       0.34750601800946707      -516560.87638233433      -159267.58490384385      1.2841422415322366       0.5576546453788069
0.10522712925819284       0.05338277828635151      0.6056458101785788       0.2546729804303164       -514219.33771497844      -229623.95067983193      1.2841422415322368       0.5576546453788068
0.10541002552723734       0.05917997772522608      0.49048079106573955      0.2968158011528805       -601500.6808725068       -197684.72099491945      1.2841422415322368       0.5576546453788068
0.10917482015464444       0.055577909501275974     0.5409927360400396       0.20901931231660606      -563218.6535970512       -264223.9837778026       1.2841422415322366       0.5576546453788069
0.06181544586517096       0.02009603574066589      1.1612335508698328       -0.09843027977944678     -180956.47915983634      -74598.40750865328       1.3999999999999997       0
0.06256242406703467       0.01763357861741404      1.0973128187114487       -0.0981950702448587      -229400.76720297895      -74420.14674631025       1.3999999999999997       0
0.06392544502394193       0.01953469866261219      1.1261078787302816       -0.057525095076357946    -207577.5474952405       -43597.158253493406      1.4000000000000001       0
0.06321135012059415       0.015143487574916915     1.0491178767264262       -0.09118219540281709     -265926.78267413814      -69105.22438252112       1.3999999999999997       0
0.06475156524381856       0.017049555168659875     1.0766656249730369       -0.060982443445815764    -245048.8764622373       -46217.41579154064       1.4000000000000001       0
0.06375104322620997       0.012680870931048336     1.0125849216526532       -0.08085940685002571     -293614.40355863865      -61281.78236028692       1.4                      0
0.0650587573044854        0.014793806682556854     1.0423297466365071       -0.06331745454010562     -271071.37533204985      -47987.07559073418       1.4                      0
0.06097158769861692       0.02252699477315755      1.2551186034151007       -0.08218909792285854     -109802.81156449486      -62289.52953660364       1.3999999999999997       0
0.06316195552331502       0.021871806339304783     1.183381581408998        -0.038534008372780836    -164170.91468336782      -29204.180522250244      1.4000000000000001       0
0.06005216961323364       0.024874423103730836     1.4093961679855753       0.01478273712262242      7121.174195362721        11203.550883302          1.4                      0
0.06227449885878511       0.023754715115668755     1.2387302465116          -9.791032400829872E-4    -122223.23066138229      -742.0434307452291       1.4                      0
0.06630767410755004       0.013189416432171629     1.0210968158094078       -0.04927871195746728     -287163.40341519815      -37347.383796345755      1.3999999999999997       0
0.06246046324350235       0.02587197098756487      1.2290621512272182       0.0686163154517827       -129550.49330325285      52002.97990906673        1.3999999999999997       0
0.06949011365891851       0.013822443017376989     1.02176607389937         -0.016508093702518014    -286656.18563795206      -12511.165303713953      1.3999999999999997       0
0.06741529881243566       0.015911106168015488     1.0495260119133933       -0.030106960291184304    -265617.46490054036      -22817.483580063763      1.4000000000000001       0
0.06545825575090515       0.02711369730131156      1.1818625640296139       0.08752640179509251      -165322.14860989884      66334.56903207768        1.3999999999999997       0
0.06486957080783215       0.023981509851102645     1.1773769463322827       0.02831969120379018      -168721.71160680705      21462.946866282262       1.4000000000000001       0
0.07317377688997961       0.014555169191296754     1.0137514252193172       0.012205803337932766     -292730.3330406917       9250.54255066455         1.3999999999999997       0
0.07119810924371105       0.016928008209681173     1.0395136135122722       0.01090447864407835      -273205.66822313         8264.29370497656         1.4000000000000001       0
0.06892819064067285       0.02855099139320493      1.1376453928856582       0.12164427241112831      -198833.4884056171       92191.844062134          1.3999999999999997       0
0.06826645557770016       0.02518161781861536      1.1308983058952031       0.07153816822908025      -203946.97529134076      54217.395682846196       1.4000000000000001       0
0.07705961095545591       0.015328109644505164     0.9990590762363297       0.033759662807956836     -303865.3804991374       25585.796252390213       1.3999999999999997       0
0.07493066549815353       0.017650414771716253     1.0207233432531424       0.0379569417008493       -287446.45105062105      28766.83283971933        1.4000000000000001       0
0.07258856629226564       0.03006716863147492      1.0932374786474763       0.15402936805778136      -232489.38870755816      116735.88241769902       1.3999999999999997       0
0.07195692210228281       0.026452447207946345     1.0897110324478307       0.10610255383395924      -235162.01415623064      80413.07579689783        1.4000000000000001       0
0.08115000601378149       0.01614173980907476      0.9798402054573588       0.04881155414078958      -318430.9913806499       36993.3339119254         1.3999999999999997       0
0.0786533619272793        0.018673512288497174     1.000265352000171        0.05819304811701825      -302951.16740129323      44103.386959085554       1.4000000000000001       0
0.07644163418569751       0.031663161609678726     1.045933750595911        0.18076179183562316      -268339.9703555647       136995.8699656554        1.3999999999999997       0
0.07580199653830105       0.02801601276173735      1.0490875555628862       0.1357416158478572       -265949.76249822235      102875.94831175062       1.4000000000000001       0
0.08545824504933947       0.016998701834875053     0.9576026681002748       0.057540859602338214     -335284.3913452717       43609.10588318513        1.3999999999999997       0
0.08279574101117493       0.019611107594897002     0.9745626997570652       0.07152613716957837      -322430.710996828        54208.27757527307        1.4000000000000001       0
0.08049990661866244       0.03334415309121766      0.9947256193658324       0.200422263832723        -307149.6237449241       151896.161879266         1.3999999999999997       0
0.07970160423615537       0.029479086183852986     1.0065807059286693       0.1559683062100338       -298164.8826627441       118205.36618570115       1.4000000000000001       0
0.08999740824461117       0.01790159753196916      0.9337008614183272       0.060021679929120754     -353399.10887983785      45489.27168285319        1.3999999999999997       0
0.0870965384674157        0.020574145982359907     0.9472314858427352       0.07766752542746717      -343144.5100214356       58862.71709284225        1.4000000000000001       0
0.08477570485363986       0.03511524671011625      0.9390737012028874       0.21162769212295174      -349327.1374029161       160388.5395071311        1.3999999999999997       0
0.08403581173663432       0.0310459567046157       0.9584141536268976       0.16828915323437807      -334669.3821414168       127543.09812381282       1.4000000000000001       0
0.09477233227538556       0.018851388974988514     0.9096945401462252       0.055786090030294055     -371593.036003205        42279.199924241904       1.3999999999999997       0
0.09186661664194193       0.02177153222971795      0.9170298402867694       0.0771967449318285       -366033.7537344896       58505.9216500225         1.4000000000000001       0
0.08927358493960018       0.03697832964364888      0.8788188883848328       0.2127930778948509       -394993.09599848883      161271.76287002023       1.3999999999999997       0
0.08847178781046124       0.032654613752321454     0.9082407062981778       0.17109147511046674      -372694.8685905912       129666.92373673695       1.4000000000000001       0
0.0998071583646514        0.019852878151749243     0.8872871039646766       0.044476760512458725     -388575.19900467974      33708.07756320108        1.3999999999999997       0
0.09659713282134341       0.022886479593593766     0.8890521579951561       0.06841968851631176      -387237.4986533697       51853.96015323241        1.4000000000000001       0
0.09401628741135237       0.038942821329749036     0.8139609155809336       0.20154401919105971      -444147.7006206806       152746.3185945951        1.3999999999999997       0
0.09323563845919577       0.034447220724729666     0.8538283286672014       0.16336602253553748      -413932.9584256043       123811.9524752036        1.4000000000000001       0
0.10510172436595988       0.02090603280931736      0.8688639240922654       0.025432081634765524     -402537.77111975284      19274.483358521637       1.3999999999999997       0
0.10162183724458673       0.02417376081680939      0.8623476116281016       0.05121324276275815      -407476.3584502433       38813.52732122949        1.4000000000000001       0
0.09900365953028134       0.04100865850201086      0.7450506956572274       0.1751463324289261       -496373.42505119235      132740.02176419008       1.3999999999999997       0
0.09811807254329415       0.03612335262105982      0.7997768066951485       0.1413675266688402       -454897.56272794906      107139.71743819646       1.4000000000000001       0
0.11068272221213117       0.02201616230324007      0.8573340032777751       -0.001388673702839732    -411276.0753630113       -1052.4489721365196      1.3999999999999997       0
0.10674430935482401       0.025343011278742944     0.8416144105910569       0.024867326844022934     -423189.6509795941       18846.466612895387       1.4000000000000001       0
0.10426084454731926       0.04318625583597259      0.6720918145256728       0.13029230629581984      -551667.5515966254       98746.02187534764        1.3999999999999997       0
0.10331177596900228       0.03800027505367691      0.7438243642340613       0.10375439224108503      -497302.8379457915       78633.44948887655        1.4000000000000001       0
0.116540528744            0.02318135246814612      0.8565408217335353       -0.03528264134395154     -411877.2123322256       -26740.03226299219       1.3999999999999997       0
0.11228837735865947       0.026794517780642794     0.8273404221028203       -0.012454453203829647    -434007.6311012115       -9438.989480458005       1.4000000000000001       0
0.10977877764474459       0.04547185856119354      0.5920191165857878       0.06423375150557302      -612353.1024720393       48681.51935927818        1.3999999999999997       0
0.10905837747622966       0.03950673735984239      0.6936871318243982       0.03870856879258833      -535300.8778074345       29336.47649215767        1.4000000000000001       0
0.12238884568104179       0.02434465503527965      0.8691713682451176       -0.07133399043409079     -402304.7651356997       -54062.65327645488       1.3999999999999997       0
0.1181008545786302        0.027820005473706885     0.8307199381035076       -0.05792136398711829     -431446.36121184233      -43897.48280559414       1.4000000000000001       0
0.11528777173930388       0.047753758630193294     0.4904923267793532       -0.014873383040430737    -689298.295109877        -11272.249673255787      1.3999999999999997       0
0.11425773339613363       0.042887241219623874     0.6162488379196854       -0.04258569161278326     -593989.8647576156       -32274.87297695964       1.4000000000000001       0
0.12750208645241995       0.025361741862096672     0.8913754791806092       -0.10065346024739534     -385476.69841025077      -76283.31303655502       1.4                      0
0.12350171228738704       0.028118361087504942     0.8535247212543036       -0.09628051651275185     -414163.05661856645      -72969.14345926337       1.4                      0
0.12642270024118826       0.030286975149833827     0.8607025772418889       -0.12785315362836858     -408723.098231776        -96897.43518972548       1.3999999999999997       0
0.12512484813406935       0.03526715723482812      0.8159487266647422       -0.16288395965080446     -442641.17700200924      -123446.60632764932      1.3999999999999997       0
0.12185830441815389       0.031880941104991185     0.8168317815116938       -0.10738102691893077     -441971.9267928968       -81382.00584967481       1.4000000000000001       0
0.12010433922646728       0.04974884620746167      0.2784516951129249       -0.38393293102990167     -849999.793519591        -290975.35137699323      1.4                      0
0.11812938437171235       0.045166350862637226     0.5546669910109181       -0.14018534011925732     -640661.5568540854       -106243.76109046853      1.4                      0
0.12363089173034189       0.04019207148133181      0.7483834748481887       -0.20977659210139546     -493847.5760870243       -158985.62656147304      1.3999999999999997       0
0.12017898712013422       0.03660843150559645      0.7551787831618685       -0.12409102872381172     -488697.5431919976       -94046.19340358574       1.4000000000000001       0
0.1219431753972338        0.04505398954631513      0.6266119650548047       -0.2798534962176503      -586135.8509031205       -212095.55840280038      1.3999999999999997       0
0.11903571550405381       0.041329431907513585     0.6677209134151213       -0.1454692361732319      -554980.1731085783       -110248.32383224861      1.4000000000000001       0
0.0651598584147283        0.021346389181900453     1.140929811410882        -0.013985223428642616    -196344.29105575074      -10599.130661490746      1.4                      0
0.06636469387550628       0.019256122269745043     1.097956161929826        -0.021480425439519737    -228913.18980626753      -16279.59946864983       1.4000000000000001       0
0.06751777640717198       0.022076768383612666     1.11757948677418         0.023799863976330438     -214041.05100209176      18037.457127370097       1.4000000000000001       0
0.06928760859489283       0.019296740923094784     1.0727692088035514       0.011515222372886559     -248001.89500374606      8727.16457832038         1.4000000000000001       0
0.07292939994197488       0.020287368548160753     1.0493154443725958       0.046650563257068574     -265777.04997183866      35355.56066849339        1.4000000000000001       0
0.07102040540383125       0.02299279221700794      1.0836127601197731       0.06134091031186011      -239783.77694352053      46489.09090423406        1.4000000000000001       0
0.07627481240990748       0.02063530306361496      1.0236471621891454       0.06485041165331565      -285230.54516314215      49148.87417223542        1.4                      0
0.0751511191943554        0.023890988276835865     1.0449962847079488       0.08991558597527759      -269050.45764151344      68145.2855665225         1.4000000000000001       0
0.07970954545653622       0.022674203530479754     1.0009077504420008       0.09033921652204545      -302464.30603247543      68466.34697396455        1.4000000000000001       0
0.07836475250765415       0.026178790608903966     1.0185276877054827       0.12027687151019566      -289110.4959731792       91155.5173356019         1.4                      0
0.0840680164019712        0.022748735907746457     0.9668444322576761       0.0938116318065089       -328280.2368284151       71098.02343582266        1.4                      0
0.08306552382998264       0.026626442326964487     0.9736452949484915       0.12642065321637377      -323125.9943782602       95811.77080139144        1.4000000000000001       0
0.08842487538193426       0.025044801084828688     0.931885633397112        0.10614984637599655      -354774.83512943465      80448.91790088173        1.4000000000000001       0
0.08722414496728795       0.029015350713612005     0.9322381901318728       0.14102780549870264      -354507.63919106533      106882.24932629001       1.4                      0
0.0933674454585311        0.02525182241619379      0.8979567485791794       0.09321746793628775      -380488.8814740514       70647.71811700216        1.4                      0
0.09228584190640937       0.029325578017206234     0.8890269429569705       0.12585060720308452      -387256.6086436912       95379.74394041616        1.4000000000000001       0
0.09803746120958715       0.028126393421119875     0.8570101100378874       0.08873117052220746      -411521.5477923548       67247.6399759009         1.4000000000000001       0
0.0967581999598913        0.03215250831811136      0.8401640947959195       0.12192753038404117      -424288.8173026436       92406.51980765435        1.4                      0
0.10340468910313183       0.027970755191071523     0.8333240642213117       0.0539912175280001       -429472.7443352556       40918.90072919523        1.4                      0
0.10216732694008873       0.03230908569544089      0.8056879529572701       0.08230638896425495      -450417.61917101656      62378.4221509781         1.4000000000000001       0
0.10786878015365661       0.030552448706425418     0.800103862998982        0.026565716342508556     -454649.6930735469       20133.64320327325        1.4000000000000001       0
0.10656527680336436       0.03500840315812649      0.7605128583814891       0.05243427302477825      -484654.95062996633      39738.92256820707        1.4                      0
0.11352652506371959       0.03166254542256817      0.7864929101332093       -0.0266391621422636      -464965.1713058255       -20189.306356036843      1.4000000000000001       0
0.11038495645180824       0.034778822418385126     0.7529445611113834       0.008004124164972832     -490390.8169219958       6066.171076079598        1.4                      0
0.1178170386972911        0.03318010772776684      0.7822623667183466       -0.07587773726343099     -468171.4184317317       -57506.27121953878       1.4                      0
0.1148492775212353        0.03721430527191827      0.7204158901623023       -0.05095813526809295     -515043.6682255958       -38620.18627934494       1.4000000000000001       0
0.0645485128330407        0.00764784224750903      0.9622911759791714       -0.05148031217566303     -331731.06179931137      -39015.93406986026       1.3999999999999997       0
0.06480073583084336       0.005085728638185197     0.9473229508813289       -0.034863728812061734    -343075.19043566287      -26422.546547880745      1.3999999999999997       0
0.06655376748669824       0.006696744903395603     0.9652806421011718       -0.033531691383167445    -329465.4031777775       -25413.021113633393      1.4000000000000001       0
0.0649513013692366        0.002515641159348057     0.9385428729395894       -0.017514293248165946    -349729.4418888055       -13273.744500983894      1.3999999999999997       0
0.06674068622682751       0.004166492854681134     0.9540314175215876       -0.02144231163197134     -337990.9731672616       -16250.713750214685      1.4000000000000001       0
0.065                     0                        0.9358672479667459       -4.7599369894397683E-4   -351757.24636636814      -360.74642889299713      1.4                      0
0.06656011996966789       0.0018463580261120645    0.9471280288620492       -0.010121079162172876    -343222.91806845256      -7670.570371829485       1.4                      0
0.0676609242450599        0                        0.9511787343629742       -2.1288842251427175E-4   -340152.9666233013       -161.34402271515378      1.3999999999999997       0
0.06419502851955441       0.010197956333187376     0.9838723845299459       -0.06677355656710184     -315375.0807576313       -50606.388549907366      1.3999999999999997       0
0.06617878005624678       0.009100932716816895     0.9807687538064687       -0.044648372636298804    -317727.262525123        -33838.13907655177       1.4000000000000001       0
0.06375104322620997       0.012680870931048336     1.0122876664999634       -0.0795957543641853      -293839.6874963059       -60324.08455327805       1.4                      0
0.06572118333106498       0.011186951414909978     0.9987359043054722       -0.05395971076944035     -304110.3062623019       -40895.02236554958       1.4                      0
0.07097064704968639       0                        0.9621021651692488       -1.0710477868174533E-4   -331874.3094407255       -81.17264264744396       1.3999999999999997       0
0.06948788401257282       0.002498133709946974     0.9603262104112641       -0.007804548461515225    -333220.2712428247       -5914.916505954262       1.4000000000000001       0
0.06630767410755004       0.013189416432171629     1.0208732732330885       -0.04876703198889426     -287332.8220152587       -36959.59143311003       1.3999999999999997       0
0.07479535953114955       0                        0.9662966421992097       -4.37463026512622E-5     -328695.39633118425      -33.15447766163076       1.3999999999999997       0
0.07326511193155692       0.0027738385757119783    0.9674869999398931       -0.002335115830320426    -327793.2471955773       -1769.7391766077683      1.4000000000000001       0
0.06949011365891851       0.013822443017376989     1.0216198361404856       -0.01662911371816237     -286767.0164103001       -12602.884035632325      1.3999999999999997       0
0.0682434722450852        0.010832826547320085     0.9982135159948163       -0.030612971052163755    -304506.2142711319       -23200.979360385532      1.4000000000000001       0
0.07884115420054302       0                        0.9638346719537395       -5.328273597409717E-6    -330561.27601838316      -4.038195624637107       1.3999999999999997       0
0.07718382926546609       0.0029947207827260834    0.9669876298420341       0.00236119912755362      -328171.7101456083       1789.5072036877584       1.4000000000000001       0
0.07317377688997961       0.014555169191296754     1.0136201646624123       0.012012038264638827     -292829.81288099807      9103.691744886959        1.3999999999999997       0
0.07178559263921568       0.011388767935940111     0.9991525799839295       -0.005726217010158053    -303794.51581519406      -4339.789249445467       1.4000000000000001       0
0.08310314089364457       0                        0.9565007654730889       2.5670830105350973E-5    -336119.50205918885      19.45542621208976        1.3999999999999997       0
0.0813267065882088        0.0032036065007264025    0.9609392954006694       0.005919407101169974     -332755.6259733043       4486.204287259374        1.4000000000000001       0
0.07705961095545591       0.015328109644505164     0.9990212127226675       0.033621786199340246     -303894.07652467146      25481.302234304138       1.3999999999999997       0
0.07545352184650657       0.011943079666437586     0.9925735283127447       0.013614048340259257     -308780.65197865147      10317.824232591782       1.4000000000000001       0
0.0876009881626804        0                        0.9460705331984763       5.0235468813454125E-5    -344024.37360252795      38.07249133428559        1.3999999999999997       0
0.08566802198319744       0.00339879833675157      0.9511631535114687       0.008157625959465871     -340164.7750496569       6182.507120684565        1.4000000000000001       0
0.08115000601378149       0.01614173980907476      0.9798542480719482       0.0486686860509453       -318420.3487543364       36885.05694664534        1.3999999999999997       0
0.07939951052904069       0.01258033761567699      0.9804588006387455       0.028421849171456317     -317962.1700430761       21540.37041642649        1.4000000000000001       0
0.09233713539189953       0                        0.9343826465238504       6.931448579356954E-5     -352882.39711950225      52.5321097234264         1.3999999999999997       0
0.09028222613631078       0.003588406928222725     0.9392982275172793       0.00902955946509503      -349156.9732467748       6843.328680057544        1.4000000000000001       0
0.08545824504933947       0.016998701834875053     0.9576418359187628       0.05742076910932645      -335254.7068123076       43518.09161851291        1.3999999999999997       0
0.08359861225253547       0.013264695317974792     0.9641865367976749       0.038314098611549434     -330294.60445070406      29037.515162563883       1.4000000000000001       0
0.09733399261509704       0                        0.9232558556404517       8.44771042515504E-5      -361315.1769758963       64.02356533201721        1.3999999999999997       0
0.09515954947009278       0.0037640050458558364    0.9272076047797406       0.008455153075501902     -358320.2226455297       6407.997174117947        1.4000000000000001       0
0.08999740824461117       0.01790159753196916      0.9337576151213439       0.05987976808381636      -353356.0963447241       45381.71943683658        1.3999999999999997       0
0.08803935464588096       0.013979945882574592     0.945372187493079        0.043092783686789114     -344553.6363215803       32659.188263534645       1.4000000000000001       0
0.10259434397926112       0                        0.9145689280429231       9.392885861159557E-5     -367898.83158269664      71.18686736673892        1.3999999999999997       0
0.1002831932350459        0.003954287384415807     0.9168131541092          0.006515184564162259     -366197.9760023935       4937.732516868758        1.4000000000000001       0
0.09477233227538556       0.018851388974988514     0.9097518226359588       0.05566964512552833      -371549.6227108542       42190.94858047366        1.3999999999999997       0
0.09272265169164468       0.014725928569906788     0.9256790308811557       0.04258433097527018      -359478.6992733443       32273.841776074103       1.4000000000000001       0
0.10814539799237792       0                        0.9101090658172915       8.52687153634939E-5      -371278.8750051639       64.62351210093281        1.3999999999999997       0
0.10564553017773987       0.004186274002232658     0.9099201119341255       0.003289115202514076     -371422.079502889        2492.7568708515028       1.4000000000000001       0
0.0998071583646514        0.019852878151749243     0.8873837995101571       0.044337462552036404     -388501.91531878343      33602.50633003997        1.3999999999999997       0
0.09765364330967213       0.015507478633592725     0.906899369206661        0.036562743014025074     -373711.44205948344      27710.196588955976       1.4000000000000001       0
0.11399233234596624       0                        0.9114990990331077       5.5151226751745284E-5    -370225.39568440634      41.79804931010585        1.3999999999999997       0
0.11131312960456075       0.004386989950378876     0.9082209506463014       -0.0012005883576215644   -372709.8410174965       -909.9027225431055       1.4000000000000001       0
0.1201403032402679        0                        0.9199474947618134       -1.3855225700747686E-4   -363822.5197728826       -105.0060789489459       1.3999999999999997       0
0.11734517820141072       0.004415122174193769     0.9135195650815379       -0.006359310907459236    -368694.12349889684      -4819.598883715924       1.4000000000000001       0
0.12563729541073382       0                        0.9331869490981312       -1.2904921658350688E-4   -353788.5930992428       -97.80390819715103       1.3999999999999997       0
0.12251606275147853       0.0034099235243189685    0.9242169229159186       -0.008109292626471231    -360586.8026543039       -6145.876221340739       1.4000000000000001       0
0.13                      0                        0.9470303400894309       -2.0569998409127857E-4   -343296.95450200856      -155.89604410500579      1.4                      0
0.12692373620882183       0.0030646130422462003    0.9363468290965269       -0.009343946035912343    -351393.78109294805      -7081.596188568428       1.4                      0
0.10510172436595988       0.02090603280931736      0.868986559016204        0.02533376265458751      -402444.828480036        19199.969302830752       1.3999999999999997       0
0.10283743651964612       0.01632771101702598      0.8910372788631401       0.024818867954440164     -385733.0138973005       18809.740556638997       1.4000000000000001       0
0.12991850447759035       0.004602411792348357     0.9455267679996552       -0.015897483212389603    -344436.4827419266       -12048.395409391562      1.3999999999999997       0
0.11068272221213117       0.02201616230324007      0.8574946231018278       -0.0014858448654386036   -411154.3447013134       -1126.0931190584088      1.3999999999999997       0
0.10828212088907854       0.017182174226778212     0.8804251717304226       0.007350454605237644     -393775.7248820279       5570.767544743605        1.4000000000000001       0
0.12962673431750835       0.009844274995047633     0.9398141206294423       -0.034425804136116095    -348765.98782340443      -26090.651896077583      1.3999999999999997       0
0.12616097661971878       0.0069587011430813995    0.931265837860043        -0.020670690501254273    -355244.56619339087      -15665.91700189193       1.4000000000000001       0
0.116540528744            0.02318135246814612      0.8566230807124864       -0.03512509960526564     -411814.86984120775      -26620.634422729567      1.3999999999999997       0
0.11394069625988733       0.018073916817176534     0.8775634165727887       -0.01499094026322323     -395944.5938308668       -11361.344021368073      1.4000000000000001       0
0.12912022370360124       0.015098603602055049     0.9293405845172865       -0.05425901683815654     -356703.6785086475       -41121.86065285235       1.3999999999999997       0
0.12524105634064492       0.011890131137256928     0.9212336947632771       -0.034770414784156066    -362847.73363936954      -26351.82564882835       1.4000000000000001       0
0.12238884568104179       0.02434465503527965      0.8690434369860943       -0.07049613751510217     -402401.7217654595       -53427.6607353072        1.3999999999999997       0
0.11980187592616363       0.01900595212299551      0.8846019394177297       -0.040500022062419865    -390610.23334116396      -30694.184316975898      1.4000000000000001       0
0.12840082565900568       0.02032800949639788      0.9133247476832603       -0.07590293302151646     -368841.77184144995      -57525.36659784473       1.3999999999999997       0
0.12484387897796258       0.016897336454368198     0.9081000867164987       -0.05093277207582108     -372801.4414549709       -38600.96400590371       1.4000000000000001       0
0.12750208645241995       0.025361741862096672     0.8908549508627326       -0.09925182968211196     -385871.1967664859       -75221.04430868104       1.4                      0
0.12478503580071232       0.02097282302249885      0.8943869808682756       -0.06681345745386284     -383194.33945919515      -50636.62866115387       1.4                      0
0.06808443484492915       0.008209585894303787     0.979242795062064        -0.028733187837555667    -318883.7571781054       -21776.327976832912      1.4                      0
0.0689694551283019        0.005969887068877582     0.9693112761433603       -0.01895524331655885     -326410.66350344993      -14365.812720666445      1.4000000000000001       0
0.07057927561609251       0.008507091482856631     0.983748177558024        -0.014632550002467161    -315469.2148221449       -11089.726966342734      1.4000000000000001       0
0.07180015785866331       0.005406762012461546     0.9718887614392394       -0.007722687682933453    -324457.23719113646      -5852.875803303595       1.4000000000000001       0
0.07377339557871164       0.008671997710352625     0.9831320760553569       -2.4017729540719315E-4   -315936.1462487914       -182.02573229760551      1.4000000000000001       0
0.07543785879271525       0.0057775441591426755    0.9728810410265888       0.0019674394213209053    -323705.20766134694      1491.0843292241916       1.4000000000000001       0
0.07752921030372888       0.009134125334374507     0.9777045080465565       0.012643939643324385     -320049.59518959146      9582.597592336437        1.4000000000000001       0
0.0794708747607576        0.006211040435735365     0.9676237690831108       0.010043937582870395     -327689.5925041223       7612.106259144221        1.4000000000000001       0
0.08160459580576716       0.009671317069131208     0.9671417444523357       0.022319665242487883     -328054.9096597408       16915.64310237292        1.4000000000000001       0
0.08369431390093206       0.006618284854657941     0.9577668343485413       0.015578589517867418     -335159.9729171744       11806.712038896125       1.4000000000000001       0
0.08593505308760825       0.010219418856367646     0.9529943558495174       0.02818822360519128      -338776.94217393355      21363.310113075422       1.4000000000000001       0
0.08815683435674901       0.007007942535478208     0.9451016230004305       0.018449541868840316     -344758.69192362856      13982.551362889624       1.4000000000000001       0
0.09051530666475831       0.010775192024701346     0.9370283015297164       0.03006004125195511      -350877.3063009339       22781.92454664258        1.4000000000000001       0
0.092889722253831         0.007372007082282758     0.931380191307804        0.01849281064953429      -355157.8999244825       14015.343935884885       1.4000000000000001       0
0.09534572802855834       0.01134745928152861      0.9210622439869356       0.027821814981649835     -362977.67287056806      21085.616095798672       1.4000000000000001       0
0.09786651569617898       0.007758250969602166     0.9185505922179095       0.015786221207238584     -364881.20522469206      11964.072085114894       1.4000000000000001       0
0.10042288811863824       0.01194829318053268      0.9069983083963628       0.0214203353283054       -373636.4579589762       16234.05833421791        1.4000000000000001       0
0.10308528785497291       0.008173187774684752     0.9084774825863781       0.010364439101967063     -372515.4204159528       7855.008168823726        1.4000000000000001       0
0.10574411726398619       0.01257884761530263      0.896829779805017        0.010902689879810879     -381342.98933651875      8262.938035094683        1.4000000000000001       0
0.10854119840667321       0.008619476046987956     0.9029762408624028       0.0023802651289659207    -376684.70524221024      1803.9569578294952       1.4000000000000001       0
0.11427744428846523       0.009025730755565085     0.9038296895543891       -0.007788341282533237    -376037.89296599635      -5902.633398103983       1.4000000000000001       0
0.11129109313129659       0.013225927041717992     0.8926170406762708       -0.00331885388782369     -384535.74293793115      -2515.2952459375956      1.4000000000000001       0
0.1204749406938724        0.009328636404852104     0.9129705508033209       -0.019281054615736003    -369110.21081416454      -14612.738810091378      1.4000000000000001       0
0.11692078756793044       0.013891591832167711     0.8959700636587646       -0.019878237321702373    -381994.5515952425       -15065.33204620348       1.4000000000000001       0
0.12154102761470684       0.014185765920011592     0.9051010171371197       -0.033290936596930595    -375074.3783513267       -25230.557712192305      1.4                      0
