% Model:              
% Version:            COMSOL 5.4.0.295
% Date:               Jun 4 2019, 18:06
% Dimension:          2
% Nodes:              144
% Expressions:        1
% Description:        Magnetic flux density norm
% Length unit:        m
% x                       y                        mfnc.normB (T)
0.15576302706833647       0.006157363723382508     1.7790289556566563
0.15                      0                        1.8487898085050682
0.15843663056621268       0                        1.7500983647541626
0.14970727851677715       0.009366469938034996     1.84838767969645
0.1668732611324254        0                        1.6613860368333928
0.1628115565934517        0.007303073062897432     1.701816322300368
0.17108797757943747       0.006755945162906837     1.6189742840841757
0.17530989169863812       0                        1.580481495576243
0.11816559751438024       0.11165059007416755      0.8930892230577322
0.11703748851505044       0.11703748851505044      0.8238459812525395
0.11197113349877524       0.11197113349877524      0.8342996076352988
0.12151693894972748       0.115925974004801        0.8751314647299214
0.12096941868097788       0.12096941868097788      0.8242550605151152
0.12459482121834792       0.11925241734330272      0.8699876414995101
0.12401760272853163       0.12401760272853163      0.8282387959810161
0.15706879320940842       0.015465551993379768     1.7573744594174268
0.1486520480937276        0.020064112179214482     1.8461592347852263
0.17909548764950967       0.005632167581981691     1.5451887428904187
0.1837465027173507        0                        1.5076409280215
0.11535431800134689       0.1059115391895062       0.9456702589602198
0.10606601717798214       0.10606601717798214      0.8692588810273532
0.11248212487514828       0.09923593897158199      1.032063355474185
0.12638013852600155       0.12638013852600155      0.8327259596623299
0.12920073808533222       0.125429861275283        0.8589847358109317
0.1283362423890123        0.1283362423890123       0.8369479519077946
0.12744484255595587       0.12295481209962282      0.8631239111399984
0.13013679603845346       0.13013679603845346      0.8408892767660099
0.1309655810801244        0.12763752819497529      0.8573381757095376
0.13285934471754815       0.12964028323676288      0.8571040432129298
0.13214918401613351       0.13214918401613351      0.8444090074620992
0.15556155495321947       0.027053128627836945     1.7531162362264585
0.1467659655058548        0.030979854246497688     1.8350833607769907
0.1861407208591921        0.005199888026504721     1.4845625734375205
0.192                     0                        1.4918155546232887
0.19183158337898232       0.008040125515968345     1.4185158914553615
0.12274548442815938       0.1009562307476057       1.0691830636509443
0.11930034484082727       0.09092539645698387      1.2135821259906534
0.13439113397832017       0.1317584217885707       0.8538127635227942
0.13416074196871886       0.13416074196871886      0.8456017659362746
0.13579497478480115       0.1335265986282552       0.85024520708976
0.13576450198781714       0.13576450198781714      0.8433889037285509
0.15397639027595486       0.03855229364526467      1.7295891083195667
0.144079402957966         0.04172679766380428      1.8066615987136398
0.19132662897590633       0.01606614591978566      1.4091148336870092
0.1840330356955837        0.012328283896327412     1.4924801326992754
0.14116280157599786       0.07087095506984903      1.5379313681945312
0.13138482798151366       0.07237421485769682      1.5408900544277657
0.1363678025745141        0.06248057634976124      1.6642799232382295
0.13635404603777135       0.0812330440122745       1.4051576287644254
0.12568527422616965       0.08187314481985242      1.3877490938044128
0.13082717683668155       0.09216295932532892      1.2379596745550825
0.1373704164167538        0.13413936295318987      0.8491867599143313
0.15079905489450401       0.05021015120725148      1.6908088720539682
0.14060703852462034       0.052246155048347204     1.7524236242535522
0.14602267813127037       0.06097469677328296      1.6311472121805572
0.18515136872783658       0.020338401177055772     1.4814884246889506
0.19048602265237732       0.02406398084436522      1.4286640295884674
0.18344574249151097       0.027108759600338192     1.5146683036656332
0.1893112391175305        0.03201959936952909      1.485812936979798
0.1370722764749174        0.13185772530649675      0.8594259227999973
0.13936286010051346       0.13206813856719823      0.8605353610164365
0.1384668277215917        0.12922810675887703      0.8775557315665393
0.14186302015810806       0.12937883718607224      0.8812432714404207
0.1878043393408907        0.039919044637009786     1.6426313800407388
0.18188125774565872       0.03392014323713807      1.55301452362939
0.14044294434094107       0.12546725306118095      0.9128592928016
0.14467654600982682       0.12622478771884077      0.9137203674711788
0.18596796693670656       0.04774845833561528      1.4938741898972083
0.17994065817993932       0.04140521414578654      1.5650271072878976
0.18380534352616232       0.055494105013320374     1.4674205633131299
0.17806352269914394       0.04867575512436801      1.541082593404899
0.14282006973054537       0.12165946028632953      0.9614584298547646
0.14791120956536044       0.12241843850054618      0.9666825427436372
0.14586595983208236       0.11710768487535919      1.041793812545836
0.15162961581595402       0.11778140603468004      1.060140170641941
0.18132026308559004       0.06314239617382587      1.488300108856235
0.17590245371077026       0.05666355137730714      1.5306085160766176
0.17851708529053023       0.07067991411549349      1.568804266229397
0.17312514339065382       0.06410730901501951      1.547647075223769
0.1638173356799633        0.10013930562330746      1.2722129024755635
0.15940221041598          0.1070277315208522       1.2955127480029902
0.15541089856221674       0.09910456850505235      1.283483593555503
0.16799531329120418       0.0929600705259528       1.3101496335985263
0.15974450161909076       0.09185327610945775      1.3361762035525804
0.17185885045664764       0.08560686607813409      1.4051831998510596
0.16418853633994826       0.0850919031132328       1.4140473391118922
0.15533126291998992       0.11285476844015484      1.3907967484403079
0.152156703019074         0.10549450033207414      1.2499209563080291
0.14900726818294088       0.11203683820689296      1.1547135700529003
0.16805706132723494       0.07856600778670021      1.519996919694429
0.17540072786737942       0.07809343547055364      1.783689501593259
0.17093060026231646       0.07171573919817566      1.5766522265843628
0.16719884060161175       0.014632537235056057     1.6538825808693902
0.1752435943959585        0.012969715630605078     1.577393486529889
0.12119561456872777       0.10816332963944454      0.9608296501008654
0.12277350708041303       0.11179962459405067      0.9297126319361715
0.1265231001414491        0.11411911537306006      0.9343065896557025
0.1286695249209914        0.11906067725221364      0.9035139998335823
0.16376574499002972       0.023882726450818733     1.6799332805092808
0.17944901224503          0.01805420661918855      1.5371933730153449
0.17321707869257028       0.021418851928285233     1.5961087372681355
0.179637417381033         0.02322973726621563      1.539868666952523
0.12680382576253152       0.10813300263767336      1.002959036224934
0.13027503293543397       0.1123851429082625       0.9809010949853956
0.1317351325664163        0.125427635609197        0.8751132114386768
0.1308187522531332        0.12243711006362683      0.8908735906222158
0.13098550852728422       0.11588654790582631      0.9502901494136181
0.13189526623871195       0.11913502603666085      0.9257697127148756
0.13367665376773          0.12695791489456565      0.875662610432027
0.13547353573692086       0.12919900408346557      0.8696299100641663
0.17058547436551713       0.028735358862949353     1.6183802887433063
0.16431564312795285       0.034721020919424195     1.6579540375858266
0.17663946686881193       0.028427681433163213     1.5725616760679701
0.1334362393908569        0.11336406355070208      0.9936935008267449
0.13324698720111502       0.1089659548731509       1.0407306649794383
0.13188937357069422       0.10215398187382685      1.1114932796108647
0.13422827604661558       0.12400134810143269      0.8992942778576162
0.13388865886236373       0.12103552573196669      0.9219038207493002
0.13511388797291285       0.11725525900052536      0.965319950567941
0.1368354041972253        0.12585785551144812      0.897056280980093
0.15010561755258772       0.06981716183233894      1.5363449762310164
0.1623950219937025        0.04793428207510874      1.6298774532874358
0.1741907824419249        0.03505994153970392      1.593172895631418
0.17172907105227797       0.04310390666826417      1.5926324329638042
0.14739086014282693       0.08000036761099794      1.4310879204412184
0.13755978031753832       0.11232741306574527      1.035495781237166
0.1416733354634384        0.09011662238992191      1.3056390517690535
0.13814238721249986       0.09788240216294497      1.2006012646117887
0.13951767166628595       0.10543212188916183      1.1276672207696161
0.13767258263071908       0.12175036732010185      0.9365172000148129
0.14035116771909703       0.11698822987141737      1.0029801890515122
0.1570937536653982        0.060223181132149944     1.5962285309578237
0.15519675895165042       0.07626618118964958      1.4792955585046201
0.1589936520017823        0.0705154167705951       1.5325040684687128
0.17146879787100455       0.05082722620519363      1.5698247732423032
0.16724390944849404       0.05778232958100522      1.573147262335388
0.15111949180249423       0.09064205356934411      1.3314515896943142
0.15643796474861296       0.08362966900581104      1.4106036598434228
0.14307472583078415       0.11182919468044313      1.0874341191342427
0.14622514883669804       0.09947054387527852      1.2349966623068298
0.14598534167976093       0.10715347487864638      1.17100915030234
0.16560212880393974       0.06589787360932707      1.5587883889052234
0.16105074831924104       0.07792213092115946      1.481065175287234
0.1649129047178768        0.0729659719389457       1.5397008794536908
