% Model:              
% Version:            COMSOL 5.4.0.295
% Date:               Jul 1 2019, 22:31
% Dimension:          2
% Nodes:              149
% Expressions:        1
% Description:        Magnetic flux density norm
% Length unit:        m
% x                       y                        mfnc.normB (T)
0.15040761893777208       0.006894105414366462     2.0215880655455902
0.14578743687236967       0                        2.081240002943151
0.15532574191091847       0                        1.9678622184382997
0.1601917023252528        0.007222021680961969     1.912447869576719
0.1648886334598824        0                        1.870410765512822
0.14099458360053924       0.007893576119879975     2.140575967295023
0.13624913183382087       0                        2.2143116830156333
0.1332244259732806        0.006715985569048334     2.2577122920273083
0.1267108267952721        0                        2.376439600146289
0.1262902979424375        0.010314759946397741     2.368338107091322
0.1678988951159414        0.005270871867029136     1.83856008657833
0.1733492587062422        0                        1.8503081227056581
0.17319720195412128       0.0072591135317617485    1.7708049996686315
0.13488433605698175       0.015938420859966593     2.209280151807358
0.12487546847331937       0.021488392231864724     2.3412802928074257
0.17274129845696667       0.014505492111776895     1.7543497483486463
0.1668527715828434        0.010962449590734223     1.8346874697434792
0.13399880818108723       0.02850727149376303      2.1604473981037677
0.12247401849947867       0.032492282464160804     2.283711254831807
0.17198234802442738       0.021726423129645425     1.7661419254924118
0.16585451065399312       0.01762893781624903      1.8400566068451158
0.10354433668209478       0.09606138829010831      1.0390012607624028
0.10185455126730689       0.10185455126730689      0.927581934175044
0.0961597719509733        0.0961597719509733       0.928295091327815
0.10763072783416822       0.1010106746698663       1.0283576475479312
0.10629126679892989       0.10629126679892989      0.9453514425131919
0.11069374446114806       0.10527248407997616      1.0254837024664176
0.10974806377168025       0.10974806377168025      0.9685453581122184
0.08959808487669098       0.08959808487669098      0.9735003457978442
0.09998299105701784       0.08935957377117298      1.113472991221296
0.09659436260634081       0.08200708957045233      1.2498981892167649
0.17092168211345873       0.028909238618639217     1.8109268140882075
0.1648252061049839        0.024239378074806993     1.8589921176115887
0.1312533841273645        0.040394612295366034     2.094142875397871
0.11910492871123979       0.0432394447678498       2.184427176810266
0.12570735902336666       0.05141306604619358      2.0003837220199747
0.11479480944486548       0.053644993724097575     2.026028280879863
0.12206753937441653       0.06282432246616601      1.8228040466138418
0.10957772313593112       0.06362669423666982      1.8097944672727388
0.11324677584969257       0.10873168694127536      1.0316415110940762
0.11244147722569761       0.11244147722569761      0.9915531031971424
0.11529805938755126       0.11152463356368057      1.040673548354844
0.11454009361922167       0.11454009361922167      1.0121501811402653
0.11689740502261677       0.11363199077742601      1.0503088100971198
0.11625629392899087       0.11625629392899087      1.03042486614237
0.10776061135852294       0.08310083972126385      1.3359440189607643
0.10349488092142477       0.07310569916361896      1.5448699722313262
0.1157943195713066        0.07394394424635874      1.5906905961106028
0.1695611614924946        0.03604133747962         1.9433835850136838
0.1635439200914532        0.03101089070380161      1.8888415851001088
0.11844880678583285       0.11545820454477775      1.0618417268815776
0.11779098218988727       0.11779098218988727      1.0473698642101015
0.120020768026231         0.11719647511060338      1.0736989151980987
0.11949295472980519       0.11949295472980519      1.06535455474184
0.16790317297700544       0.04311020758773333      1.8352863169561289
0.16247056114029612       0.03753485903551223      1.897698693253971
0.165950625242221         0.05010344774284087      1.823922985269349
0.16037642811801495       0.044496982441682424     1.8858191494375047
0.12135719940360977       0.11913683450424663      1.081797334140304
0.12118712126925907       0.12118712126925907      1.0800419165617672
0.12259046523081917       0.12065727981705822      1.0877585888786316
0.12257643634484504       0.12257643634484504      1.0871503161570373
0.16370694372035338       0.057008789425357184     1.8571234269805899
0.15841321003078854       0.05121330259954845      1.8879557819058317
0.16117606459121056       0.06381411831948781      1.9587439316769852
0.15647962914966634       0.057881442052561835     1.9122197190341448
0.12397938304696017       0.12115724523650573      1.0926231944696552
0.15836242787679966       0.07050749556585538      2.228158738682655
0.15422734003363828       0.0641486052009453       1.9525780553120937
0.15516460587899372       0.0772910769521307       1.80762354973498
0.15089390576830386       0.07047626127956742      1.8920333717720208
0.12364031901333747       0.11916009824488753      1.0968651382923194
0.12570727524993203       0.11936350549159276      1.1057357128794731
0.12489932516744531       0.11672762096663093      1.1165694264800639
0.12786269591484908       0.11705168297547242      1.1309066879751752
0.1516763699226727        0.08392999643205164      1.6844085744582822
0.1477741609749384        0.07620248107438372      1.7842590413918593
0.14790423803829822       0.0904118458185323       1.6338530299455307
0.1439179948528468        0.09663113500078341      1.6589078674932363
0.1414258353624487        0.08877813937694519      1.6230625465069448
0.1444505677406036        0.0830693735202899       1.6800096897321717
0.12671689196113162       0.1133329252282107       1.1578539161251176
0.13049508459580528       0.11410958938817231      1.1747925198232776
0.1336281600613311        0.11042409308039144      1.2507749510263235
0.128978484230965         0.10950840866800146      1.2247982981402374
0.1370010713189396        0.10621050772624387      1.379755839583139
0.13162389109454134       0.10498433673070218      1.3358587977301155
0.14024249625564927       0.10189213776336177      1.7979440660959636
0.13769346034293545       0.09535631499908699      1.5817382648777925
0.13455699809750657       0.10024928305797894      1.478168025515272
0.15464907095873082       0.013620377242645202     1.9669518741037522
0.1453220798509046        0.01499479561797249      2.0723423847031124
0.16131918431068087       0.013806347651958758     1.8931100316422438
0.15909877803937772       0.01953872729196096      1.9148158617660949
0.15154383894902473       0.02091033180149147      1.9922028223125732
0.14254103605732255       0.022952775382179123     2.0852782281955466
0.15740163430131587       0.026280037255997393     1.931111387066603
0.15025043448649697       0.02807527801819364      1.9922004945661669
0.14292650362529014       0.030507196523198502     2.051793125922822
0.13929470403243996       0.035910312574600214     2.0583532068199313
0.10699456718642823       0.0914871953162314       1.164820377262758
0.15604539675008583       0.03318546190094629      1.9382956511950409
0.1479610979586123        0.037787235244875386     1.981572726317856
0.1565870836251155        0.03989274304704879      1.9207736398052142
0.1403378197927329        0.0423588342437992       2.0086153290358313
0.1457680323233633        0.047030046871963604     1.955018491510069
0.11022071811508966       0.09592971713510239      1.1372634892844697
0.11319854514813937       0.10065157368936518      1.1162563711313804
0.11513707303847986       0.10495857731985127      1.0956211426202553
0.11344012653296964       0.0901383056470316       1.2702373402168996
0.1528367401803389        0.045606810945244255     1.9267375087835559
0.13741188052188444       0.050671964232190815     1.9612487651035326
0.13201854203332844       0.05924099662933004      1.8798518166676288
0.13056514728001073       0.06663420977432379      1.7805683999184605
0.12590642137201527       0.07189383732455903      1.6848009855325243
0.14572579436052774       0.05416955323687643      1.9226522718186498
0.1511288937741368        0.05218234298960412      1.9191827664515158
0.11659618850243743       0.10849631176362554      1.0828798172915586
0.1180664161056415        0.11130624105483733      1.0807080747342013
0.11897528965759063       0.11335871503333687      1.0788765597918408
0.11831922679897021       0.10594285989417906      1.1312958829633144
0.1165160053067377        0.09622916519801147      1.221574636628499
0.11823146404250393       0.10192407442616017      1.1742325024502116
0.1181788211994846        0.08407939451589551      1.4259025220752537
0.12055688242873341       0.0915707652585112       1.341448654840818
0.12357421934103249       0.0789769843436333       1.5577962482327536
0.1412250124021711        0.06060667100001372      1.881211462308535
0.1362938761068954        0.06583537092685936      1.8138421859300067
0.13479014221574598       0.07302659613719743      1.722519302387732
0.13005808352239534       0.07807697911928532      1.6253514025734384
0.14929135952728026       0.05900783803764735      1.9127141008362123
0.14774260771501174       0.06481581671859174      1.8930163381022815
0.12075210200533218       0.11451476990589843      1.0928794630313459
0.12226424363843766       0.11668671707358388      1.0966964557287942
0.11997904602770917       0.10867058939094475      1.1277490864406168
0.12071171836852984       0.11188236888374484      1.1097530860245588
0.12172159081822415       0.10495145494026263      1.1891247908903997
0.12274582018812141       0.09897008670595894      1.2758454298187831
0.12639769056182637       0.09411464206444839      1.3908763603567453
0.12793345103996073       0.08689076651206791      1.4960255859009077
0.14288184729477763       0.06969360097994708      1.8143173262431949
0.14148124881061513       0.07691590123510425      1.7251129388272761
0.13634437112351222       0.08213627360030323      1.6329735060640498
0.12332910890733013       0.11371697282676585      1.1244554834358087
0.1241274178997599        0.10945487560014333      1.1715467443826584
0.1266163805494765        0.10413324546764555      1.268672234355529
0.12896225230902925       0.09938048238395177      1.3700004012530436
0.1317900468432871        0.09376110946175213      1.4802186506233237
0.13503901575103475       0.08935364638960289      1.5600338636718738
