% Model:              
% Version:            COMSOL 5.4.0.295
% Date:               Aug 17 2019, 21:11
% Dimension:          2
% Nodes:              168
% Expressions:        1
% Description:        Magnetic flux density norm
% Length unit:        m
% x                       y                        mfnc.normB (T)
0.1132289017633949        0                        1.4273280735034855
0.11934335264509238       0                        1.3510064280981273
0.1154769424371146        0.004754866027367648     1.3981711718075047
0.10711445088169741       0                        1.510154937848432
0.10973197571150906       0.005143174602826464     1.4728195069375012
0.10511333006250514       0.0043151979788517165    1.5382727230134077
0.101                     0                        1.6021631154746734
0.10078626713562676       0.006567218350723893     1.6021499716567964
0.12189586540430312       0.004779504294364143     1.3206043965465548
0.1255037960075242        0                        1.278858365901954
0.10632200274488599       0.010686289722300416     1.5153855872947193
0.09998164261056398       0.014306332195690816     1.6018276885938931
0.12741615656879252       0.0034423893886870397    1.2573573206895299
0.131                     0                        1.2175518957703544
0.0757195909206148        0.0757195909206148       0.6608290718119707
0.08064404116963232       0.07418905742418015      0.7771461860478114
0.07942305989676278       0.07942305989676278      0.6919295031781235
0.07718016696145064       0.07137079950278435      0.7661764927986702
0.07141778489984131       0.07141778489984131      0.674018356191862
0.10521933332842089       0.019434775703947867     1.5132523937360496
0.09843912878048794       0.02259951160840687      1.592719655317258
0.13091368723917576       0.004754628633580934     1.2187128355548753
0.13065486269552154       0.009502991845434745     1.2221902654586885
0.12676720583548035       0.0073891837273345135    1.264954932149182
0.08339700469932539       0.07810086764919398      0.7881285335314586
0.08229503420939038       0.08229503420939038      0.7427165477654868
0.08562939650485187       0.08122843889139844      0.8217518443041976
0.08459096879783554       0.08459096879783554      0.8008345080920636
0.07591037535835402       0.06662293083431409      0.8559667587397097
0.10329787666952377       0.028219174272694145     1.499337562691441
0.09621110564706586       0.030731468402423155     1.5589857263512743
0.12654538009444144       0.011855352666769512     1.2682090365307415
0.13022386743561606       0.01423883247008296      1.2282771627586204
0.08745179527011719       0.08371247660558775      0.8655659947103191
0.08659703806054964       0.08659703806054964      0.8640778482295763
0.12597670934419306       0.016353674335538162     1.2760904415529868
0.12962126940435756       0.01895590984371251      1.2374890123754165
0.1007470636534074        0.036821158208044505     1.4518710369687218
0.09331251208762374       0.038649386643219485     1.4830042455084484
0.08081256083935122       0.06058324859716718      1.0417096867028748
0.08214268842001282       0.06850584977003965      0.8882948046435184
0.08829396413157027       0.08829396413157027      0.9254561995673011
0.08904164872021605       0.08586333102290125      0.9156560596578731
0.12536502531923802       0.02088400025440096      1.285884469333191
0.12884786267655357       0.02364800802782336      1.2506994579901776
0.12482581471380552       0.02524330740302031      1.2972023065516558
0.1279046664105218        0.02830894400031778      1.2697160232916904
0.12405161777183524       0.029351922202138087     1.314707511417
0.12679292350509422       0.0329325758031667       1.297874383801843
0.09674545609570337       0.04453222475712101      1.3674315769589258
0.08976308110020599       0.046298912205340687     1.362254597699678
0.09324000001863936       0.052430081204713416     1.2360756649000002
0.0855862897309665        0.053628229600529015     1.2127930316113351
0.08902389615176759       0.05896456374528114      1.1103118995335006
0.0903563811836134        0.0876680002082957       0.9650487821606181
0.08990743841916166       0.08990743841916166      0.988010864631366
0.0917439162604217        0.08952824676123906      1.0219777489511
0.09140973618507213       0.09140973618507213      1.0464392122013146
0.09344070381167745       0.09000929688912951      1.0645686811585338
0.09480342140532703       0.09040636752930618      1.0976127454211304
0.09372380553071033       0.09152512374666094      1.0916121638440464
0.12278068235148516       0.03367983358274285      1.345114364743546
0.125514098961791         0.03751281063596456      1.3438408660798993
0.12406987795430846       0.04204361288475345      1.4367875493861921
0.1211185219448065        0.037730795686733466     1.3894141587551732
0.095869683891811         0.08927487726389906      1.1105827691498016
0.09443807504220214       0.0888875556556473       1.071255868117604
0.09531916882865277       0.08778480172677056      1.0779316641956151
0.09692244280337647       0.08813081232478354      1.1377706555636369
0.09263098833543773       0.09263098833543773      1.090820723207833
0.092681063135394         0.09103146514044463      1.0647063280144422
0.09898561385416105       0.08580704079453455      1.0406951582501367
0.09796154985530768       0.08697433385744366      1.1653117730311513
0.0973126051553422        0.08535995724794702      1.0517568710139116
0.09631983607233209       0.0866790864527228       1.0821185128923427
0.09825697248284723       0.08401383598453271      1.0200214856295233
0.1002234555225334        0.08435792175677856      1.010239350235649
0.12246216360787793       0.04651901207546596      1.7269695025174892
0.11933258599223708       0.0416946088032203       1.437918730412626
0.12069307449140908       0.05093311074155176      1.4505657222403414
0.11763169968570798       0.046506747889513096     1.4538010825647494
0.11876494182574769       0.05528009219535325      1.3092067808733303
0.11605298541695205       0.050570471940611        1.3723497605537895
0.09929577947614165       0.08223006369937282      0.9990291177866294
0.10166951883503914       0.08260937561712732      0.9949692374924796
0.10046903123930584       0.08012326753167077      0.9878464279834082
0.10326168838914188       0.08061032012728739      0.9859916712769493
0.1166803064117152        0.05955422819303638      1.2081495485660543
0.1144060983717216        0.0553132195043431       1.2649036721775166
0.11444191528195531       0.06374988648301867      1.1046660260151764
0.11254682789087275       0.059190490323517544     1.1766183689299046
0.10187447452554255       0.07761384774720206      0.9828385585456701
0.10514013647879238       0.07814442847203444      0.979219850873044
0.10738854908451914       0.07502465944955578      0.9699703864936021
0.10359505944936012       0.07458959446392499      0.9819660165648054
0.10525951928132804       0.0711413052968555       0.9847232717467215
0.10976427474622674       0.07150387394704466      0.9418960758954421
0.11205271808102638       0.06786153822788007      0.8898799676402316
0.10960740742384717       0.06292131263339387      1.0805496360417777
0.10709277080226844       0.06662382058055086      1.0123936789137453
0.11779569683134777       0.010504604162066986     1.3687146396425958
0.11229944792166771       0.009247687992755538     1.4367455186522005
0.1233742481207346        0.009836231063555745     1.3036218193593965
0.12231382473024725       0.01380133951811629      1.31615630135121
0.1186674334894005        0.015894679949317134     1.3575652693183393
0.11249870904685029       0.015774860937406945     1.4296123511883565
0.1172075111254712        0.020642849960551154     1.3738168593582276
0.0872315130502425        0.07784625685959677      0.8605426473926343
0.08874611398156376       0.08077091596836058      0.8830754997432867
0.09012515642938516       0.08330894889164893      0.9178495556765452
0.12179090209561638       0.01838661532144904      1.3232844847385479
0.12121490856514827       0.022743147910770513     1.3320613405767465
0.08515898336507247       0.07362335861383537      0.8574734086585559
0.11077664011821331       0.025022485487188        1.43669766301119
0.12166136325231493       0.026806520920085605     1.3328166906938077
0.11799332436380827       0.026264957892389203     1.3673655422217512
0.09149190942600946       0.08558243812854259      0.9640216184880238
0.09304805888674222       0.08640743744756689      1.0051867861972643
0.09209257186176122       0.08753667965594536      1.000825808331916
0.09326878990613527       0.08517181073821521      0.9925272416679707
0.09252982182057018       0.08319478721835144      0.9585980219752848
0.09454817802438718       0.08424496764195995      1.0003968216590353
0.09149541636326214       0.08076651654038772      0.928033265142794
0.09357768172479723       0.08118363897484329      0.9578988341674949
0.08931471235879491       0.07450367045044334      0.9084769896952424
0.0905871817842034        0.0781160423245089       0.9117961555594639
0.12012048648544227       0.030413313426301943     1.355807732688171
0.0890568684930519        0.06960582741950493      0.9491715930326284
0.09221558792402884       0.07260416448938159      0.9509217719408669
0.08698299627608769       0.06463330048652528      0.9996746767932885
0.10847549912907237       0.03469813447711174      1.4269146469042941
0.11530478175071826       0.031475651808934066     1.395144157528426
0.11908644390934957       0.03413758330717284      1.3767586921995214
0.09317778886514887       0.08869855038335953      1.0403842521856308
0.09377431181695142       0.08757221660912404      1.0373401395889157
0.09459066006185134       0.0861642612757491       1.0322508728534199
0.09585627689775837       0.08528950831388428      1.038110392872972
0.09487642234213417       0.08250254140528994      0.9831487876752768
0.0963222422639566        0.08393424618977333      1.015065900201275
0.09343346726398398       0.07904116551219646      0.9475547968794039
0.09554585428198742       0.08047399875256023      0.9729498972649072
0.09330186768737321       0.07576772861606858      0.946855402834586
0.09474596625785735       0.07306339242450553      0.9679072562158589
0.09399670285019814       0.06969520688248294      0.9865931111519655
0.10458595905899254       0.043211105602362194     1.3716428230844713
0.11152803402911399       0.04097589615742779      1.3998572519648478
0.09235275596560992       0.06467516342734203      1.0331707712327003
0.11592744249966781       0.0373163249065468       1.402994001725342
0.115358234322762         0.04267781256375644      1.421327389182799
0.11200788645672563       0.0466967507363658       1.3663613477190306
0.10772599873591304       0.05092760798744194      1.285424225702495
0.09705501807896003       0.08219376924844493      0.9958545870134662
0.09609844162123604       0.07795347959413335      0.967844576415926
0.09788157023972903       0.08009335518625961      0.9837339055207964
0.0967149818333919        0.07511594606600906      0.9723880865749631
0.09733092278289619       0.07169023097995308      0.9881876477339525
0.09827811567774462       0.0665324625542105       1.0325054283691002
0.10084470835999515       0.052756324463953515     1.2357967955187266
0.09627486222555381       0.05957530365893022      1.1202354059180548
0.10652590985472313       0.055617432748429695     1.2057592368774794
0.11207232133844791       0.051947664827887374     1.3001363074936874
0.11031920734659398       0.05533636954565305      1.23088092872283
0.09882529674074318       0.07758555229137555      0.9794713812679
0.09990882460725152       0.07461589976829638      0.9833937866692842
0.10107853635830857       0.07109965317762879      0.9971001731331528
0.1029287199032392        0.0679430978552762       1.017020367141443
0.103819075853902         0.061332292993309556     1.1040282705073716
0.10900011258384462       0.0586885894517316       1.1621065833746804
