% Model:              
% Version:            COMSOL 5.2.1.229
% Date:               Jan 18 2018, 12:42
% Dimension:          2
% Nodes:              458
% Expressions:        6
% Description:        Magnetic flux density, x component, Magnetic flux density, y component, Magnetic field, x component, Magnetic field, y component, Remanent flux density, x component, Remanent flux density, y component
% Length unit:        m
% x                       y                        mfnc.Bx (T)              mfnc.By (T)              mfnc.Hx (A/m)            mfnc.Hy (A/m)            mfnc.Brx (T)             mfnc.Bry (T)
0.0740760362970252        0.05111497673404347      -0.9832396848357257      0.691622997495716        -768819.3317207153       -536601.839374418        0.03119352424235199      1.3996524440179217
0.07330534718911608       0.05221423248007342      -0.7574573748436171      0.8372667369383054       -597703.2807780929       -426221.2628854841       0.03119352424235199      1.3996524440179217
0.07274222490043149       0.051156879475503035     -0.7040062713537153      0.653650403423928        -557193.7220441198       -565380.5348436898       0.03119352424235199      1.3996524440179217
0.07483226510722907       0.05000132097176419      -1.4972860497744451      0.22825912282014366      -1158405.141046513       -887776.3684450411       0.03119352424235199      1.3996524440179217
0.07352839607682704       0.0503459817911763       -0.8246670771866924      0.45360029654838624      -648640.2157858803       -716994.6461546633       0.03119352424235199      1.3996524440179217
0.07361906186256706       0.04919068448022666      -0.6375329595088054      0.2087983076321276       -506814.8831688511       -902525.3443201393       0.03119352424235199      1.3996524440179217
0.07251973330397851       0.05329998387917046      -0.614382955002956       0.9258278340856886       -489269.9419797769       -359102.5182347812       0.03119352424235199      1.3996524440179217
0.07196589067864925       0.05223532153911076      -0.5861101824815944      0.7952677918720455       -467842.55387650355      -458051.45198996126      0.03119352424235199      1.3996524440179217
0.07171150505746225       0.05438253435059429      -0.5066356152636264      0.9930191049794507       -407610.31472017633      -308179.5520663583       0.03119352424235199      1.3996524440179217
0.07116250576526259       0.05332853458935229      -0.48600754217228664     0.8908243941591535       -391976.6966299494       -385630.9491372968       0.03119352424235199      1.3996524440179217
0.07087826419340892       0.05546414756335239      -0.41796564746357756     1.0497239263124312       -340409.0591050479       -265204.06343642226      0.03119352424235199      1.3996524440179217
0.07029528436876324       0.05427367204496919      -0.3995274342494913      0.9532485425600649       -326435.09351074253      -338320.8930120249       0.03119352424235199      1.3996524440179217
0.07002186161793032       0.05654147942492677      -0.341680959204583       1.1003222547848102       -282594.3675876991       -226856.5677765815       0.03119352424235199      1.3996524440179217
0.06951483458921846       0.05524302026642025      -0.3307766435728755      1.0101199379428472       -274330.1974266492       -295219.16112772335      0.03119352424235199      1.3996524440179217
0.06914791881714569       0.05760699022911572      -0.2744246338186162      1.146865442421048        -231622.0978763965       -191582.3850167679       0.03119352424235199      1.3996524440179217
0.06874848421411231       0.056270509303091784     -0.26944758031727206     1.0648962520929581       -227850.08517748342      -253705.25083560546      0.03119352424235199      1.3996524440179217
0.07214236188088378       0.04820398509785007      -0.4215091233305616      0.32640421804528974      -343094.5910096067       -813394.0968007231       0.03119352424235199      1.3996524440179217
0.07200928901488761       0.04972584499299419      -0.5372530121114238      0.475987568305535        -430814.6483055725       -700027.7653808928       0.031193524242351993     1.3996524440179219
0.06825711825716063       0.05865974605492244      -0.2139453049868454      1.190901704053002        -185785.98293136552      -158208.1530452751       0.03119352424235199      1.3996524440179217
0.0679887362405475        0.057358543469720864     -0.21375328460901336     1.1188152501581758       -185640.45439657345      -212841.08384207345      0.03119352424235199      1.3996524440179217
0.07033378798194018       0.04699553465347754      -0.2448979431729028      0.3767305541500679       -209244.38945063215      -775252.7389017729       0.03119352424235199      1.3996524440179217
0.07015208076893031       0.04888011864527416      -0.32403396350486335     0.5004720551042176       -269220.05046230956      -681471.4458424234       0.03119352424235199      1.3996524440179217
0.06735708071030914       0.059691068663451634     -0.15890924404425197     1.2332175644960384       -144075.21556317247      -126137.77989910368      0.03119352424235199      1.3996524440179217
0.06707236715214515       0.058271854041690725     -0.15643220287432266     1.1592229925189654       -142197.9139134754       -182216.83652824754      0.03119352424235199      1.3996524440179217
0.0664517381043514        0.06069733522083727      -0.10826547871070234     1.274401814321912        -105693.28418402774      -94925.03257853565       0.03119352424235199      1.3996524440179217
0.06603428352717672       0.05920059910308724      -0.09715705352358361     1.1993536984038233       -97274.4233340446        -151802.54980757058      0.03119352424235199      1.3996524440179217
0.06818120968459324       0.04555722781874162      -0.0932285871435224      0.39453513464395046      -94297.11455710621       -761758.9913052063       0.03119352424235199      1.3996524440179217
0.06796611061359904       0.04779485026321463      -0.15059938461504377     0.5090868525155111       -137777.33363670923      -674942.4573103156       0.03119352424235199      1.3996524440179217
0.049056707125850155      0.032778643748156526     0.8962201085398389       0.44514133324604926      655586.9371278244        -723405.5310260912       0.03119352424235199      1.3996524440179217
0.051117287190192366      0.03415547932887236      0.6430169153736012       0.20738817695208933      463689.1285608779        -903594.0551207755       0.03119352424235199      1.3996524440179217
0.04940542860934814       0.03506824781119785      0.6442259384971897       0.34026173177952324      464605.42382959946       -802891.7548494512       0.03119352424235199      1.3996524440179217
0.0477206314049542        0.03469497569263453      0.5856082180705199       0.4697083351653777       420180.1859311078        -704786.6748717617       0.03119352424235199      1.3996524440179217
0.06553806211726414       0.06168275621203732      -0.06092474400810421     1.315192589161986        -69814.65591012049       -64010.492348315056      0.03119352424235199      1.3996524440179217
0.06507911643655662       0.060212820031145836     -0.04532358536558693     1.2441914518093375       -57990.839167656355      -117820.88270460379      0.03119352424235199      1.3996524440179217
0.06460133674031213       0.06266312545161468      -0.015757287432579304    1.3566437377378093       -35583.113144009454      -32595.467621273023      0.03119352424235199      1.3996524440179217
0.06425430245820996       0.061325146951076076     -0.0024986216394695545   1.2944839890861488       -25534.626478405447      -79705.14028442324       0.03119352424235199      1.3996524440179217
0.06363961030678927       0.06363961030678926      0.02734660259547589      1.4002445744260479       -2915.507598988316       448.76419718236593       0.03119352424235199      1.3996524440179217
0.06361933024621734       0.062231515626870675     0.028565998175515077     1.3358213538929913       -1991.3512459042875      -48376.350077747324      0.03119352424235199      1.3996524440179217
0.06563348921839662       0.04385489542783925      0.0500089914943705       0.38901380873500907      14259.879141630605       -765943.497547251        0.03119352424235199      1.3996524440179217
0.06540471930339169       0.046539451939703505     0.006094796694193457     0.5063729851764557       -19021.840736219794      -676999.244938441        0.03119352424235199      1.3996524440179217
0.06269206311573318       0.04188949734102131      0.1890616188177898       0.364145529020893        119645.17908657024       -784790.6863219818       0.03119352424235199      1.3996524440179217
0.06260555507017808       0.045120738742906695     0.15015606421858474      0.48842488356098107      90159.41085706976        -690601.7644204333       0.03119352424235199      1.3996524440179217
0.0595260603234741        0.039774041907640945     0.3176589966096462       0.3247111469105479       217106.64739242676       -814677.242705963        0.03119352424235199      1.3996524440179217
0.059613309337371544      0.043227444369810776     0.2870787410151657       0.4445490748839534       193930.4624454022        -723854.3921971153       0.03119352424235199      1.3996524440179217
0.046306115989280174      0.036561504646107405     0.4610227025357123       0.3456907204703032       325759.23052626615       -798777.2292012245       0.03119352424235199      1.3996524440179217
0.048244972231035466      0.03683301233628629      0.5572784215587352       0.33971023590979027      398709.58044711704       -803309.7229149883       0.03119352424235199      1.3996524440179217
0.05650753352960605       0.03775712678599128      0.4251501289472858       0.28056977329254         298572.1000118574        -848131.1370210684       0.03119352424235199      1.3996524440179217
0.05665509144062727       0.041121655868577835     0.4044844818462181       0.3867985418664482       282910.00530553533       -767622.4055110565       0.03119352424235199      1.3996524440179217
0.05364611281653177       0.03584518659141524      0.5234137263176065       0.2398348442529307       373044.1821427064        -879003.3527979798       0.03119352424235199      1.3996524440179217
0.050917193822017724      0.03688931908135029      0.5746349042009086       0.30358685522857076      411863.7233385006        -830686.9352797803       0.031193524242351993     1.3996524440179219
0.05373676439961382       0.03897281391730025      0.5004016165325699       0.32860295212026364      355603.74869860196       -811727.7187217865       0.03119352424235199      1.3996524440179217
0.06256485071942143       0.06256485071942142      0.07813596175703381      1.3514313845390393       35576.76652973352        -36545.809415202115      0.03119352424235199      1.3996524440179217
0.044818639053036         0.03837042602622073      0.42610900495599574      0.16122516233073755      299298.813614707         -938580.1120970211       0.03119352424235199      1.3996524440179217
0.04676030649726995       0.038663877925521006     0.5437760865898223       0.2587709989411781       388476.4216205215        -864652.0069799448       0.03119352424235199      1.3996524440179217
0.0612536229728643        0.06125362297286428      0.14149779676058508      1.2883799056781375       83597.47721634428        -84331.30717694818       0.03119352424235199      1.3996524440179217
0.0628389606811339        0.06105405396605866      0.06447944060143183      1.2793192882595612       25226.75297090925        -91198.17407995263       0.03119352424235199      1.3996524440179217
0.04326063856416143       0.04011878800538457      0.4145472225500928       -0.19764782555315516     290536.36208683864       -1210563.0166869229      0.03119352424235199      1.3996524440179217
0.04530731467222262       0.04032256334663825      0.6377667393981973       0.11834649646370883      459710.12161522155       -971077.0246014181       0.03119352424235199      1.3996524440179217
0.05965318971592108       0.05965318971592106      0.22072481947998138      1.2094023020556406       143642.1071794196        -144186.90722491356      0.03119352424235199      1.3996524440179217
0.06187554000717737       0.059156137355780285     0.10996735479133217      1.1852525621506567       59701.16437215975        -162489.52855949342      0.031193524242351993     1.3996524440179219
0.0417193000900063        0.0417193000900063       1.8045574711998593       -0.8127388581151642      1343998.276472576        -1676728.6275618833      0.03119352424235199      1.3996524440179217
0.043925920719975683      0.04156158996817548      0.8223831635806272       -0.06325240451975804     599627.3429703828        -1108707.323418439       0.03119352424235199      1.3996524440179217
0.05774273979930028       0.057742739799300266     0.31583795300351586      1.1143505238478857       215726.51362337187       -216224.81366033596      0.03119352424235199      1.3996524440179217
0.0601515848585635        0.05707290759676634      0.19592461094209276      1.0804422356201686       124846.508234111         -241923.25024712586      0.03119352424235199      1.3996524440179217
0.055477782923300356      0.055477782923300335     0.42665274535609155      1.0034833769915095       299710.9039596308        -300248.8824636089       0.03119352424235199      1.3996524440179217
0.058309226640709165      0.05459385177945259      0.2896944779830063       0.9587744023739454       195912.8789609262        -334132.9506110158       0.03119352424235199      1.3996524440179217
0.043354347464749005      0.04335434746474899      1.192298044768415        0.2129863187353623       879978.685181276         -899351.3316115509       0.03119352424235199      1.3996524440179217
0.05285701930302895       0.05285701930302893      0.5506098610771754       0.8795523700639517       393655.6072854621        -394173.7984392126       0.03119352424235199      1.3996524440179217
0.056010936519427325      0.05196704555739126      0.4039124513287375       0.8360200479110463       282476.4744271712        -427166.10441494436      0.03119352424235199      1.3996524440179217
0.0502145524777388        0.05021455247773879      0.6733101404380454       0.7567973457812665       486647.7786142188        -487207.4598866173       0.03119352424235199      1.3996524440179217
0.05334866258916266       0.04935760618066434      0.5285284930757023       0.7183112203471866       376920.565058483         -516375.35085465806      0.03119352424235199      1.3996524440179217
0.04543170425514369       0.04543170425514367      0.9407879528658286       0.48580337754512204      689364.0453536878        -692588.5531860004       0.03119352424235199      1.3996524440179217
0.04597176516562586       0.042637173942224785     0.8173718921649498       0.27241463703972285      595829.3971752392        -854311.7572411814       0.031193524242351993     1.3996524440179219
0.04783534675828037       0.047835346758280356     0.7901966042107887       0.6397697732722608       575233.7714235706        -575900.3962811575       0.03119352424235199      1.3996524440179217
0.050757464306628704      0.046947446888170576     0.642851733067027        0.604061217282554        463563.94008181803       -602963.2210260887       0.03119352424235199      1.3996524440179217
0.048312267752990516      0.04471050044561928      0.7441350653129625       0.47410162324907407      540324.620937815         -701457.0867053474       0.03119352424235199      1.3996524440179217
0.07154637857818981       0.05122473184953224      -0.5381317754018679      0.6757141755055887       -431480.6460269146       -548658.8282244077       0.03119352424235199      1.3996524440179217
0.07061598026654729       0.05207402060051192      -0.4462237717501993      0.7693399328094279       -361825.3455941954       -477701.6754833213       0.03119352424235199      1.3996524440179217
0.07005605499154503       0.05326058895374974      -0.3932182341183757      0.871346135285078        -321653.4726163469       -400393.14524507144      0.03119352424235199      1.3996524440179217
0.06895754857920966       0.05393873474917852      -0.30554837549954933     0.9150459183797451       -255210.18042894776      -367273.923856691        0.03119352424235199      1.3996524440179217
0.06755528733016872       0.05612372157894087      -0.20027676358811264     1.044755153111397        -175426.8594624868       -268969.80065569404      0.03119352424235199      1.3996524440179217
0.06818672521213603       0.0549720535429307       -0.2473071193604189      0.9790391039429901       -211070.25754121543      -318774.72477770346      0.03119352424235199      1.3996524440179217
0.07018013569562628       0.05053928719420176      -0.38534276342238694     0.633665793931121        -315684.8055190041       -580526.484303411        0.03119352424235199      1.3996524440179217
0.06698943175286742       0.05713216432606935      -0.16072110242108523     1.0976553783977023       -145448.388024389        -228877.74187002573      0.03119352424235199      1.3996524440179217
0.06634087281653225       0.05616128865474843      -0.13027697894467286     1.039862881855432        -122375.37497976497      -272677.55852870946      0.03119352424235199      1.3996524440179217
0.06884428141621532       0.052137286849781375     -0.2977885909751848      0.7826937740303689       -249329.18964618296      -467581.057199621        0.031193524242351993     1.3996524440179219
0.06745414738068173       0.05348446262266588      -0.20481155268281545     0.8802334320322757       -178863.68851154004      -393657.6347305905       0.03119352424235199      1.3996524440179217
0.06688833210612824       0.05477711367102384      -0.16756445134601552     0.9609280556587455       -150634.82997060454      -332500.73839205364      0.03119352424235199      1.3996524440179217
0.06827961381670088       0.05005177005895628      -0.22750370577349235     0.6395357666769604       -196061.63295810795      -576077.7453590535       0.03119352424235199      1.3996524440179217
0.06578730130504118       0.05755038570771674      -0.09346958341146747     1.11305018351898         -94479.76097286885       -217210.31647484587      0.031193524242351993     1.3996524440179219
0.06472271811675075       0.0586199399635177       -0.033845489775616376    1.163921112931536        -49291.81226087018       -178656.22182871643      0.03119352424235199      1.3996524440179217
0.065659627949236         0.05516024635328         -0.09430521109744494     0.9808785916624181       -95113.06705290577       -317380.61257149494      0.03119352424235199      1.3996524440179217
0.06516525645575197       0.05622410029145976      -0.0648907099365342      1.039169593279512        -72820.38487032846       -273202.9885470277       0.03119352424235199      1.3996524440179217
0.06636648918319635       0.05161214376920548      -0.12577343156374063     0.7668740823957679       -118962.22342203201      -479570.4958750317       0.03119352424235199      1.3996524440179217
0.06556632959246463       0.05358398396202168      -0.08864439108880133     0.8897306290530457       -90822.84092752893       -386459.89258119446      0.03119352424235199      1.3996524440179217
0.06543446987474963       0.049318927529265665     -0.04363244633428801     0.645856520373174        -56709.15756629035       -571287.368240869        0.03119352424235199      1.3996524440179217
0.06405959642701185       0.057173634560211635     -0.0037166880049198784   1.0875386188908347       -26457.77544543115       -236545.0384585491       0.03119352424235199      1.3996524440179217
0.06369620973668372       0.05979228453641053      0.020735954973915744     1.2193517591316825       -7925.589722845354       -136646.40591666257      0.03119352424235199      1.3996524440179217
0.06340662072027374       0.058385608950884606     0.03221866897743304      1.1485091497742235       776.9373903465778        -190336.65096793772      0.03119352424235199      1.3996524440179217
0.06392480658459203       0.05506865610097702      0.0017051126847556968    0.9752291480133088       -22348.697444379177      -321662.2167737563       0.031193524242351993     1.3996524440179219
0.06353510780640348       0.05195419057726414      0.03291018589937989      0.8075267785919154       1301.024706344353        -448760.6027815556       0.031193524242351993     1.3996524440179219
0.06268847693607878       0.048480503086151434     0.10593224054581245      0.6374641644612432       56643.02923827886        -577647.7726578703       0.03119352424235199      1.3996524440179217
0.05960683069212355       0.04682883670933582      0.2603525211276579       0.5894106226174235       173675.17670607942       -614066.6236936663       0.03119352424235199      1.3996524440179217
0.05666071514875016       0.04462832089924465      0.39245846521371086      0.5140113065031882       273795.7196256835        -671210.3087666612       0.03119352424235199      1.3996524440179217
0.048922747942440205      0.03930142728423256      0.586676544406146        0.3149947933067795       420989.84982229903       -822041.0793958128       0.03119352424235199      1.3996524440179217
0.053886165904947964      0.04237018733147907      0.4965085159540082       0.4325516135680176       352653.2429794019        -732947.0363541868       0.03119352424235199      1.3996524440179217
0.05132207670116164       0.04026153596482915      0.5630336959902483       0.3579118243210866       403071.3917548584        -789515.090687455        0.03119352424235199      1.3996524440179217
0.062288389741819744      0.05686397344702379      0.08764347004959176      1.069613439826308        42782.32339281821        -250130.18538200995      0.03119352424235199      1.3996524440179217
0.061180477880436956      0.054461194772053106     0.1464491685819644       0.9472668220686576       87350.0262661464         -342854.3234139372       0.03119352424235199      1.3996524440179217
0.059584704593305955      0.051153924821174555     0.23675800499884245      0.7878878939469185       155793.34874530596       -463644.5340580451       0.031193524242351993     1.3996524440179219
0.05648822306705685       0.04836208833672681      0.38935418941544087      0.6704583834059323       271443.0489684682        -552642.0915221391       0.03119352424235199      1.3996524440179217
0.047135531820799145      0.04058136227203533      0.6455907178962241       0.2595584200216804       465639.7637704867        -864055.2357549131       0.03119352424235199      1.3996524440179217
0.05371074101811422       0.04589033251660143      0.5101984305359962       0.5667418634390704       363028.56477096956       -631246.8383460217       0.03119352424235199      1.3996524440179217
0.04874962028855406       0.04199637402924365      0.6588861088239981       0.36077001950686854      475716.0837061742        -787348.9197725091       0.03119352424235199      1.3996524440179217
0.05112321509213896       0.04367634546332311      0.6033711314729949       0.46383790041279543      433642.3548440467        -709235.7639621041       0.03119352424235199      1.3996524440179217
0.08180489457023458       0.033884696799492325     0.25073080248317314      0.07212620247423922      -683372.043224753        -547807.048456986        1.152418970561856        0.7949405740614527
0.0831491579260158        0.03444150891285807      -0.20451405704875902     0.15431822795811667      -1028393.3275660983      -485515.3001784425       1.152418970561856        0.7949405740614527
0.08188438320796677       0.03505410495272146      0.1747818151364313       0.21104256162141585      -740932.3135059805       -442525.0235303088       1.152418970561856        0.7949405740614527
0.08262489706894799       0.03568089663035037      0.10939121280551552      0.3398501105243803       -790490.587757036        -344904.27059955726      1.152418970561856        0.7949405740614527
0.08207781579108588       0.03692197387687416      0.23131477709286752      0.38050858382358416      -698087.0737774428       -314089.9991512804       1.152418970561856        0.7949405740614527
0.08131068269440718       0.036002682887646555     0.2373566559301602       0.2977471433580519       -693508.0505273598       -376813.29604411405      1.152418970561856        0.7949405740614527
0.0815077167401653        0.0381640159286857       0.29839436705783223      0.39585185608864304      -647248.748427435        -302461.62951228564      1.152418970561856        0.7949405740614527
0.0807842322641046        0.037200279755186964     0.293295518251578        0.3471607178399865       -651113.0674350235       -339363.70254583115      1.152418970561856        0.7949405740614527
0.0809163329618037        0.039402373786543904     0.34021063537753765      0.4005249928084628       -615557.0065001106       -298919.9494708401       1.152418970561856        0.7949405740614527
0.08024360753541011       0.038372022608965835     0.3313352628254838       0.37057644817533825      -622283.479897451        -321617.3728840307       1.152418970561856        0.7949405740614527
0.08030419562799287       0.040635405307946085     0.36624574746343397      0.39834390663135616      -595825.4980123871       -300572.952548916        1.152418970561856        0.7949405740614527
0.07966126831079481       0.039532401206088384     0.3569239767528318       0.38185517123108315      -602890.2879502994       -313069.44656933396      1.152418970561856        0.7949405740614527
0.08016643234307104       0.03320602352356516      0.36939456202396476      0.13924926908318128      -593439.0722876813       -496935.77299841604      1.152418970561856        0.7949405740614527
0.08032929955819385       0.03480068856942292      0.30468600277639135      0.2163013797835887       -642480.439261996        -438539.46683825523      1.152418970561856        0.7949405740614528
0.0796747094385055        0.041856190413004965     0.3799186648508212       0.3903637715134571       -585463.0580662452       -306620.9427896534       1.152418970561856        0.7949405740614527
0.07899230637166911       0.040703860409075095     0.3716623393750685       0.3855972679939929       -591720.367643586        -310233.3837248326       1.152418970561856        0.7949405740614527
0.07903464754409721       0.043052578175764696     0.3823385375014838       0.3767611557801444       -583629.083332884        -316930.10247030243      1.152418970561856        0.7949405740614527
0.07834804243893378       0.04191146667643502      0.37506755254530705      0.38423011841703003      -589139.6223658473       -311269.5199777833       1.152418970561856        0.7949405740614527
0.07838453464516247       0.044225159450942936     0.37315606800500795      0.356757017242743        -590588.2995717158       -332090.8526156477       1.152418970561856        0.7949405740614527
0.0777632227011143        0.04305194192186062      0.36764940948496516      0.37790411850032773      -594761.6896830677       -316063.87310512655      1.152418970561856        0.7949405740614527
0.07815759607015726       0.03237393629473725      0.45720691670623986      0.18354917207503985      -526887.7850866202       -463361.7323334364       1.152418970561856        0.7949405740614527
0.07828089425534313       0.03425309752488963      0.4064069290476793       0.23506552202840503      -565388.1143478927       -424318.4859280554       1.152418970561856        0.7949405740614527
0.07771491463289777       0.045391541542465975     0.3496724897814931       0.32789991219563625      -608386.049837228        -353961.09505169117      1.152418970561856        0.7949405740614527
0.07714694748065432       0.04415422753712896      0.3480625341321349       0.3669157967140861       -609606.2041217713       -324391.70990781573      1.152418970561856        0.7949405740614527
0.0770208539292093        0.046559510951205266     0.3052210647947619       0.2851238489320879       -642074.9260949275       -386380.24702505         1.152418970561856        0.7949405740614527
0.07640484313940671       0.04524931650629406      0.3089082984739615       0.354001182117361        -639280.4429216915       -334179.44681827066      1.152418970561856        0.7949405740614527
0.07576598740277671       0.031383299548819174     0.5304383784991004       0.21967537548187688      -471387.074923863        -435982.38067942974      1.152418970561856        0.7949405740614527
0.07595112659596955       0.03369024313519955      0.4802471176693206       0.26500032560635894      -509426.06188135856      -401631.4765951205       1.152418970561856        0.7949405740614527
0.07293517374679745       0.030210738139961606     0.6022956015547972       0.250228204722642        -416927.87375161983      -412826.9816360471       1.152418970561856        0.7949405740614527
0.07326551692784564       0.032956733797979754     0.5504785466130522       0.2966917017915847       -456199.0186584915       -377613.19481767545      1.152418970561856        0.7949405740614527
0.054508892418165915      0.022578322509540293     1.1196521850185672       0.4308649998796826       -24833.313754506875      -275925.84423832735      1.152418970561856        0.7949405740614527
0.05679947192857839       0.02352711160844706      0.9892271686621997       0.2633357381687529       -123679.91402096969      -402893.03525656665      1.152418970561856        0.7949405740614527
0.05524626037029571       0.024780388153042163     0.9911984575160236       0.33344541424683494      -122185.91228121714      -349758.2661784792       1.152418970561856        0.7949405740614527
0.053581916460252774      0.024697737314306616     0.9696708757014602       0.37654850197898987      -138501.25065551698      -317091.2686780216       1.152418970561856        0.7949405740614527
0.07557413031137451       0.048872802535555336     0.054290907348537        0.09599972995643276      -832250.0448015667       -529713.7631815987       1.152418970561856        0.7949405740614527
0.07483226510722907       0.05000132097176419      -0.5275163580043164      -0.15950607827370317     -1273190.5315048269      -723356.6792221512       1.152418970561856        0.7949405740614527
0.07455976804185534       0.04865822515104651      -0.07300808347833092     0.32804526163474557      -928727.4907096898       -353850.9375197394       1.152418970561856        0.7949405740614527
0.07630415908088276       0.047724996667986644     0.22430107002702152      0.21773091731041908      -703402.6268675759       -437456.0479633485       1.152418970561856        0.7949405740614527
0.0750036015799383        0.047655986896334476     0.11317720888590388      0.3137658498988747       -787621.2544678914       -364673.0278159692       1.152418970561856        0.7949405740614527
0.07566811055257606       0.046424402297367634     0.23888019161217158      0.33616843241242816      -692353.3922665551       -347694.5433157021       1.152418970561856        0.7949405740614527
0.0525699160153797        0.0267843971396768       0.9586011315243707       0.3374613576168934       -146890.79591526245      -346714.6602807557       1.152418970561856        0.7949405740614527
0.05466255441243028       0.026642333397222134     0.967635963360778        0.3497097445949895       -140043.47140684212      -337431.8444118681       1.152418970561856        0.7949405740614527
0.06966648422071918       0.0288568026070731       0.6788963622461122       0.272808578062397        -358873.63704389543      -395713.7529032735       1.152418970561856        0.7949405740614527
0.07014710982468582       0.031908142805871544     0.6289923137020336       0.3241832725161799       -396694.9513586002       -356777.8644644385       1.152418970561856        0.7949405740614527
0.0661471313396772        0.02739903891296869      0.7589246784758611       0.28345543463518896      -298221.72220920067      -387644.70598922455      1.152418970561856        0.7949405740614527
0.06688961036945243       0.030584387410903482     0.7121190293332499       0.33865499972388674      -333694.819474303        -345810.02198737185      1.152418970561856        0.7949405740614527
0.06279159186044389       0.0260091289515919       0.8344308199372          0.2820056912847075       -240997.0762693532       -388743.43846752803      1.152418970561856        0.7949405740614527
0.06375072035037106       0.029105716004653656     0.7919948645513344       0.3383474553503505       -273158.4670526276       -346043.1039267452       1.152418970561856        0.7949405740614527
0.059610712734186444      0.02469156567722658      0.9088325872845089       0.2732500961651235       -184609.41413555606      -395379.1348627331       1.152418970561856        0.7949405740614527
0.05740452468491971       0.026488314273634947     0.9398129773583861       0.3289180672449374       -161129.97499663875      -353189.45500916615      1.152418970561856        0.7949405740614528
0.06048652902666204       0.027886560252058355     0.8696587068843135       0.3360119538195181       -214298.5413059457       -347813.1354183197       1.152418970561856        0.7949405740614527
0.07361906186256706       0.04919068448022666      -0.16601028089690675     0.574996996093708        -999212.0594600454       -166690.98873754404      1.152418970561856        0.7949405740614527
0.05147669279596988       0.02882967392790534      1.0059327629367871       0.30487145094348483      -111019.06684912089      -371413.9209568344       1.152418970561856        0.7949405740614527
0.053609384187032115      0.02867402917913498      0.9859319375022895       0.3545941911408614       -126177.30605777989      -333730.01673546986      1.152418970561856        0.7949405740614527
0.07214236188088378       0.04820398509785007      0.07272375250267486      0.6574382228478107       -818280.1475561928       -104210.37563051905      1.152418970561856        0.7949405740614527
0.07363094898424478       0.04767974505026834      0.06858607681319195      0.47423908749723626      -821416.0120271089       -243053.4611600671       1.152418970561856        0.7949405740614527
0.05030393588293603       0.03083040763086764      1.1213088577512365       0.28126555767991757      -23577.753495031287      -389304.37142824585      1.152418970561856        0.7949405740614527
0.05253722500507743       0.030709603799968052     1.048262358599332        0.3734669718094046       -78938.2840454292        -319426.7008626707       1.152418970561856        0.7949405740614527
0.07033378798194018       0.04699553465347754      0.250100024443646        0.7079110728752603       -683850.0977151556       -65957.97766002135       1.152418970561856        0.7949405740614527
0.0723809195115817        0.04604855782588591      0.2291771602584173       0.5548368531655731       -699707.1322804866       -181969.97159683824      1.152418970561856        0.7949405740614528
0.049056707125850155      0.032778643748156526     1.5708184582929494       0.37221737101523844      317096.8888548587        -320373.7491640188       1.152418970561856        0.7949405740614527
0.051284274651244376      0.03223478035199673      1.1333441684744474       0.42082237867124295      -14456.424003384123      -283536.95284272096      1.152418970561856        0.7949405740614527
0.06818120968459324       0.04555722781874162      0.4027296883676443       0.7253858020432314       -568175.0240201125       -52714.218011094104      1.152418970561856        0.7949405740614527
0.07031176534862381       0.04442401558544872      0.36375212476458446      0.6102312988214588       -597715.3664825206       -139987.59137793552      1.152418970561856        0.7949405740614527
0.06563348921839662       0.04385489542783925      0.5459768209832317       0.7201960007770293       -459610.7895462504       -56647.468131001886      1.152418970561856        0.7949405740614527
0.06816763806924449       0.04269519121854345      0.4830250178132978       0.621708865177114        -507320.74502740783      -131288.9655676129       1.152418970561856        0.7949405740614527
0.06269206311573318       0.04188949734102131      0.6848056186965489       0.6957037939390972       -354395.12573873036      -75209.6385380781        1.152418970561856        0.7949405740614527
0.0656476302107425        0.040731597398993076     0.603517451102205        0.612181205500195        -416001.8575840744       -138509.79477560808      1.152418970561856        0.7949405740614527
0.0595260603234741        0.039774041907640945     0.8131741079783635       0.6566236778768252       -257107.12761282665      -104827.70352815231      1.152418970561856        0.7949405740614527
0.0627097051908492        0.03854825618767202      0.7250891289624759       0.5866171589106747       -323865.0315296094       -157884.2918239589       1.152418970561856        0.7949405740614527
0.051117287190192366      0.03415547932887236      1.1222542970338938       0.5554494435084187       -22861.22332727816       -181505.70121038952      1.152418970561856        0.7949405740614527
0.05364611281653177       0.03584518659141524      1.0164560877054527       0.5741943615152827       -103043.64230295666      -167299.2899787482       1.152418970561856        0.7949405740614527
0.05356553848051053       0.03311078587209322      1.038095218664573        0.4769717081915876       -86643.7629869715        -240982.46072625183      1.152418970561856        0.7949405740614528
0.05650753352960605       0.03775712678599128      0.9203305633518765       0.6129947060309858       -175895.32019901383      -137893.25843902119      1.152418970561856        0.7949405740614527
0.05950359711613123       0.03651575739803659      0.8391333875967932       0.5564839337017005       -237433.0910872181       -180721.68107781396      1.152418970561856        0.7949405740614527
0.05635978105498572       0.03488917278359739      0.9406767258249359       0.5276219757830677       -160475.35672026034      -202595.60141143613      1.152418970561856        0.7949405740614527
0.0801938627278862        0.03635198016654709      0.30580940184825445      0.30218477691007883      -641629.0368079395       -373450.09930394485      1.152418970561856        0.7949405740614527
0.07942699959589025       0.03734913880684697      0.3413262267926324       0.33355688602638794      -614711.5213182857       -349673.78387023584      1.152418970561856        0.7949405740614527
0.07916511355811243       0.03858392630312715      0.3557456277507553       0.3624608192875919       -603783.3358949084       -327768.0512353842       1.152418970561856        0.7949405740614527
0.07834605684618244       0.03949681884298622      0.37267367016418823      0.3733913621605591       -590953.8995760173       -319484.00395485735      1.152418970561856        0.7949405740614527
0.07868105863411155       0.035961933928878455     0.3672363127847649       0.288218478122168        -595074.7676916955       -384034.8873458227       1.152418970561856        0.7949405740614527
0.07761956556760533       0.040790880007989916     0.3776731365576878       0.38475248687299857      -587164.9005791255       -310873.6270164372       1.152418970561856        0.7949405740614527
0.07701138805983614       0.042008097299456953     0.37087787454268883      0.3902587346815148       -592314.8983852764       -306700.5481754169       1.152418970561856        0.7949405740614527
0.07673781996189677       0.04314628202244526      0.3561516892228545       0.38694205855081776      -603475.5897497475       -309214.1929412994       1.152418970561856        0.7949405740614527
0.07770381813561245       0.03785865300140713      0.3853792718887591       0.3457188793100361       -581324.5694835299       -340456.44411336415      1.152418970561856        0.7949405740614528
0.07704698036969138       0.039554385370754036     0.3880386564800675       0.37682977324945666      -579309.0732773909       -316878.09861590475      1.152418970561856        0.7949405740614527
0.07650464057326485       0.035876816430843075     0.4311000896815624       0.30950860441750067      -546673.6449410132       -367899.5119222374       1.152418970561856        0.7949405740614527
0.07582622857238383       0.04397457302193957      0.3297108280835465       0.39547486905434354      -623514.607606544        -302747.34070271574      1.152418970561856        0.7949405740614527
0.07503057480595948       0.04505688487998999      0.282785032732           0.40579177007873607      -659078.7613623407       -294928.36072451615      1.152418970561856        0.7949405740614527
0.07601488021154594       0.04077420884454639      0.3871320557034374       0.39802863128728433      -579996.1684917322       -300811.8936415066       1.152418970561856        0.7949405740614527
0.07562047883403741       0.04248605489196726      0.36148969735702535      0.40926793635450925      -599430.0165077568       -292293.8414588083       1.152418970561856        0.7949405740614527
0.07523137105748441       0.038565277941488646     0.42458525639750483      0.38033782548863876      -551611.1112294768       -314219.4135945219       1.152418970561856        0.7949405740614528
0.07386319812944385       0.035613097058500826     0.4944174949571359       0.3423564946738625       -498686.606686916        -343004.7304725226       1.152418970561856        0.7949405740614527
0.07093050586740039       0.03493488209952581      0.5670702134085005       0.37538250379315324      -443624.5149221616       -317974.95617760293      1.152418970561856        0.7949405740614527
0.07424395109031624       0.0463067697343962       0.20062328830358656      0.4277987298857498       -721347.560213936        -278249.71103065467      1.152418970561856        0.7949405740614527
0.07430697316408807       0.04369968660798948      0.32819527871734316      0.44342997276649027      -624663.2131928825       -266403.09402522695      1.152418970561856        0.7949405740614527
0.0737080045199716        0.04497520432416968      0.27637513033201466      0.46808500392023256      -663936.7025608849       -247717.52221473763      1.152418970561856        0.7949405740614527
0.07360601433560182       0.04128047829382654      0.4002255632437256       0.4459467381208568       -570072.8520753138       -264495.68618356093      1.152418970561856        0.7949405740614528
0.07163861648222904       0.038412640365322416     0.49289179790390747      0.4371684821064491       -499842.9030092115       -271148.55683317594      1.152418970561856        0.7949405740614528
0.06893592621982916       0.03715140332888308      0.5757731996086399       0.45740988002039484      -437028.6898106724       -255807.99238986903      1.152418970561856        0.7949405740614527
0.05557130137201063       0.028424993353710706     0.9594032528265218       0.3654809154763015       -146282.88367623062      -325479.1786780216       1.152418970561856        0.7949405740614527
0.06719354534155113       0.034273457041216274     0.660079485723995        0.415839257104052        -373134.5842441087       -287313.56441151275      1.152418970561856        0.7949405740614528
0.06443267113971018       0.03196316709363761      0.7511751715056387       0.3947365826283188       -304094.9238322292       -303306.87372233236      1.152418970561856        0.7949405740614527
0.06141189704612804       0.031176218503163017     0.8277961872699878       0.40239868841567733      -246025.33619595203      -297499.91176732694      1.152418970561856        0.7949405740614527
0.05788295916215262       0.02997592094531057      0.9145885468908198       0.3930570488768133       -180247.083547072        -304579.7599063408       1.152418970561856        0.7949405740614528
0.07233936341599577       0.043746812772444806     0.3423194007363554       0.5159010748633643       -613958.8139730783       -211478.64578696538      1.152418970561856        0.7949405740614527
0.07064638054759188       0.04179252368451767      0.4386005456961381       0.5311254787634304       -540989.1942259509       -199940.364185427        1.152418970561856        0.7949405740614527
0.06858106069021647       0.03980936769094706      0.5360616198783948       0.5300254739384972       -467125.32891570294      -200774.0365916797       1.152418970561856        0.7949405740614527
0.06610182498001502       0.037592376527935324     0.6408431108969354       0.5140986465694217       -387713.4611055136       -212844.6713705352       1.152418970561856        0.7949405740614527
0.05498352403277167       0.030577945837810386     0.9801610343685443       0.40360600548734765      -130550.96205701835      -296584.90948239574      1.152418970561856        0.7949405740614527
0.06285611605466926       0.034835512304220204     0.7609065030539008       0.4809191644737668       -296719.7356476005       -237990.75986935667      1.152418970561856        0.7949405740614528
0.05906238654320308       0.03329043441909769      0.8725470793623705       0.4695923199295753       -212109.49960416768      -246575.1565305069       1.152418970561856        0.7949405740614527
0.056366761968634806      0.03236179169983554      0.9475433860111739       0.45429755971686436      -155271.24761944087      -258166.75982221254      1.152418970561856        0.7949405740614527
0.0879947493865718        0.018892434475059533     0.6255284002765402       0.037546774619065255     -575918.7703254685       -124194.41682116395      1.3854353150025032       0.20141744697000494
0.08769937613806375       0.02021928349359629      0.6513493169035328       0.03249942042257989      -556349.5964380895       -128019.70905881286      1.3854353150025032       0.20141744697000494
0.08675410570205484       0.019453024419792957     0.6446663527097652       0.02052133416820605      -561414.485894967        -137097.66923102562      1.3854353150025032       0.20141744697000494
0.08827067523629073       0.01755812898145154      0.5408177221437984       0.014450738750209385     -640119.3567897179       -141698.4562228598       1.3854353150025032       0.20141744697000494
0.08716504385263697       0.018390119578092886     0.6300537588395124       0.006979285565269921     -572489.0884942294       -147360.92625363506      1.3854353150025032       0.2014174469700049
0.08681896318877717       0.017269365501327048     0.6461182775077878       -0.024037699649423944    -560314.1001397147       -170868.10014281012      1.3854353150025032       0.20141744697000494
0.08738457349857746       0.021539180914596456     0.6606961935643586       0.023351004999175817     -549265.7791855149       -134953.11637354092      1.3854353150025032       0.20141744697000494
0.08648419214650978       0.020737161641315886     0.6534155702379152       0.02221342216585791      -554783.6229531035       -135815.26842639342      1.3854353150025032       0.20141744697000494
0.08704874801489015       0.022858597267552527     0.6616344316828661       0.012038476763260142     -548554.7066409542       -143526.66298122006      1.3854353150025032       0.20141744697000494
0.0861855473465929        0.0219763387427397       0.6550413825270257       0.01778571331536578      -553551.4512276204       -139170.94342700084      1.3854353150025032       0.20141744697000494
0.08669133172837912       0.024178771746309412     0.6564667146423372       -0.0011360646279963693   -552471.219552861        -153511.393387826        1.3854353150025032       0.20141744697000494
0.08584964794090673       0.023213992044689893     0.6512414802166733       0.010528532773424864     -556431.3237798056       -144671.0203610971       1.3854353150025032       0.20141744697000494
0.08506434316249015       0.01692034987804654      0.6708521527803049       -0.0041031635666874955   -541568.7738947646       -155760.1003532327       1.3854353150025032       0.20141744697000494
0.0855221393732848        0.01844273291777946      0.6546476120724295       0.007973053882790812     -553849.8822480609       -146607.76844400854      1.3854353150025032       0.20141744697000494
0.08631354431748872       0.02549454975779944      0.6457389368939197       -0.016276507196108292    -560601.5950626319       -164986.04231789248      1.3854353150025032       0.20141744697000494
0.0854273195637889        0.024484712994264895     0.641505454340789        0.0014865112095036233    -563810.0697046513       -151523.79382510463      1.3854353150025032       0.20141744697000494
0.08591832536817744       0.026796293884192236     0.6292910143452196       -0.033581193039646774    -573067.1578112902       -178100.92941623295      1.3854353150025032       0.20141744697000494
0.08503183924769812       0.025801497256723094     0.6261213924156305       -0.009865821849348774    -575469.3530390359       -160127.50773911364      1.3854353150025032       0.20141744697000494
0.08550607641429005       0.02808399715556159      0.6061421951835896       -0.053606744879455354    -590611.2006508798       -193277.90828979737      1.3854353150025032       0.20141744697000494
0.08467435790939343       0.02706242061953023      0.6055980735883152       -0.02286232620250959     -591023.5798962653       -169977.30731397495      1.3854353150025032       0.20141744697000494
0.08507347373355631       0.02936841955069943      0.5739275075359878       -0.0775832978761046      -615026.0900760096       -211449.27461228086      1.3854353150025032       0.20141744697000494
0.08424689714017547       0.028274601395696247     0.5773803734764876       -0.035911237058258424    -612409.2296842752       -179866.824764727        1.3854353150025032       0.20141744697000494
0.08292703603756572       0.016495213058010407     0.6872232743655546       0.01356425524079786      -529161.4171126174       -142370.3049490136       1.3854353150025032       0.20141744697000494
0.0834601727707667        0.0183317016975996       0.6699537166330948       0.018621950565195708     -542249.6812941976       -138537.17537029606      1.3854353150025032       0.20141744697000494
0.08461863398062981       0.03065431100599399      0.5281760156983047       -0.1076936834836855      -649700.2618845607       -234269.3541734692       1.3854353150025032       0.20141744697000494
0.08373199465305912       0.029465649501810614     0.5379671070742291       -0.047089105800739696    -642279.7828810237       -188338.31554376637      1.3854353150025032       0.20141744697000494
0.08038678937926419       0.015989926581479387     0.7015799734451426       0.03222206479363946      -518280.7522316684       -128229.91153186157      1.3854353150025032       0.20141744697000494
0.08111549065148228       0.018268537174867792     0.6805284679937843       0.03594376756704173      -534235.2815274288       -125409.30489802448      1.3854353150025032       0.20141744697000494
0.08414291110473766       0.031936977170988125     0.4588022019774301       -0.1482986823052325      -702277.3350979587       -265043.09834818245      1.3854353150025032       0.20141744697000494
0.08325691785817065       0.03076960638761315      0.4797211811583049       -0.06070378083304242     -686423.2449023745       -198656.61473415108      1.3854353150025032       0.20141744697000494
0.08365266605535615       0.03319987141286935      0.3332153096219514       -0.20999312497550268     -797457.2146499787       -311800.12459710176      1.3854353150025032       0.20141744697000494
0.08285297139651412       0.03210869538257261      0.3901327248379016       -0.0726694837931981      -754320.6052231579       -207725.189846904        1.3854353150025032       0.20141744697000494
0.0831491579260158        0.03444150891285807      -0.0350843429971901      -0.3005081622376449      -1076584.4063326656      -380399.72271337337      1.3854353150025032       0.20141744697000494
0.08260895145965351       0.03318299399878689      0.27454378417902553      -0.05556747003761507     -841923.2303308528       -194763.90400868194      1.3854353150025032       0.2014174469700049
0.07738121685771135       0.01539208103588606      0.7191602732161307       0.05121466882417827      -504956.9826621918       -113835.78384782677      1.3854353150025032       0.20141744697000494
0.07828263784635955       0.0178921563155603       0.6962694613303316       0.05722265725550779      -522305.48677177104      -109282.44548170765      1.3854353150025032       0.20141744697000494
0.07391349441405837       0.014702308155203478     0.7432054394077419       0.06795534743843949      -486733.6157247583       -101148.34693271985      1.3854353150025032       0.20141744697000494
0.0751522911088552        0.017559384433004453     0.7173506947892648       0.07933833950969535      -506328.4271933736       -92521.39714549975       1.3854353150025032       0.20141744697000494
0.07018697951290845       0.013961058254140173     0.7735080933736981       0.07821133904040355      -463767.81968911487      -93375.52902909345       1.3854353150025032       0.20141744697000494
0.07162215564689674       0.01691417461964652      0.7489587372328989       0.0967041595539051       -482373.30244878883      -79360.17761749832       1.3854353150025032       0.20141744697000494
0.06663468238869821       0.013254462423527565     0.8053086166211596       0.07951161493292115      -439666.8174617708       -92390.07504967724       1.3854353150025032       0.20141744697000494
0.06818110898587923       0.016129521342569186     0.7848574739988569       0.1039447782649761       -455166.34336756525      -73872.65257506682       1.3854353150025032       0.20141744697000494
0.08180489457023458       0.033884696799492325     0.23132844387083532      0.08782850831938811      -874675.3018901236       -86086.86222289385       1.3854353150025032       0.20141744697000494
0.06326720312739176       0.012584629151559196     0.8367369567258781       0.07238544190322323      -415847.88564825075      -97790.86392112759       1.3854353150025032       0.20141744697000494
0.06481021772337835       0.015420668354319994     0.8220997336110996       0.10253481364418704      -426941.15427613625      -74941.2375226062        1.3854353150025032       0.20141744697000494
0.08016643234307104       0.03320602352356516      0.3575596504696475       0.13489096501998302      -779007.1090203369       -50419.13547076067       1.3854353150025032       0.20141744697000494
0.08151928503827637       0.03240043951593914      0.36262869986369656      0.02993358603506636      -775165.3744115755       -129964.30537275545      1.3854353150025032       0.20141744697000494
0.06029161496278021       0.011992747865389421     0.8661921252966658       0.058454310310164036     -393524.38242136553      -108348.99942540874      1.3854353150025032       0.20141744697000494
0.06130043468064684       0.014469419246021204     0.8598427611610694       0.0893341132206487       -398336.44283884444      -84945.79335442239       1.3854353150025032       0.20141744697000494
0.07815759607015726       0.03237393629473725      0.4459548823023838       0.17886473477804923      -712014.0704873176       -17092.264883231448      1.3854353150025032       0.20141744697000494
0.07994303545719779       0.031006520780312342     0.4575606550794299       0.0915497740747212       -703218.2795069927       -83266.58679660883       1.3854353150025032       0.20141744697000494
0.07576598740277671       0.031383299548819174     0.5196967446222173       0.21494742138832892      -656126.5376253963       10254.106231348356       1.3854353150025032       0.20141744697000494
0.07753774728990535       0.029657180324440018     0.5299760879572984       0.14651578139818516      -648336.0218943635       -41608.91171301544       1.3854353150025032       0.20141744697000494
0.05786633154379059       0.011510328998951566     0.9112009964585756       0.08804581200391036      -359413.02847658365      -85922.17195839959       1.3854353150025032       0.20141744697000494
0.05904920870335169       0.013436920272875057     0.8795003567554792       0.0761238244414894       -383438.33089526446      -94957.61601573003       1.3854353150025032       0.2014174469700049
0.05737064448572931       0.01376986388066553      0.883214571982418        0.07892080557231007      -380623.398928243        -92837.83805046875       1.3854353150025032       0.20141744697000494
0.05678517648290588       0.016013860615268074     0.9019767013831542       0.07675214818253379      -366403.9435136861       -94481.42159073381       1.3854353150025032       0.20141744697000494
0.0588179129178576        0.015468928452645072     0.8856624465178706       0.09126205552968264      -378768.20210735704      -83484.6431235712        1.3854353150025032       0.20141744697000494
0.07293517374679745       0.030210738139961606     0.5916327303549226       0.2456916069453713       -601607.6437418339       33554.530530099524       1.3854353150025032       0.20141744697000494
0.07494658502925151       0.028204898049209955     0.5939544496933222       0.18019379047293707      -599848.0575076512       -16084.999247584608      1.3854353150025032       0.20141744697000494
0.06966648422071918       0.0288568026070731       0.6681343463973387       0.26828609413407795      -543628.5468481731       50678.45587633364        1.3854353150025032       0.20141744697000494
0.07202737933856146       0.02685884370968411      0.6551920305877422       0.20554056321943256      -553437.2779727144       3124.8301525662732       1.3854353150025032       0.20141744697000494
0.0661471313396772        0.02739903891296869      0.7478927511716101       0.2790244640491292       -483181.1926912705       58816.85898457033        1.3854353150025032       0.20141744697000494
0.06881390154046689       0.025453764081761133     0.7197425612321906       0.2204180003324235       -504515.67782381526      14400.152329096416       1.3854353150025032       0.20141744697000494
0.059610712734186444      0.02469156567722658      0.8975082389459228       0.2704730601392699       -369790.5048703807       52335.91516252529        1.3854353150025032       0.20141744697000494
0.05679947192857839       0.02352711160844706      0.9745014591838373       0.2705577937777738       -311438.8306540612       52400.13315021122        1.3854353150025032       0.20141744697000494
0.05893994192135665       0.021718493592411972     0.9263892492060258       0.19803340601557487      -347902.1451352229       -2564.6992643950507      1.3854353150025032       0.20141744697000494
0.06279159186044389       0.0260091289515919       0.8233113524714794       0.27784176591450577      -426022.8917486467       57920.51491642324        1.3854353150025032       0.20141744697000494
0.06547208569765633       0.02406670156493183      0.7857443396818473       0.22411828298289516      -454494.20499943895      17204.52506557138        1.3854353150025032       0.20141744697000494
0.06212510377187916       0.022914545206024442     0.8528123837892784       0.2197160063663822       -403664.63003180595      13868.124663781375       1.3854353150025032       0.20141744697000494
0.05611197294834131       0.01823311525342321      0.9452008707883574       0.08216826100656784      -333645.180552355        -90376.65431316989       1.3854353150025032       0.20141744697000494
0.05809490304647886       0.017705538894312884     0.9116727333099589       0.1071085673301012       -359055.50823022035      -71474.87796261565       1.3854353150025032       0.20141744697000494
0.05535207401292603       0.020424198943105695     1.0245832694589672       0.1036252744773493       -273482.79415750224      -74114.79832334009       1.3854353150025032       0.20141744697000494
0.05737443089361587       0.019823261028664534     0.9532936264094324       0.13553855850608965      -327511.83740793203      -49928.336878246475      1.3854353150025032       0.20141744697000494
0.054508892418165915      0.022578322509540293     1.2054193987923179       0.20193452897893896      -136430.58523841645      391.8864652654156        1.3854353150025032       0.20141744697000494
0.05658192140940441       0.021592341654968025     1.0004067366461473       0.18774313950782653      -291805.72131932934      -10363.493456971832      1.3854353150025032       0.2014174469700049
0.08571212239587928       0.020027137410232036     0.6525457233857341       0.019160218801171747     -555442.8630781395       -138129.23227284395      1.3854353150025032       0.2014174469700049
0.08516421650400154       0.021130478430235192     0.6528939547503319       0.020458311594019948     -555178.9452542568       -137145.43282249273      1.3854353150025032       0.20141744697000494
0.08518982019148318       0.022375023821709774     0.6498448257220686       0.017463045709532714     -557489.8212398429       -139415.48697197207      1.3854353150025032       0.2014174469700049
0.084555130402144         0.023410766744962373     0.64175753498431         0.01551114194277882      -563619.0226547742       -140894.79712872716      1.3854353150025032       0.20141744697000494
0.08420745048066824       0.01994095782445355      0.6576704580357841       0.02154434642051246      -551558.9256896167       -136322.34800817736      1.3854353150025032       0.20141744697000494
0.08359855023007975       0.027332820461740605     0.5859652887468151       -0.008764995927452229    -605902.8882495243       -159293.21303933492      1.3854353150025032       0.2014174469700049
0.08412218438038897       0.024810715537604517     0.6271190013654009       0.0095191005869471       -574713.2844884231       -145436.04951440185      1.3854353150025032       0.20141744697000494
0.08373530394695118       0.02616029074694721      0.6070386832510308       0.0022144749634215913    -589931.7696634694       -150972.08415925805      1.3854353150025032       0.20141744697000494
0.08289692990067407       0.028334301084835027     0.5551289410820175       -0.005669319444468644    -629273.1604292993       -156947.0596370484       1.3854353150025032       0.20141744697000494
0.08359895462323838       0.021931714342780226     0.6481992459215274       0.026352177211086462     -558736.9743803587       -132678.5859326094       1.3854353150025032       0.20141744697000494
0.08328040035508336       0.02369741662160777      0.6330989250612619       0.02434711836025058      -570181.215843144        -134198.18130070792      1.3854353150025032       0.2014174469700049
0.08211364302178678       0.020307892060178846     0.6610194352461854       0.03532429806858639      -549020.8005594383       -125878.78886361413      1.3854353150025032       0.20141744697000494
0.08235792126613595       0.029532142154058465     0.5133576287736167       -0.003678259931589605    -660930.8310641438       -155438.07409673964      1.3854353150025032       0.20141744697000494
0.08242745947293863       0.026871802063082043     0.5834379133652925       0.01839630993481656      -607818.337225801        -138708.18404499706      1.3854353150025032       0.20141744697000494
0.08254944092878726       0.02511422036704802      0.61348378050771         0.026976028510254144     -585047.1549629528       -132205.78108491018      1.3854353150025032       0.20141744697000494
0.08140106725447618       0.028286792545503897     0.5446520704554824       0.03462165798760244      -637213.3782785725       -126411.30620696215      1.3854353150025032       0.20141744697000494
0.08137048842208819       0.02309700147817255      0.6364040739087548       0.04571893464499462      -567676.3073825107       -118000.89461228465      1.3854353150025032       0.20141744697000494
0.07952266485315072       0.020594333336378227     0.6667414484117993       0.058955545977804        -544684.1973225605       -107969.12259608081      1.3854353150025032       0.20141744697000494
0.0818370748127586        0.030919863018588952     0.45047573921700107      0.00589083182773395      -708587.8003684009       -148185.84431390028      1.3854353150025032       0.20141744697000494
0.08109231786025678       0.029701773891037973     0.5001636385473229       0.040537756485038726     -670930.3013670999       -121927.60944655491      1.3854353150025032       0.2014174469700049
0.08036080899527323       0.026048095754874025     0.5933237862058719       0.060702900206908175     -600326.0251812479       -106644.83658229766      1.3854353150025032       0.20141744697000494
0.07948651518000242       0.028650444332971352     0.5368662669901294       0.08679475420000893      -643114.0883140626       -86870.32449927865       1.3854353150025032       0.20141744697000494
0.07637104445788692       0.020756815878204212     0.6820515432104228       0.09085075970266702      -533080.9722444344       -83796.35628520265       1.3854353150025032       0.20141744697000494
0.0782935387142046        0.0235929827364656       0.637825080707814        0.08593770809296469      -566599.35378138         -87519.86318686797       1.3854353150025032       0.20141744697000494
0.07239006900935784       0.020548523772978534     0.7174361766489824       0.1255711476596209       -506263.6421432844       -57482.44500226205       1.3854353150025032       0.20141744697000494
0.06938593118745598       0.01875556445413823      0.7613809565999062       0.1266126884593664       -472958.7423705456       -56693.08135125549       1.3854353150025032       0.2014174469700049
0.06638461154380618       0.018459749413782305     0.7982680830762602       0.13585156999434486      -445002.7018221282       -49691.111518244725      1.3854353150025032       0.20141744697000494
0.06309771130392666       0.017644481570745683     0.8426947300284938       0.12972996044490973      -411332.60435809736      -54330.561134774005      1.3854353150025032       0.20141744697000494
0.07753566829815099       0.026745324942496        0.5923500702875618       0.11733711396091327      -601063.985664897        -63722.860072426636      1.3854353150025032       0.20141744697000494
0.07460055725867751       0.02431632502866858      0.6565880765131927       0.14055722459976855      -552379.2417354821       -46124.78679950031       1.3854353150025032       0.20141744697000494
0.07124372049502192       0.023806454205191646     0.7010217623970989       0.17282333853434106      -518703.80960111914      -21670.92238495983       1.3854353150025032       0.2014174469700049
0.06835478291071045       0.021730947791996108     0.7563164478858447       0.169481461348836        -476797.0356856639       -24203.66654343208       1.3854353150025032       0.20141744697000494
0.06460000276276044       0.020892784445248693     0.8157701290924281       0.1758411201536515       -431738.23926167603      -19383.8039950307        1.3854353150025032       0.20141744697000494
0.061372877953560855      0.01997601628821208      0.8710910292828583       0.16459336943105868      -389811.59773024585      -27908.256976773962      1.3854353150025032       0.20141744697000494
0.060307110108032996      0.01741796780672768      0.8801100918562229       0.12018685718364076      -382976.2244416455       -61563.09473699945       1.3854353150025032       0.20141744697000494
0.05916739785340918       0.019267825108114        0.9090622399113995       0.14257237901508285      -361033.9507458847       -44597.54019811591       1.3854353150025032       0.2014174469700049
0.09                      0                        0.6939493039166869       0.024883112207509217     -534798.7871812413       -6513.466193760855       1.3995996791187608       0.03347742837587354
0.08999370728362117       0.0010642600010846053    0.7346458075269154       0.025172783024314888     -503955.6932949316       -6293.93027774138        1.3995996791187608       0.03347742837587354
0.08926396049628711       7.123546029699117E-4     0.7299404108278341       0.010485803714155676     -507521.8225514415       -17424.90816488535       1.3995996791187608       0.03347742837587354
0.08895895213259615       0                        0.7294446865348799       -0.0011578978165583513   -507897.52241636714      -26249.444614884425      1.3995996791187608       0.03347742837587354
0.08996930097378548       0.0023505068152222816    0.7497599162599441       0.01655641387050474      -492501.0022697416       -12824.1100031386        1.3995996791187608       0.03347742837587354
0.08910809863253878       0.0016636763108581803    0.74023844457825         0.012090266165610637     -499717.14171569917      -16208.917068912031      1.3995996791187608       0.03347742837587354
0.08992219077115052       0.0037416048584556025    0.7566056706194755       0.0068434615313401346    -487312.73729111155      -20185.36894025305       1.3995996791187608       0.03347742837587354
0.08882954311492147       0.002969862157565045     0.7475896007182873       0.006649172968450246     -494145.8424912836       -20332.616488682317      1.3995996791187608       0.03347742837587354
0.08985334947023284       0.005135716987939762     0.7591610251708797       -0.002962051561170335    -485376.0834425004       -27616.777884183237      1.3995996791187608       0.03347742837587354
0.08867115051642982       0.004337405850352415     0.750867357697795        1.0321578951007794E-4    -491661.69379822357      -25293.670975807112      1.3995996791187608       0.03347742837587354
0.08764697071772566       0                        0.7370985170136065       -1.1499943869768454E-4   -502096.83215790655      -25459.05208165088       1.3995996791187608       0.03347742837587354
0.08827387949241851       8.127812650342769E-4     0.7358453102966099       0.004584017496889871     -503046.61331850634      -21897.75792464474       1.3995996791187608       0.03347742837587354
0.08976294592125737       0.006527904682011636     0.7587501531035304       -0.01290328046481694     -485687.4754448671       -35151.043219532665      1.3995996791187608       0.03347742837587354
0.08859941930406702       0.005706637875218011     0.7515763765853475       -0.007157211161131163    -491124.3420806069       -30796.20830034125       1.3995996791187608       0.03347742837587354
0.08965103987658966       0.007917767933334372     0.7558363153416692       -0.02309717886450151     -487895.8167932863       -42876.80188470581       1.3995996791187608       0.03347742837587354
0.08851785752419518       0.006988364780539348     0.7499384409945318       -0.014483509146921883    -492365.7018222472       -36348.66800987835       1.3995996791187608       0.03347742837587354
0.08607987758715738       0                        0.739875380746597        -7.726227507804291E-5    -499992.3007798206       -25430.4518143731        1.3995996791187608       0.03347742837587354
0.08699694673189945       0.0011390568818407094    0.7396972905489512       0.0018653162594507988    -500127.27190016117      -23958.20907097084       1.3995996791187608       0.03347742837587354
0.08951770782189217       0.009304836716157387     0.7504295944226795       -0.03365387239292136     -491993.46612745564      -50877.51596924982       1.3995996791187608       0.03347742837587354
0.08936302537345157       0.010688764947544583     0.7423430428916656       -0.044726875946040114    -498122.1073118756       -59269.531447121095      1.3995996791187608       0.03347742837587354
0.08826227514377019       0.009612059407722183     0.7396254328387059       -0.030303092617354897    -500181.7314705651       -48338.02470975575       1.3995996791187608       0.03347742837587354
0.0883945839913941        0.008354625622131738     0.7457300397552383       -0.022623949542083424    -495555.1678210455       -42518.15052337787       1.3995996791187608       0.03347742837587354
0.08425080618940987       0                        0.7407588782139684       -5.646992924328761E-5    -499322.7151172427       -25414.69369714416       1.3995996791187608       0.03347742837587354
0.08519044407382216       0.001482073386250498     0.7406889822323307       4.61733896159857E-4      -499375.6879314327       -25021.95702884873       1.3995996791187608       0.03347742837587354
0.0891870715034894        0.012069228501916503     0.730941294891773        -0.056530251682503245    -506763.2718550711       -68215.0818929737        1.3995996791187608       0.03347742837587354
0.08809824832685642       0.01102529447528403      0.7298580675483065       -0.03913664367095449     -507584.2289322378       -55032.802401350964      1.3995996791187608       0.03347742837587354
0.08898992939963069       0.013445908874031203     0.7150769015667865       -0.06940141198849979     -518786.5890780504       -77969.88563596201       1.3995996791187608       0.03347742837587354
0.08787609606374897       0.012398116539295992     0.7163534603524969       -0.0471858686248754      -517819.1098357018       -61133.15449408975       1.3995996791187608       0.03347742837587354
0.08198211928598449       0                        0.7417672633415311       -8.603069487951355E-5    -498558.4795096621       -25437.09723034695       1.3995996791187608       0.03347742837587354
0.08307273579203156       0.0018367344322732235    0.7408372337819275       6.601950484840802E-4     -499263.33094600734      -24871.54715549581       1.3995996791187608       0.03347742837587354
0.08877161426227081       0.014818923755475635     0.6919716639033479       -0.08399005522773006     -536297.6023420948       -89026.33651466515       1.3995996791187608       0.03347742837587354
0.08768418121494372       0.013860043224827596     0.6968034872449294       -0.0556079123501333      -532635.6567756209       -67516.0587312844        1.3995996791187608       0.03347742837587354
0.08853187643768096       0.01618971446391798      0.6525422228676269       -0.10149052205736715     -566180.413981073        -102289.6022401532       1.3995996791187608       0.03347742837587354
0.08758187850630374       0.015254034848405849     0.6700536926733843       -0.06280841717793278     -552908.8093125453       -72973.18223652891       1.3995996791187608       0.03347742837587354
0.08827067523629073       0.01755812898145154      0.5465798401405736       -0.11486499762416214     -646487.2568039577       -112425.85889594938      1.3995996791187608       0.03347742837587354
0.08750847204719908       0.016397323929028478     0.6370914309014843       -0.05879278461300458     -577890.2707243878       -69929.81189200931       1.3995996791187608       0.03347742837587354
0.07908311908077598       0                        0.7449985054431268       -1.0136219452451985E-4   -496109.5835439686       -25448.71667774464       1.3995996791187608       0.03347742837587354
0.08038187252336218       0.0022097127933747643    0.7423925497602903       0.0024874282789180773    -498084.5870125489       -23486.72238975608       1.3995996791187608       0.03347742837587354
0.08681896318877717       0.017269365501327048     0.6261542282888471       -0.021595492597048266    -586179.3652929534       -41738.70287309438       1.3995996791187608       0.03347742837587354
0.0754879278256945        0                        0.7528932826658985       1.5918330798690705E-5    -490126.28440295235      -25359.83203329891       1.3995996791187608       0.03347742837587354
0.07715959340451274       0.0026605569103384363    0.747570724491209        0.006016908120631832     -494160.1484191239       -20811.79780236587       1.3995996791187608       0.03347742837587354
0.07160830695402653       0                        0.7655868864844221       7.412559087826194E-5     -480506.0472916753       -25315.717875367962      1.3995996791187608       0.03347742837587354
0.07345396398253504       0.0025933035350703387    0.7583465168180005       0.008736238730682687     -485993.38358797826      -18750.869666695904      1.3995996791187608       0.03347742837587354
0.08506434316249015       0.01692034987804654      0.6520344890771704       -0.007451240386941296    -566565.2156121487       -31019.047370346805      1.3995996791187608       0.03347742837587354
0.08629612573051014       0.01582772873485907      0.6582751073692591       -0.0342965740765332      -561835.5715686459       -51364.60715915604       1.3995996791187608       0.03347742837587354
0.06785582045099933       0                        0.7801648202352927       7.008372668540948E-5     -469457.71292730747      -25318.781126156526      1.3995996791187608       0.03347742837587354
0.0699198308266499        0.0024892396640023608    0.7717524808685106       0.009807162850608885     -475833.2624186881       -17939.236964969274      1.3995996791187608       0.03347742837587354
0.08292703603756572       0.016495213058010407     0.668597744468089        0.010153879166494666     -554012.2443304432       -17676.467367236735      1.3995996791187608       0.03347742837587354
0.08448979692434723       0.014824986554181593     0.6792090498465158       -0.0120409863920071      -545970.140979804        -34497.527200073004      1.399599679118761        0.03347742837587354
0.06432907343568865       0                        0.7936191711616933       -4.143280164097448E-5    -459260.9202795471       -25403.29734863077       1.3995996791187608       0.03347742837587354
0.06638154032285389       0.0024784456063298376    0.786277561701762        0.009732324237379115     -464824.984259539        -17995.955704158132      1.3995996791187608       0.03347742837587354
0.08038678937926419       0.015989926581479387     0.6830686896877624       0.0287402331757849       -543044.9945070001       -3590.2287261205106      1.3995996791187608       0.03347742837587354
0.08195600234035418       0.01416528720634998      0.6919794109958546       0.010044721037191657     -536291.730970347        -17759.196204652155      1.3995996791187608       0.03347742837587354
0.07738121685771135       0.01539208103588606      0.7006791896407435       0.04765459142004964      -529698.3368030166       10744.597988096997       1.3995996791187608       0.03347742837587354
0.07926573617129996       0.013372054527366816     0.7057950194270606       0.026805768986551473     -525821.1482386874       -5056.32176398125        1.3995996791187608       0.03347742837587354
0.07391349441405837       0.014702308155203478     0.724725596270709        0.06422271560199648      -511474.0297613178       23301.259232464636       1.3995996791187608       0.03347742837587354
0.0761368619247701        0.012513003036262979     0.7232921224221313       0.04081603612561744      -512560.4318984328       5561.789041829684        1.3995996791187608       0.03347742837587354
0.06133836592027126       0                        0.8035194068400089       -7.902498645265011E-4    -451757.72291774396      -25970.811334486894      1.3995996791187608       0.03347742837587354
0.06299999497271952       0.0022814578941364443    0.7986051184995656       0.007611355713800806     -455482.167113746        -19603.39677401436       1.399599679118761        0.03347742837587354
0.07018697951290845       0.013961058254140173     0.7549443337742242       0.07437514434273672      -488571.8323914088       30995.588844260044       1.3995996791187608       0.03347742837587354
0.07256916385539404       0.01165489852518881      0.7458369629437925       0.05074870283797835      -495474.1328020476       13089.565257813316       1.3995996791187608       0.03347742837587354
0.059                     0                        0.8208111228713859       0.012192976078009688     -438652.66538948193      -16131.07521051753       1.3995996791187608       0.03347742837587354
0.06040638424503433       0.0016115322780555462    0.8054745063366344       0.006221112082794264     -450275.9907790562       -20657.035564379672      1.3995996791187608       0.03347742837587354
0.05895815793877178       0.00222162383558587      0.8037815799470479       0.010167035695624984     -451559.0269847391       -17666.49628797472       1.3995996791187608       0.03347742837587354
0.06663468238869821       0.013254462423527565     0.7867042683181792       0.0757112171501299       -464501.5915583352       32008.172613913815       1.3995996791187608       0.03347742837587354
0.06891976596523906       0.010883463660183938     0.7713118089415382       0.054200975961172286     -476167.2391589714       15705.976364763841       1.3995996791187608       0.03347742837587354
0.05882355203811146       0.004559575157796545     0.8058384803683666       0.004555298498735095     -450000.14189187874      -21919.523498535116      1.3995996791187608       0.03347742837587354
0.060624246032282024      0.003576819866044859     0.8046369756347224       0.009057576239849744     -450910.73911810626      -18507.334176292217      1.3995996791187608       0.03347742837587354
0.06326720312739176       0.012584629151559196     0.818134344057825        0.06896162442266335      -440681.3443406338       26892.786678516615       1.3995996791187608       0.03347742837587354
0.06545423231396456       0.010500981985891169     0.7968651045183611       0.052755382736614585     -456800.8900954493       14610.389186723312       1.3995996791187608       0.03347742837587354
0.05859625649207682       0.006890480760784859     0.819641710731441        6.622036114022392E-4     -439538.9402589292       -24870.02490446278       1.3995996791187608       0.03347742837587354
0.060434798687689105      0.005886775946278874     0.8114910589188037       0.011172398461285551     -445716.1618084631       -16904.55127009178       1.3995996791187608       0.03347742837587354
0.06029161496278021       0.011992747865389421     0.8470270039988451       0.05846068519994387      -418784.1555373645       18934.327705167234       1.3995996791187608       0.03347742837587354
0.06216140752191171       0.010058224498649682     0.8226857303987831       0.04233241429009622      -437231.93655927945      6711.022758369733        1.399599679118761        0.03347742837587354
0.058276634654311134      0.009210529483582584     0.8477693469904427       0.0014592186612695686    -418221.54812506743      -24265.982595391262      1.3995996791187608       0.03347742837587354
0.0602924631213106        0.00820878969748086      0.825990817496797        0.018131279926823066     -434727.07489738334      -11630.549443278122      1.3995996791187608       0.03347742837587354
0.05786633154379059       0.011510328998951566     0.9074447409341904       0.021480337088923024     -372994.71990076464      -9092.363719251822       1.3995996791187608       0.03347742837587354
0.05974877728148615       0.010131305395845551     0.845989210350661        0.030139175686433678     -419570.6792945924       -2529.997222924605       1.3995996791187608       0.03347742837587354
0.08786215736185882       0.0021620342599014816    0.7421227657344719       0.004513279068409768     -498289.05111386435      -21951.369213021695      1.3995996791187608       0.03347742837587354
0.08744436503533369       0.0035639456015602025    0.7449207247101616       7.869655133858645E-4     -496168.5320588674       -24775.47026917592       1.3995996791187608       0.03347742837587354
0.0873780354028734        0.004906667621375873     0.7458832576273823       -0.003525253302315824    -495439.04695570376      -28043.617603522598      1.3995996791187608       0.03347742837587354
0.08732443227349442       0.006318239222611972     0.744822433864858        -0.00921874584063487     -496243.02479168033      -32358.60560795259       1.3995996791187608       0.03347742837587354
0.08738988825557792       0.007532560497684705     0.7425667169006097       -0.01498314434470191     -497952.58910156786      -36727.33187401829       1.3995996791187608       0.03347742837587354
0.08631449410468374       0.0026385726621476254    0.7417903062700498       7.988953130830256E-4     -498541.0157192951       -24766.42890445259       1.3995996791187608       0.03347742837587354
0.08592409727978866       0.004221967738387868     0.7419187233230872       -0.0017007834486958938   -498443.690915637        -26660.887147685655      1.3995996791187608       0.03347742837587354
0.08629895557550826       0.005607069382976528     0.7419142453337167       -0.00532144940549197     -498447.0846972723       -29404.919930107757      1.3995996791187608       0.03347742837587354
0.08718409357845264       0.010211301052528644     0.7296839147481741       -0.027891981185681737    -507716.21597506816      -46510.689935012124      1.3995996791187608       0.03347742837587354
0.08688273265880564       0.008825466871300128     0.7355446653174867       -0.019299421229250022    -503274.46634014073      -39998.55474034743       1.399599679118761        0.03347742837587354
0.08582983474510186       0.007176105474596346     0.73740797116638         -0.009123321163721018    -501862.3028337435       -32286.285088791705      1.399599679118761        0.03347742837587354
0.08446895414539965       0.00326235810494499      0.7404342274557009       -6.997445109704671E-5    -499568.7616551323       -25424.928513368533      1.3995996791187608       0.03347742837587354
0.08434778683452708       0.0054343748856143       0.738079530795386        -0.0020763694092052606   -501353.3407645184       -26945.536491357         1.399599679118761        0.03347742837587354
0.08671483789571052       0.011386017800548485     0.7187630839473518       -0.03045522480990427     -515992.90266373986      -48453.322759506416      1.3995996791187608       0.03347742837587354
0.08655220978756022       0.012768443210572272     0.70483268579903         -0.03507118341189752     -526550.4823044238       -51951.668610052984      1.3995996791187608       0.03347742837587354
0.08584770716566464       0.010167525601881508     0.724027543915453        -0.019288942691122135    -512003.07015596516      -39990.613258731086      1.3995996791187608       0.03347742837587354
0.08527074573167819       0.00872409044255576      0.7300805717023362       -0.011710498939825172    -507415.59733236965      -34247.05714462253       1.3995996791187608       0.03347742837587354
0.08367991972123705       0.007684083184119665     0.7311493359493447       -0.003222796142194239    -506605.6015566015       -27814.391164918372      1.3995996791187608       0.03347742837587354
0.0821509228030602        0.003913966311658329     0.739353725229977        0.0019233865325844757    -500387.6534182073       -23914.19873279978       1.3995996791187608       0.03347742837587354
0.08208182357159396       0.00617507400261637      0.735059268386575        0.002365946075331803     -503642.33929688466      -23578.7914049868        1.3995996791187608       0.03347742837587354
0.08528894155907128       0.011732118514421604     0.710939727757037        -0.019619683075210014    -521922.07318401226      -40241.27500638679       1.3995996791187608       0.03347742837587354
0.0863227912366069        0.014297447396969427     0.6842369674783807       -0.03670301441223844     -542159.5793389934       -53188.40180050465       1.3995996791187608       0.03347742837587354
0.08533255525597631       0.013249447808970189     0.696407647661559        -0.022824527253821426    -532935.6559487868       -42670.16449622151       1.3995996791187608       0.03347742837587354
0.08370415078021998       0.010094126774900866     0.7199404095263914       -0.005945290706223691    -515100.6303516796       -29877.71720018553       1.399599679118761        0.03347742837587354
0.08085049353459223       0.008513031876092259     0.7279561872842485       0.007785069221147556     -509025.62724268425      -19471.74266269976       1.399599679118761        0.03347742837587354
0.0793790972660738        0.005339001608453566     0.7393031675699884       0.008067869245871793     -500425.9700920091       -19257.413987264652      1.399599679118761        0.03347742837587354
0.07786997158398111       0.00809108494427403      0.7350826353617708       0.017749392874870575     -503624.62991780136      -11919.974262425885      1.3995996791187608       0.03347742837587354
0.08358218846929603       0.012727149889656304     0.7010646739641536       -0.005944707738062814    -529406.1856813255       -29877.27537987853       1.3995996791187608       0.03347742837587354
0.08129887431011125       0.011577668394567297     0.7118277781949666       0.00934093994182432      -521249.03691300564      -18292.578300758538      1.3995996791187608       0.03347742837587354
0.07843467456490513       0.010594360093037568     0.7236849390455361       0.022485935866420694     -512262.72376822523      -8330.239832556961       1.3995996791187608       0.03347742837587354
0.07517157974863496       0.00582132352513195      0.7487162942631294       0.017642298917281588     -493291.943219801        -12001.138703976176      1.399599679118761        0.03347742837587354
0.07533155473435313       0.009453528237265104     0.739184127825868        0.030668049997417127     -500516.18801439536      -2129.1735997468154      1.3995996791187608       0.03347742837587354
0.07162304718518347       0.004734740154156987     0.7636631676714221       0.018079859920691388     -481963.9966164745       -11669.519672562275      1.3995996791187608       0.03347742837587354
0.07138851447060121       0.007914055416590515     0.7610148807076734       0.03296165280011527      -483971.0821450766       -390.8963447999808       1.399599679118761        0.03347742837587354
0.0685832063256915        0.005176897371571198     0.7770239073520098       0.02176249728021164      -471838.1501234766       -8878.519961216874       1.3995996791187608       0.03347742837587354
0.06728502248891093       0.008015330291945127     0.7835921790553663       0.03669311144001842      -466860.1838893823       2437.1040717883347       1.3995996791187608       0.03347742837587354
0.06490128265994953       0.005429573096402361     0.7943616389345604       0.021223784197728832     -458698.2182979366       -9286.800199242642       1.399599679118761        0.03347742837587354
0.062122588311365995      0.004899954084415873     0.8042175909245362       0.01437781873051647      -451228.5826880269       -14475.225172305805      1.3995996791187608       0.03347742837587354
0.06445731239163567       0.008209781889481496     0.8008970280140282       0.03535276206031969      -453745.1731692408       1421.2791706016287       1.3995996791187608       0.03347742837587354
0.062457313130240256      0.007114009566251663     0.8093569574925441       0.02376308892456162      -447333.55605155206      -7362.310202613822       1.3995996791187608       0.03347742837587354
