% Model:              
% Version:            COMSOL 5.3.1.275
% Date:               Feb 18 2019, 14:03
% Dimension:          2
% Nodes:              230
% Expressions:        1
% Description:        Magnetic flux density norm
% Length unit:        m
% x                       y                        mfnc.normB (T)
0.1529                    0                        1.366830345398066
0.15276588072211666       0.006402787455164378     1.2493094823035502
0.1486901564191643        0.004155685534040631     1.2871101511959466
0.15236375817925038       0.012794342245495985     1.2223992539472068
0.1476789777953061        0.008720425089071457     1.271946149081909
0.1472277085301914        0                        1.3005498445376793
0.1516943378309817        0.019163451411997098     1.2261607634592144
0.1467810876973965        0.014579273299800728     1.2654386783931482
0.1507587940680751        0.02549894137292187      1.2623602710568027
0.14607701645108664       0.02091839810639283      1.27548763425775
0.1495587681521989        0.0317896975260354       1.3951380953891597
0.14531340020462524       0.027239849084006694     1.3044478384472724
0.11596199887220446       0.09965553079263999      0.9066034102212471
0.11392454411135876       0.10197846953655972      0.8515600778918042
0.11297669031963181       0.09904272562092886      0.8576797827448224
0.11218852382999278       0.10388524977515867      0.8083592972151697
0.11138321069734469       0.10142838121658843      0.8060731200835446
0.1106023402795757        0.10557240323437235      0.7703762761956815
0.11004187004913323       0.10353755004815088      0.7641803385036999
0.11842079939549861       0.0967208574741304       0.9850746947192781
0.11489468991460142       0.09623722984097961      0.924795475280514
0.14140124104121116       0                        1.3120650904214708
0.14440313369217325       0.004484248176080161     1.2995544458341473
0.1480963653365752        0.03802468374747694      1.2749633584917257
0.14423801524519103       0.03284948309985166      1.3179844172576354
0.10924247666796286       0.10697892919378829      0.738067192232163
0.10897602823982414       0.10535417078769953      0.7318254131219405
0.10811662684342313       0.1081166268434231       0.7106459537592552
0.10810996520808688       0.10648917933815338      0.7072057120964917
0.12108243530813807       0.09336730616147468      1.100494525157668
0.11687330388122424       0.09286752207720488      1.012021509784321
0.12369869843992946       0.08987236507551914      1.3835984003195982
0.11903488248667443       0.08906445939963106      1.1101823139736193
0.12694061444064247       0.08523197994551193      1.2017517040595125
0.12160958740926474       0.08435011550726139      1.1617350372052881
0.13556607616712885       0                        1.3335649976653912
0.1390185659392468        0.005053821228949683     1.3176129601270758
0.14637415117265742       0.04419296175279524      1.2549666467473284
0.1426020635353595        0.03853437251737511      1.298138004599071
0.14439514700930584       0.050283710286343604     1.2700423495077489
0.14065051442569282       0.04393193486125047      1.2934889251056616
0.1069055894719961        0.10690558947199608      0.6712709580743867
0.13378376771992248       0.07402913949696974      1.2050612231295805
0.1304566178409707        0.07974635328022779      1.175423180089609
0.1278678292192103        0.07313781876357037      1.2046558571988983
0.12466121498137037       0.07850633258368409      1.1699310711042115
0.12975025813539237       0                        1.360104600660425
0.133284090909211         0.005084955162342019     1.342152974136425
0.14216282469230246       0.05628624410551539      1.3318288160163496
0.1383493659205956        0.049994629605709995     1.3093836982069489
0.13968110047355367       0.06219003272628985      1.5233683095697945
0.13587096925554537       0.055405844520320394     1.3360329342292268
0.1368605116396949        0.06817338449659745      1.2821855580833035
0.1335264493528782        0.06182740022637975      1.333910467361758
0.13101316346484632       0.0671353912507335       1.2692312791896976
0.10537077973530648       0.10537077973530645      0.6334641760659445
0.10721018206712003       0.10516398192305092      0.6864199848597353
0.10372381816443768       0.10372381816443765      0.6103971982504219
0.10591165376544737       0.10344672231765202      0.666916825431187
0.12411254169435933       0                        1.3894176696574825
0.12697841660322068       0.004488348387050358     1.3733749812361915
0.08647127965753769       0.08647127965753769      0.7196401611827766
0.0852741472746779        0.0852741472746779       0.7351177735774276
0.08662020504156726       0.08511600892126313      0.7436823321951606
0.08778402248404137       0.08778402248404135      0.7037571131920908
0.08812557064495914       0.08603176775746961      0.7353335920710301
0.10225735359859182       0.1022573535985918       0.6024609267946736
0.10445155699404407       0.1016384518139654       0.6562518697736199
0.11884173839409683       0.009979419595800208     1.4199365203461403
0.1191553887175908        0.004994090463720755     1.422477353084785
0.122690307729321         0.007782019432245095     1.3963357384752433
0.11926                   0                        1.4098253572298334
0.12243933094889836       0.0034528916566032414    1.3992450296830525
0.1183195992787631        0.014947241434890604     1.4077595552845488
0.12230733339275317       0.013101392242463964     1.3894370991156777
0.11758988738102447       0.01988884073338563      1.3799455208163682
0.12191483430554832       0.018461586042057155     1.3734288455190462
0.08432955472430766       0.08432955472430766      0.7480036338356567
0.08562095369556853       0.08433856734944946      0.7528493647777446
0.08533222760821324       0.0833148157977924       0.7696052211079971
0.0890103271526563        0.08901032715265629      0.6899114766441313
0.0895130648832697        0.08724925141142159      0.7224224557538652
0.09043346725247023       0.09043346725247021      0.6749719417725965
0.09103359451501498       0.08849344390484831      0.7111007712089367
0.10049917663112458       0.10049917663112456      0.602954961283272
0.10287481205252799       0.09965998165461348      0.6555564471889511
0.09833847454070221       0.09833847454070221      0.6118710326565145
0.1010689037149699        0.09735620657747213      0.663844296645533
0.09589477414756015       0.09589477414756012      0.6275912340628306
0.098976675705168         0.09508567587094412      0.6735563793872137
0.09204779682403519       0.09204779682403519      0.6593874947078803
0.09272523663927976       0.08980498941141862      0.7012695670199339
0.09378271106364774       0.09378271106364774      0.6441319172002353
0.09660196664058575       0.09290334343343291      0.6836965629855535
0.09448759581762319       0.09112162745248321      0.6936077354094677
0.11416992327567772       0.03446993210358639      1.4249859797619493
0.11551322779620637       0.0296587559432577       1.4026885662750264
0.11844793286341361       0.03393601155456472      1.390623392584516
0.11665388286351368       0.024795548246925977     1.316481601083283
0.12002056777251079       0.029107407488948654     1.3705455155676087
0.12114199563570016       0.02382519849315635      1.3549833676085317
0.08657738956074722       0.08202013909307034      0.7972443344359549
0.08677111693110195       0.08351281730577167      0.772109710893507
0.11262632591451807       0.03922063629005455      1.4347065212129395
0.11696335487034833       0.03852774710307682      1.400398009242984
0.11088514370702415       0.043902534153196636     1.4451660658700123
0.11552895027762614       0.043597729241034375     1.3994222234592428
0.08802597478859057       0.08046350329508652      0.8304814377845684
0.08851769141668685       0.08244079103664605      0.7987363566783942
0.08971384521314939       0.07857718229276905      0.8705933468943406
0.09048381230175424       0.08096503455690576      0.8339832169589084
0.09901201882400922       0.066479829485296        1.1161155594089136
0.1017544554853772        0.062201112440810634     1.1842150299444012
0.10411714154914756       0.06568576281541832      1.1451531322474233
0.10434958887035943       0.05774176047356835      1.2513096801307955
0.10685816014285032       0.06213444636476154      1.2017105459671291
0.1067494088826031        0.05317434816915763      1.3205018858710478
0.10909212561013103       0.05761674560891111      1.2659428013534806
0.10894943127845659       0.048507412053219935     1.4574878368465596
0.11112912801010676       0.05292021245409009      1.3335614900107748
0.11355291058866562       0.048465135631124416     1.3858074612987064
0.09180062943873718       0.0761287858477439       0.9220097501208608
0.09260484781873858       0.07922425234492701      0.8750174458995081
0.09417289512399944       0.07317385751731417      0.982814842096392
0.09518207333169632       0.07555638796922598      0.9502123109093912
0.09648336674915622       0.07009926918840034      1.0518773035703342
0.09743592314282852       0.07366568977452116      0.9943574343737364
0.09969412461304442       0.07079949306536423      1.0530349312889202
0.14257329948204617       0.009984803955322318     1.2959246272553309
0.1115379309466455        0.09612584025731774      0.8612922122134838
0.14133018292447905       0.01622276499055614      1.2976783909919611
0.14058468271251431       0.022805650507635482     1.3065705413150053
0.13982568768093673       0.02903908068010725      1.3182117677459853
0.13622798570946568       0.01084813267973883      1.3249227547847746
0.11015774575048112       0.09883100372243671      0.8051180347210316
0.10853215614718288       0.0964272207361469       0.8014860427600697
0.10897301818899585       0.10132669355138961      0.7568130905875868
0.10798707598205921       0.10341744988749794      0.7174786836888335
0.11304874596041686       0.09285093882231607      0.9290262044618873
0.10961755758755892       0.09336592280109837      0.8587166670600642
0.13959445764120815       0.03410319011470612      1.3158739471976324
0.1357370254943648        0.018200331394446684     1.3234146859328402
0.13522492038538395       0.025213320522566397     1.3262350754661443
0.13450896899412434       0.0321957329751405       1.3281760459971577
0.1307762230226881        0.009106586322425697     1.351444320736516
0.13085883307076557       0.014499928245409615     1.3460165552316365
0.10773278002782485       0.09900744109909994      0.7556089561359455
0.10630059638463636       0.09742458096119709      0.7482445531417982
0.10616220022928187       0.09443034686302224      0.7858796040398337
0.10671396277948714       0.10136850094518662      0.7078727734123689
0.11475356664843595       0.08895539402227372      1.0068660086390953
0.11669624831657578       0.08427163699710882      1.0786629445370974
0.11078527594430258       0.089578265403495        0.9249702743419216
0.10467797146756878       0.09191661656838587      0.7976582117643387
0.10768600111477519       0.09090651961550317      0.8572155280321269
0.10490603344193528       0.08962253461689972      0.8329322530389132
0.10215520482877503       0.09047970768777669      0.7841301816213174
0.11887380406203052       0.07865940139722984      1.1268902517174746
0.13633505854475564       0.03872838127244091      1.317405881835214
0.13140684257308097       0.03631927536782746      1.3345519354954596
0.13562505992765234       0.044949438021807286     1.3143459918156373
0.12559648158892858       0.06761345317994932      1.2335828028818736
0.13061525174526387       0.020583657208921184     1.3415349660133202
0.12993933904226454       0.026855530619389143     1.3411095138988027
0.12757191036311813       0.03681085020625547      1.3470143212708872
0.12861348097138844       0.03244073160964032      1.3446429235457498
0.12653178882077742       0.010611567137587655     1.3710003858235538
0.12632851867830236       0.016578504731796284     1.3620963513941209
0.10522769171855142       0.09937424700151484      0.7025658700796519
0.10384070135775282       0.09682759377306376      0.7143387839880772
0.10248041772307653       0.09414397405872749      0.7336666174023564
0.09947466840489609       0.09192829686979247      0.7297253686685131
0.09701462842095247       0.08994426712207881      0.7353853842699326
0.09974239521009039       0.08842314720506714      0.7869538482016828
0.112139468351529         0.08500070926187901      0.9964300685777667
0.11387887876766085       0.07949065310936157      1.0669891145287929
0.10755366627130274       0.08654089185922349      0.9106636240208136
0.10329716705136587       0.08699138302187046      0.8487190030864188
0.12080341239743915       0.07193896628766903      1.1778270104932338
0.11559348249987234       0.07339870389829412      1.1310758979770938
0.13000479399201842       0.04142068077566013      1.3346274382699923
0.1311259289415288        0.04980157264463493      1.3246322926683702
0.13051245209757617       0.05630120312673549      1.3226415708219812
0.12674495414059547       0.060986241098138536     1.2855504090595526
0.12085626584910902       0.06401637959202566      1.2380863713218802
0.12445196303767549       0.039679923630564655     1.356744776819492
0.12338256494959904       0.03419441682939996      1.3641042075933132
0.12580189829167135       0.022429123311092352     1.3534273886598902
0.1248715138657552        0.028270618088974128     1.3538312327994617
0.09293691339596959       0.08768026919442257      0.7377774554164597
0.0912252192177122        0.0867392566478534       0.7415401287963806
0.09264587816848356       0.08594736601973815      0.7642279322589733
0.09473430653652681       0.0884913322216172       0.7384908686377326
0.09442352070050504       0.08606903154271629      0.7753104277154351
0.0970468379159926        0.08679785555007997      0.7856398781196502
0.08991046475070624       0.08542799521808125      0.7554150667970093
0.09153343643694375       0.08512753069938661      0.7703791262629691
0.09998834192242663       0.08466068407172844      0.8464748442641176
0.10916259903317765       0.08051133626421357      1.0016697238447183
0.11080632565093707       0.07510364989490778      1.075358516282609
0.10450093485408456       0.08154964628649732      0.9371045945851326
0.11209959504379848       0.07106292793987799      1.1262863870052127
0.10898742259535013       0.07183478256718276      1.0961815960268777
0.11536348116632761       0.06762863934627644      1.17979597810107
0.12473854999416849       0.04582918679931799      1.3435851199288005
0.1252815808850265        0.05346415521066454      1.3167919059012478
0.1161463286306135        0.06144870249206381      1.2420548728852534
0.12042828574580343       0.05654570510048141      1.2941116149615663
0.12066364021371101       0.0376800977277383       1.377325138948661
0.12034335667714335       0.042262075701482556     1.3717504650699952
0.09311030109128725       0.0841207420143119       0.797526748623885
0.09606800840377225       0.0833739618909526       0.8315112086063092
0.08845852527903164       0.08429975541410303      0.7666123047648008
0.09078932963889547       0.08338349655493885      0.7949716333590517
0.0992672655050371        0.08082000352075124      0.8973785915711928
0.1059577262602116        0.07533735043166942      1.0308599421073232
0.10167191843318708       0.07790715936705697      0.960661827000893
0.10585732892383816       0.07012729674816354      1.0961284139435408
0.10966038683455205       0.06729528326643335      1.1518663613183875
0.11166990389321547       0.06250391812537381      1.2149612106118035
0.11947856533489272       0.04910311673911433      1.3465359929275655
0.1138430953358279        0.05724473265216223      1.2799156214464251
0.11543958852374837       0.052778604108254        1.3294012016107941
0.09326236466954659       0.08174113435100985      0.8376224632768245
0.09565356642468795       0.08008507278397539      0.880726181878181
0.10285993749879242       0.07175113209524289      1.0561861648360467
0.09772082299206408       0.07734349672429672      0.9385934261670041
0.10090539996032105       0.07447719291691826      1.0044345064656206
0.10230698527499715       0.06896616460911029      1.09234425869722
0.09464290857887556       0.07785272662611842      0.9098416943891227
