% Model:              
% Version:            COMSOL 5.2.1.229
% Date:               Feb 8 2018, 09:40
% Dimension:          2
% Nodes:              189
% Expressions:        4
% Description:        Magnetic flux density, x component, Magnetic flux density, y component, Magnetic field, x component, Magnetic field, y component
% Length unit:        m
% x                       y                        mfnc.Bx (T)              mfnc.By (T)              mfnc.Hx (A/m)            mfnc.Hy (A/m)
0.04194383895649689       0.041943838956496886     0.3952685815147789       -0.6150740884794627      314544.74298499414       -489460.40774624137
0.04418709781818122       0.04418709781818121      0.3367586243933101       -1.0684670343756164      267983.99850511114       -850259.0502580871
0.041488080549462535      0.04427581789762801      0.13647437647315233      -0.6390485075117965      108602.8581054323        -508538.64423000306
0.04596194077712559       0.045961940777125586     -1.241314109153295       -1.7166023634294514      -987806.3820072972       -1366028.7573151367
0.04339929667766533       0.04590991603239347      -0.1263351250837707      -0.8762670659631807      -100534.29821607503      -697311.1750833605
0.039461089607126715      0.03946108960712671      0.4416940139160694       -0.35572210530542797     351488.9282442142        -283074.65713207296
0.03880767751584168       0.04253697267511736      0.25315978625275654      -0.40285812195747717     201458.15687106925       -320584.3073712505
0.03714754426252419       0.03714754426252419      0.4497738398675663       -0.18287572484457568     357918.64944172883       -145527.87790263776
0.036083221160452705      0.04025244235777465      0.3102917051494815       -0.23091323156954005     246922.29337476447       -183754.91114807897
0.044108746555787594      0.04774325583029811      -0.5323033549921854      -0.604540621481517       -423593.5508570311       -481078.14104314934
0.028284271247461905      0.028284271247461898     0.31782686666231463      0.31061694030097997      252918.58438358043       247181.1072849056
0.03145422387371496       0.03145422387371495      0.3983901943989066       0.14133987467332368      317028.8435896355        112474.69855124224
0.02817107092927778       0.0325537916537957       0.2689966777163632       0.1486835662914839       214060.75466928352       118318.62265910585
0.024766807985299216      0.03141027255881932      0.1617754112442421       0.20053874441529349      128736.78185122658       159583.6622756809
0.034483240978205404      0.0344832409782054       0.43755436847101575      -0.02210423900683674     348194.70306807355       -17589.994506113773
0.033061746077368795      0.03780187137707951      0.31555881091533305      -0.08157522943112579     251113.72296687996       -64915.50498909565
0.030262744306370267      0.035475497302993514     0.2916461324855999       0.03455715573678774      232084.61809358513       27499.710773531086
0.041692112170730995      0.0498675022709498       -0.2598213158245129      -0.3134481608918571      -206759.23367055855      -249434.12104501386
0.04146961342276921       0.04720848987379589      -0.14800510214958232     -0.51410180091213        -117778.71804963466      -409109.2143380547
5.494735355943932E-18     0.04                     3.0215768455402875E-4    9.764705583244734E-5     240.44944544987652       77.70505807052142
0.004465002917885295      0.0397500157099752       0.0011164963136609063    0.006874617846191547     888.4795363150623        5470.647060445718
0.0030647899042321068     0.04297618831177908      0.004489067347354202     0.003140401550668226     3572.2862910192184       2499.0521504115072
0.020216010569931823      0.03451540115131801      0.06304941517161711      0.10356840465431898      50173.130418080014       82417.11774438262
0.025366171958721987      0.036453751762313163     0.16154116637653645      0.06605483553046586      128550.37570828026       52564.767948978995
0.015095770219753855      0.037042107411328434     0.020450406223690043     0.04690291561291609      16273.916193687655       37324.154326088144
0.019635568428263868      0.03984247482042036      0.06386544266865174      0.03320179105474399      50822.50446733986        26421.14582933389
0.009698476602027871      0.03880643698666393      0.0055448442071527005    0.01952096741667269      4412.446821214067        15534.292291496424
0.013803504923795746      0.042328741246040844     0.024896376021731875     0.015771931330969102     19811.90654466582        12550.904167148337
0.007803148986841704      0.043374320130959175     0.00965273286684817      0.007626722749677029     7681.400750522442        6069.153126012555
0.03852383155098846       0.05235374296677426      -0.13176865548448288     -0.1796830800861217      -104858.16432464217      -142987.25192841585
0.03828081115412213       0.04876720501152654      -0.06165739876732831     -0.2935452938633715      -49065.39896004217       -233595.92269859297
9.573443851949303E-18     0.044839556490862895     0.0055031495022749176    3.4996515363739207E-6    4379.267229303784        2.784934205565277
0.03466380058525657       0.05498564293509319      -0.06658602269305348     -0.10512456790502687     -52987.47326214289       -83655.47311242319
0.034522173485177096      0.05079123196939929      -0.022899974018299896    -0.16735079571375533     -18223.22030844201       -133173.53184103066
1.0659416427640758E-17    0.04992597360557026      0.0071493893859481605    -3.073370260824217E-5    5689.303304311899        -24.45710344809009
0.003699262844536771      0.0469548004651831       0.007700376571217388     0.0012736742421955696    6127.764974891336        1013.557757671244
0.030176966862414892      0.05757039752324725      -0.03246346653753635     -0.0610928540748453      -25833.60584673623       -48616.14856801735
0.03033539841725283       0.05246738856002774      -9.719619111568573E-4    -0.09853776825503935     -773.4627132882973       -78413.8644951658
1.1745412495069012E-17    0.055012500749549796     0.00572876064299441      -5.165399633798896E-6    4558.802870614324        -4.110494423820801
0.003968444873414198      0.05187540978147451      0.007628904931197093     -0.00110079142330007     6070.889650890765        -875.9819816568456
0.024433282544447682      0.06023300344581191      -0.013537391953873138    -0.03209952776950777     -10772.714230156806      -25543.99257716362
0.02566648142558875       0.054076112527294294     0.007011283450423576     -0.05547179936609506     5579.402092766559        -44143.055356579476
1.2831406754185077E-17    0.06009901942385866      0.0028097839702074788    3.7936907886409408E-6    2235.955039394455        3.0189232078719823
0.003648579117248551      0.056975195078458406     0.004857066542521611     -0.002143426320162121    3865.1307458428796       -1705.6844700353652
0.01809647143184435       0.062430102688658465     -0.0050152651418132405   -0.01637741699436089     -3991.0211911802635      -13032.734348648735
0.01988631457984759       0.056033605905479573     0.007123809555395208     -0.027182399127921808    5668.947521932124        -21631.065931527904
0.011281296372175906      0.0640135325705677       -0.0015278706148021974   -0.007589753700942188    -1215.8408037531142      -6039.7340917747815
0.013590519405406037      0.058045355045631096     0.004794458273934616     -0.012322943335303588    3815.308668722653        -9806.286726274468
0.005030448235384589      0.06480505065618819      -4.0739253565977903E-4   -0.0028933138566752236   -324.1926791449754       -2302.4260110306873
0.0075070905293145185     0.06026493951833417      0.0026325825930232204    -0.005252127208173742    2094.942663886625        -4179.510034641436
1.3877787806521987E-17    0.065                    -1.721456283771697E-4    2.6901310706067254E-5    -136.98913843943504      21.407382872607645
0.003160394224317269      0.06153834008309813      0.001858909548794337     -0.0020057217180964775   1479.273217256718        -1596.1026295091167
0.038271804973626165      0.045545660008822146     0.07606489725373576      -0.3727109133972674      60530.521968545894       -296593.9210573521
0.035116551891447356      0.043558564860395894     0.1710280726909906       -0.2382179883173172      136099.81588125575       -189567.85187054204
0.03290751511438111       0.04100563112260264      0.22884358690810963      -0.14162491539965902     182107.94025652698       -112701.52675413611
0.03446809530811408       0.04692690973446918      0.06313913275647334      -0.21226857176277047     50244.5254036407         -168917.96229550816
0.02931486525661934       0.039739374865969596     0.19861608182712973      -0.04226972880226313     158053.65600166027       -33637.18141017019
0.03068179963835604       0.0445289515815225       0.1223487180965762       -0.12134878029925959     97362.01633013466        -96566.29111399784
0.03146517456775858       0.04868598126018388      0.041460789370294626     -0.13690173952957765     32993.4478638715         -108942.94282005707
0.024294642144269844      0.04317507334274853      0.09381213105218622      -0.022174430497358188    74653.32189470062        -17645.851119511157
0.01789531737102758       0.04577093856612179      0.039329788584878865     -0.004286899459889717    31297.651320213354       -3411.4061978971235
0.012224380437559138      0.04798350437787301      0.018582601968115817     -0.0012095485037754402   14787.564793674077       -962.5281164263366
0.007359193302732598      0.04873735447045262      0.01071221489830505      6.526592781439468E-5     8524.509762639469        51.93697513569869
0.027318405989892824      0.04871542445550071      0.04929098247785568      -0.07805324079530625     39224.51755603366        -62112.79548457485
0.021873352421063058      0.04971780225766778      0.03517527837588031      -0.034675477835990905    27991.59714077404        -27593.86850835705
0.015770430013283626      0.05187158300872736      0.017765769034850106     -0.01409299001983058     14137.549798626622       -11214.84512300392
0.009152695864798369      0.05367829189959091      0.009106414570838063     -0.005290374937206609    7246.654463964692        -4209.946610329535
0.065                     0                        0.9034425129567958       3.8502736208164844E-5    718936.7086821888        30.639503950463663
0.06495155829144499       0.0025089989065413534    0.9046098689944634       0.04184200965246393      719865.6611009035        33296.81332544216
0.06333287644542851       0.0018106021124452074    0.9313377984246826       0.02979354196931174      741135.0715380572        23708.947383159026
0.062434126538710166      0                        0.9457937980735908       4.365748601555929E-5     752638.7905453494        34.74152351170778
0.06480177556429301       0.00507246327882234      0.9084557304205182       0.08490148656175174      722926.1003829188        67562.45631076458
0.0628829375138147        0.0038274875459252283    0.9395969958730653       0.06272619393902266      747707.5320374677        49915.919133681724
0.06375104322620997       0.012680870931048336     0.9512427138703757       0.2141891594436578       756974.8999630986        170446.31741078128
0.06320669770746197       0.01516289434499635      0.9666853743602538       0.2504839748442365       769263.7787203686        199328.813808831
0.06144306521252738       0.013367183274893467     0.9883119901056484       0.21244403966976358      786473.6927115115        169057.59521926788
0.06455085815590972       0.007628021456159374     0.9155657643732926       0.12839965568625464      728584.0856285952        102177.19946882408
0.06250603666510933       0.0062266379091941515    0.9481094907009667       0.1017613857740138       754481.5601869914        80979.13780907787
0.06419919804316698       0.010171674916857451     0.9273009020520213       0.17285193223157924      737922.6114757633        137551.1971882057
0.06222549860463842       0.008608265874489552     0.9570590090835521       0.14034035223424743      761603.3606313923        111679.30386669097
0.06189574113966521       0.011035446616785908     0.9703158682004064       0.17853227266390126      772152.8339229934        142071.46847944974
0.059223630780985574      0                        0.9973928119775618       -1.2370582707266015E-5   793699.9811527716        -9.844196933942536
0.0606010970098703        0.0022865272297456704    0.975789018004661        0.036660413980036166     776508.2281511413        29173.430503589898
0.06256061886877046       0.0176399820509105       0.9953166820567438       0.29806160703984524      792047.8494557757        237189.8905315272
0.060568515402665085      0.01562018362407429      1.016531088795421        0.24259865303513553      808929.7379418882        193053.87408988728
0.05575202754028216       0                        1.0521588220449594       -9.87898655163855E-5     837281.3872310057        -78.61447712158163
0.057099010824702985      0.0026727789723116403    1.0310193527030653       0.04191342390528733      820459.1320304956        33353.642982162455
0.05255572074835925       0                        1.103446253161981        -3.3436319952823205E-4   878094.6281348012        -266.0777799646991
0.05380127266310478       0.0029114445363972907    1.082203404660774        0.04640402400622967      861190.1064132043        36927.14899973214
0.061817502454709836      0.020089708565878824     1.0430807733838894       0.35193350478742524      830057.3056408154        280059.7846328697
0.05973023596848539       0.017948131582318172     1.0552677739409309       0.27123640279958566      839755.4125413996        215843.07126009229
0.06097850118224881       0.022508273891315628     1.1334772165335987       0.420461415436633        901992.5094668241        334592.5632307755
0.059218548781382         0.020485610281591553     1.114033540224747        0.30316065947280185      886519.7234846615        241247.58753047616
0.06005216961323365       0.024874423103730836     1.487277187171463        0.3802219121965429       1183537.5804307417       302570.983989662
0.05858530338916283       0.022791890737242613     1.2066684435051858       0.29735644359273156      960236.2372842688        236628.7392900479
0.05903406479391344       0.027202558591206637     1.3484840224653498       0.0859496712847555       1073089.4892790143       68396.57521046186
0.05782127869504935       0.024840028560771457     1.2906803097496162       0.20977142252301498      1027090.75624015         166930.7940697819
0.057917144340735784      0.029506006022746948     1.302376404396719        0.0668045339947826       1036398.2126299354       53161.35903110107
0.05676211273728763       0.027102405874028127     1.2832769716531904       0.10637346413702224      1021199.3669730164       84649.31315607771
0.048708367375964616      0                        1.170588169931029        -6.807036941428711E-4    931524.4678470943        -541.6867885187579
0.05015164801378945       0.003115508154519946     1.14116302445324         0.054424804945459225     908108.6810771528        43309.88366941033
0.04435839530101498       0                        1.262881795974877        2.033608105923408E-4     1004969.4018508606       161.8293911847286
0.046554939636276216      0.0035374315168327257    1.2061100141000882       0.07295963187086431      959791.853283323         58059.430292065204
0.04                      0                        1.390918589358443        0.0023667197124334575    1106857.8446740117       1883.375705734069
0.04277024955767058       0.0028623216381112064    1.2966022084518518       0.07919495205703868      1031803.2534949013       63021.34043901686
0.05671038876554247       0.03176368690912685      1.3228222118525046       0.057666098445868695     1052668.4692404026       45889.22308241933
0.05545939355722572       0.029164655752913597     1.2723654741896149       0.05447066748417321      1012516.273183703        43346.379918105704
0.05541566997911667       0.033972099151592446     1.4231772178833502       0.052749795687039275     1132528.4456095325       41976.953653399214
0.05415668672554015       0.03112010342237579      1.2888335265267443       -0.005391664237705279    1025621.1328464538       -4290.550074612955
0.03975001577389203       0.004465002348860993     1.3694036353887256       0.15223925929104642      1089736.7883006362       121148.15324409395
0.054045524799665436      0.036112065146274144     1.7867306996687977       -0.275041041674919       1421835.114131649        -218870.70667853672
0.052923719380065105      0.03358345233181793      1.3616718741852416       -0.13222682133200678     1083584.048228933        -105222.76112158876
0.052583878154913485      0.038209105697323165     1.3732275152664684       -0.6405425470827989      1092779.735222298        -509727.56314450275
0.051637426720510284      0.035583939064614184     1.346523682101652        -0.3539610517836527      1071529.4999838888       -281673.25526687334
0.038806436995186995      0.009698476567924589     1.2842505297983224       0.3177551298886732       1021974.0999289422       252861.498072948
0.04335011379022225       0.007498562567902722     1.2356140102926976       0.18116630832574662      983270.3874584145        144167.56745876482
0.05102917622066877       0.04026193207286425      1.2536482825206718       -0.7163334123196384      997621.6053091493        -570040.0173627763
0.05033161844652739       0.03761246575416119      1.2332124600306662       -0.5379076519434657      981359.2944819847        -428053.30866878666
0.03704210727670098       0.015095770550103652     1.1051170140983133       0.4461659680041157       879424.1774435118        355047.5962361772
0.04218489707406328       0.013782046257276644     1.1330413557414365       0.2833810900375798       901645.6624689613        225507.5062912514
0.04939438330914037       0.042251566805382695     1.2053971377115442       -0.8604919463152864      959224.5642780717        -684757.7337342183
0.0486582310994855        0.03972088982711372      1.0935430148990755       -0.6881013240925459      870213.88152401          -547573.635387035
0.03451540113008023       0.02021601060619171      0.836498914907124        0.485028519715857        665664.6859923776        385973.43226661725
0.03985225972650517       0.019772452230483108     0.9655757368862398       0.30945708054397675      768380.757275222         246258.12021680348
0.04768209866637226       0.04417485106675903      1.2221970689637072       -1.1174275625230858      972593.5247900005        -889220.6006133853
0.04712813661126844       0.04184546733664781      0.9613731520625414       -0.9139655384244222      765036.4465329492        -727310.6662794622
0.031410273008083966      0.02476680741552352      0.5410035731912607       0.42197656829646496      430516.9645188356        335798.2835666858
0.03651644715683082       0.025321313522787155     0.7246263425662686       0.2570926358224435       576639.3215701137        204587.81911833183
0.04418709781818122       0.04418709781818121      0.26873647082085345      -0.9910469219542648      213853.68860104858       -788650.0823251453
0.04194383895649689       0.041943838956496886     0.3919893417212516       -0.612907308313143       311935.20687137655       -487736.13887592516
0.04470446419263368       0.0415131646872687       0.6565642949904208       -0.8052625529094114      522477.26502685394       -640807.5789116585
0.039461089607126715      0.03946108960712671      0.4396663617863343       -0.35387697307740634     349875.3739476235        -281606.34755833395
0.042939308831720965      0.03840567964861606      0.6647276453431032       -0.4603495532475617      528973.452830956         -366334.5347474757
0.04596194077712559       0.045961940777125586     0.6813636231188844       -3.244646841377231       542211.9433118684        -2582007.9169634557
0.045965599410812685      0.043492121515008794     0.7564023149392366       -1.1108141559879567      601925.8369436605        -883957.8189096752
0.028284271247461905      0.028284271247461898     0.3182835345878591       0.31742588547129263      253281.98917209005       252599.4936903903
0.032411629323693916      0.0281723949741675       0.4982291140860304       0.24965609704063696      396478.13149543793       198670.00958523637
0.03714754426252419       0.03714754426252419      0.4510847701872964       -0.1835896556284531      358961.85464389925       -146096.00596903558
0.040413597884448954      0.035908972791524815     0.6190653963397607       -0.24123052912159168     492636.5896230813        -191965.15567187362
0.03145422387371496       0.03145422387371495      0.3982200624849875       0.14246909973187252      316893.4569142459        113373.30730089865
0.034483240978205404      0.0344832409782054       0.438326566717622        -0.022484729063750725    348809.198908045         -17892.77887288966
0.03808449549456883       0.03286328645406241      0.6054605791623591       -0.0534925846523466      481810.22010485624       -42568.04633091309
0.035536432399406855      0.02999985059699316      0.5767549660068164       0.1113737771522465       458967.01896391454       88628.43582297613
0.06110428110674211       0.005059695838802648     0.9694222878657184       0.08129147533534858      771441.745286417         64689.700654268076
0.05977619344967864       0.011899088506561479     1.0060846555535747       0.18268952072835765      800616.7305012915        145379.701375037
0.05946020034948339       0.013804615625894447     1.0199553227601208       0.20779549694920973      811654.6567508137        165358.4024585179
0.06022105151685649       0.007075052290291852     0.9859108788669356       0.11191270281697589      784562.9490987383        89057.29924047996
0.05998010610712279       0.009512762057648578     0.994677693223383        0.1485635571474245       791539.3582987263        118223.12241663942
0.058570410028595116      0.005039961200732633     1.0090671757608074       0.07895127864166232      802990.1446705541        62827.43129623068
0.05819495852801234       0.010894858056145592     1.0240410804068492       0.16291222796861274      814905.9993795756        129641.43185659219
0.057694174985204585      0.012864962973423284     1.0380392483359018       0.1861362476402044       826045.3874802714        148122.5195025783
0.057826257965452536      0.015481096416996623     1.0526686059114623       0.2173497286668624       837687.060342318         172961.41848506685
0.05704816815473484       0.008365731345355207     1.0345879755525604       0.12626263712487798      823298.9518631349        100476.61413121293
0.05518690630386898       0.005858068068771127     1.0597062377456823       0.090367078679017        843287.4298127029        71911.8363226989
0.05631610757676646       0.011269877384077495     1.0484203233102807       0.162699716178015        834306.384464171         129472.32034689751
0.05206232254762585       0.005822312022781028     1.1053618074775455       0.09342838072945744      879618.9778252166        74347.94309082367
0.05679167612062953       0.02315851343791077      1.2087187716208203       0.22381939249531607      961867.8365570863        178109.81337727304
0.0572657353322188        0.01846193069506336      1.0925333690256354       0.2398254980302098       869410.4308663585        190847.0674549175
0.056933186752370205      0.021117086747456305     1.147856128720865        0.24328517089545823      913434.8842212628        193600.18764484348
0.055584659424870564      0.02488944436889572      1.2221699940828417       0.15571827650881517      972571.9792843837        123916.66718064249
0.0547358464837948        0.026998078983226592     1.230574645379064        0.0907020926539967       979260.188278171         72178.4319733133
0.05530407660431601       0.01378562477999494      1.0673358584788073       0.18503976789861631      849358.8890806691        147249.96864820903
0.055356791600913724      0.016566620757438134     1.082736082401132        0.20631239161888476      861613.9978904694        164178.18473628213
0.05296847565856905       0.010198118810209328     1.0857599183548046       0.14837310222477382      864020.2900860993        118071.56320475924
0.04875780821743957       0.007100307789290035     1.148175772365896        0.12402626561305001      913689.2485519355        98696.96622772636
0.05465355560566298       0.02236651933847852      1.1577776345079354       0.18487545423203133      921330.1676658982        147119.21198693625
0.05452939092470898       0.01917303838457936      1.1101196304245495       0.20325970902496718      883405.1330270754        161748.9371137193
0.05186262121024401       0.03135127010898857      1.2308740195514334       -0.07573427005983192     979498.4226750042        -60267.41720739391
0.05243577973957758       0.028465035246850005     1.1939376781592013       0.024551656856736        950105.4161134865        19537.587749227798
0.052759228712369224      0.02491094780892927      1.1611218916657695       0.11535512261371224      923991.4429540971        91796.6898747199
0.0518609204017809        0.016000289264918133     1.0926121233433708       0.18792228115626758      869473.1015611455        149543.7998156246
0.047524681110099755      0.012289727036975352     1.1248076454117253       0.19248046119852044      895093.4839741596        153171.08424176145
0.05132319169902929       0.02095008528309967      1.1036190568965973       0.16680191453633517      878232.1409775456        132736.7460782481
0.04936873508246903       0.03024290338227422      1.1144293454050629       -0.07102638049799222     886834.6952394047        -56520.997730906274
0.05042774845047746       0.03333032296407478      1.2102769868788894       -0.20531369255878096     963107.8248607009        -163383.44527589835
0.049686482830344436      0.03555726943103124      1.184233390729021        -0.37082438312561017     942382.9895449982        -295092.6679672183
0.04870365208793653       0.025465018036455078     1.071061661597504        0.07763050392611304      852323.7889973081        61776.39217277839
0.0460258715185235        0.01915903753225525      1.0553781058277447       0.2008051379779274       839843.211867235         159795.65153718615
0.04596113683664836       0.02901878706166652      0.9797701415660788       -0.028611292836319024    779676.3056204375        -22768.14341574954
0.04784166852015467       0.037048530871989116     1.045374533975783        -0.4753762349422139      831882.6223231618        -378292.3880973376
0.047087505479231954      0.033663103465722585     1.0150743423488777       -0.2477664475824859      807770.4959528936        -197166.27432535807
0.0426967240704496        0.025351605645302363     0.9125848864588553       0.12305675426984594      726211.9783544142        97925.45361445339
0.042609636797380515      0.029628644702434793     0.8473930971157138       -0.016705085898979264    674334.0007395818        -13293.484977986338
0.04378445302512385       0.03195812206823247      0.8618599943876124       -0.13197279370144932     685846.3917997085        -105020.61235616305
0.04612197601220305       0.039201681571132366     0.8799507445468898       -0.6242692251125841      700242.5533601558        -496777.6649840746
0.045460046817955034      0.03667635705515874      0.882372200095276        -0.4190325322968594      702169.4864601707        -333455.4941567973
0.04347934269777564       0.03482951869708682      0.7993595312850473       -0.26803120464565316     636110.1035581791        -213292.45561115546
0.03919241043959598       0.028970073190848704     0.7327092751313237       0.06740509854799899      583071.5149321484        53639.27311755188
0.04119114414817309       0.03236487715326621      0.7415142304543187       -0.1038858710299546      590078.2757489383        -82669.749459122
