% Model:              
% Version:            COMSOL 5.4.0.295
% Date:               Aug 15 2019, 14:15
% Dimension:          2
% Nodes:              88
% Expressions:        1
% Description:        Magnetic flux density norm
% Length unit:        m
% x                       y                        mfnc.normB (T)
0.0752619062488484        0.0752619062488484       0.08574369542966075
0.07110416698979649       0.07718122173747982      0.053491886446794104
0.07141778489984131       0.07141778489984131      0.08799450864698535
0.06661451656925015       0.0759177593336704       0.041350074836270685
0.0791060275978555        0.0791060275978555       0.08456990093196252
0.07393259803348753       0.08072977010608728      0.050801922899165436
0.07771811892747375       0.08416380093996868      0.05291031087745735
0.08294845689991998       0.08294845689991998      0.08538782914937974
0.08168403030597077       0.0874567552145417       0.05632313987409063
0.0866774700203677        0.0866774700203677       0.08649162633613638
0.08572636717387994       0.09042488644102491      0.06111125679272022
0.08988112663598236       0.08988112663598236      0.08587358751215113
0.09263098833543773       0.09263098833543773      0.08357826383564504
0.08851766781707743       0.09268052298481017      0.06309663154118475
0.06771381306427407       0.08257351967401705      0.02667152938733507
0.06056683029998469       0.0808248666402417       0.016220704586690442
0.08949988271514439       0.09565966231372233      0.054119754710331404
0.060924453194106505      0.08924052924100506      0.00906355528020333
0.05361556997133018       0.08559422093020881      0.005738347804734661
0.08525132624561366       0.09488496356484526      0.04294283015191266
0.08552261932634811       0.09923145460770261      0.03241286395062018
0.05267566064272923       0.09282085738597545      0.003115981065119136
0.04629619622961444       0.08976448192168787      0.0017357421884413528
0.08000186857163437       0.09739581157813007      0.025139211604623554
0.08032298011987815       0.10348535579811115      0.017407911287614538
0.04483106480858704       0.09686052150665937      0.0010451806284686612
0.0386491784212742        0.09331259833141778      4.0571190202208155E-4
0.07332908724454539       0.10080729298558873      0.01255147552936709
0.07401797320698442       0.10808487240280269      0.008693867948386157
0.004050123778681857      0.10513076560035228      1.1811930491851849E-4
0                         0.10100000000000003      1.5869419154734024E-4
0.006578379393216039      0.10078553926312499      1.7348728734995462E-4
0.028115408087204155      0.1026210968932648       2.6501130366299715E-4
0.022600091214979457      0.09843899571346006      2.3592245785414442E-4
0.03072782204216832       0.0962122702805876       1.8536941072572004E-4
0.019727943768703057      0.10525816646854863      2.1341773931269777E-4
0.014318219830819759      0.09997994089254264      2.1220971908953216E-4
0.010591264190480497      0.10637620263533301      1.4313212732879743E-4
0.03700955611068109       0.10097208322620153      4.218541048784862E-4
0.06688732439854284       0.10495667947413796      0.00620176847271794
0.06721526855054541       0.11244157448950126      0.004360846666342456
0                         0.10700000000000004      9.018882267996428E-5
0.060419466387965526      0.10937338322996243      0.0030863584388955184
0.06014167762637666       0.1163786003193241       0.002291131950480446
0.05408042411199708       0.11267903087081892      0.001712924298473763
0.05282526262801104       0.11987698539870635      0.0012796250588047039
0.0046646927523761065     0.11040354724381815      7.177820713465372E-5
0                         0.11300000000000004      2.7486457332234776E-5
0.04660036810396199       0.11523732892923026      9.571280718443415E-4
0.04530798754979872       0.12291536219768172      7.751080772924065E-4
0.0044838172772446415     0.1158462536030136       4.4286951849410295E-5
0                         0.11900000000000005      3.165391703881414E-5
0.03908490924142674       0.11804675753366058      5.798541827533127E-4
0.037627302661560405      0.1254798234554677       5.066193855932352E-4
0.031942584135248565      0.12090995975420814      3.887505669786947E-4
0.029810974857823237      0.12756294829622838      3.520684467495242E-4
0.025202416496314193      0.12283581011910626      2.7927279335594E-4
0.02187730836630322       0.12916030109381788      2.5384247618159025E-4
0.004417398447274388      0.12161579057739536      7.06029127014905E-5
0                         0.12500000000000006      8.711863117981648E-5
0.017610438905845908      0.1238461816253665       1.9212807891285657E-4
0.013817268521420872      0.1302692714749221       1.8721026755893184E-4
0.009738247910094505      0.124759371127655        1.2651704644610348E-4
0.006348635748884164      0.1308460730176034       1.491102437276398E-4
0.004018994078188726      0.12658629924459947      1.079168613755098E-4
6.938893903907228E-18     0.131                    1.3801151815039824E-4
0.07310658759933572       0.08536457546069268      0.034125370585319684
0.07553101312827305       0.08937722036071502      0.03091925659303964
0.0803892469360492        0.09232181778556693      0.03634817488342629
0.06940252162680202       0.08961519957703046      0.01878004787441517
0.0741408761909233        0.09439126955414467      0.019899738148374306
0.058357480431332         0.09648587892554875      0.004763485526307556
0.06613672919314266       0.09686443980128844      0.00905435533511659
0.05204673816537437       0.10099807447561884      0.002097298544367843
0.05992800951696042       0.10255556614744875      0.003946753752232157
0.055175309856036636      0.10681123392139834      0.0022444835609254704
0.04450716886804966       0.10333716763393733      9.26846340639411E-4
0.03269452964523569       0.10766644718467458      3.791248284993488E-4
0.04844631423540492       0.10817331959265204      0.0012448309356108435
0.025416071987330327      0.1109560073771309       2.6798155549682143E-4
0.01678144995236947       0.11202360015482467      1.720477888828925E-4
0.009874569707382104      0.11355920051830795      1.007062004516771E-4
0.04017950999559933       0.10966620786678541      6.374835364613057E-4
0.032752102045363586      0.1141168405599902       3.991843413156039E-4
0.027184664658705195      0.1174018503334053       3.010358987758215E-4
0.020955293897338308      0.11740910520991388      2.1682461640426057E-4
0.014072098243604362      0.11864323072678397      1.4265221571940607E-4
0.008265045410884313      0.11850824563078263      8.547052711797917E-5
