% Model:              
% Version:            COMSOL 5.2.1.229
% Date:               Feb 7 2018, 17:12
% Dimension:          2
% Nodes:              122
% Expressions:        1
% Description:        Magnetic flux density norm
% Length unit:        m
% x                       y                        mfnc.normB (T)
0.065                     0                        0.903941180124431
0.06495155829144499       0.0025089989065413534    0.9060867756830819
0.06333287644542851       0.0018106021124452074    0.932359752403759
0.062434126538710166      0                        0.946353195986963
0.06480177556429301       0.00507246327882234      0.912961690565786
0.0628829375138147        0.0038274875459252283    0.9422625987633267
0.06375104322620997       0.012680870931048336     0.9763366929291041
0.06320669770746197       0.01516289434499635      0.9994763729012933
0.06144306521252738       0.013367183274893467     1.0117603170046425
0.06455085815590972       0.007628021456159374     0.9251460915767084
0.06250603666510933       0.0062266379091941515    0.954182302455396
0.06419919804316698       0.010171674916857451     0.9440379906764184
0.06222549860463842       0.008608265874489552     0.968004788791298
0.06189574113966521       0.011035446616785908     0.9874380729078874
0.059223630780985574      0                        0.9980033119950131
0.0606010970098703        0.0022865272297456704    0.9770767057181732
0.06256061886877046       0.0176399820509105       1.0396747205737613
0.060568515402665085      0.01562018362407429      1.0458344984454135
0.05575202754028216       0                        1.052799049401907
0.057099010824702985      0.0026727789723116403    1.0325084341722597
0.05255572074835925       0                        1.1041007224960107
0.05380127266310478       0.0029114445363972907    1.0838502058560728
0.061817502454709836      0.020089708565878824     1.101395280057614
0.05973023596848539       0.017948131582318172     1.0902139952001286
0.06097850118224881       0.022508273891315628     1.2092625916321762
0.059218548781382         0.020485610281591553     1.1550707885074434
0.06005216961323365       0.024874423103730836     1.5451863002733133
0.05858530338916283       0.022791890737242613     1.2433440202261514
0.05903406479391344       0.027202558591206637     1.3517759806121898
0.05782127869504935       0.024840028560771457     1.3081413825307016
0.057917144340735784      0.029506006022746948     1.3055004913293395
0.05676211273728763       0.027102405874028127     1.2886032213589662
0.048708367375964616      0                        1.1712564479224168
0.05015164801378945       0.003115508154519946     1.1431207568979669
0.04435839530101498       0                        1.2635771883105158
0.046554939636276216      0.0035374315168327257    1.2089891124422343
0.04                      0                        1.3916755002731613
0.04277024955767058       0.0028623216381112064    1.2997213877952822
0.05671038876554247       0.03176368690912685      1.3265381603277984
0.05545939355722572       0.029164655752913597     1.2750699776939458
0.05541566997911667       0.033972099151592446     1.4287783281352777
0.05415668672554015       0.03112010342237579      1.2910443306662513
0.03975001577389203       0.004465002348860993     1.3785672566942058
0.054045524799665436      0.036112065146274144     1.8267307817721175
0.052923719380065105      0.03358345233181793      1.3714168343893973
0.052583878154913485      0.038209105697323165     1.5177708364891815
0.051637426720510284      0.035583939064614184     1.3953320973252168
0.038806436995186995      0.009698476567924589     1.3236168671974549
0.04335011379022225       0.007498562567902722     1.24948575809202
0.05102917622066877       0.04026193207286425      1.4441123088195003
0.05033161844652739       0.03761246575416119      1.3467953818985137
0.03704210727670098       0.015095770550103652     1.1922412059457472
0.04218489707406328       0.013782046257276644     1.1684921836859254
0.04939438330914037       0.042251566805382695     1.4793949590446391
0.0486582310994855        0.03972088982711372      1.2917225416549891
0.03451540113008023       0.02021601060619171      0.9671369169327146
0.03985225972650517       0.019772452230483108     1.01429989500659
0.04768209866637226       0.04417485106675903      1.653978015217964
0.04712813661126844       0.04184546733664781      1.3247319378933342
0.031410273008083966      0.02476680741552352      0.6860630096062662
0.03651644715683082       0.025321313522787155     0.7689407521106169
0.04418709781818122       0.04418709781818121      1.02846668045209
0.04194383895649689       0.041943838956496886     0.7268972332944755
0.04470446419263368       0.0415131646872687       1.0377696313522546
0.039461089607126715      0.03946108960712671      0.5640193184874073
0.042939308831720965      0.03840567964861606      0.8081588101882345
0.04596194077712559       0.045961940777125586     3.4032980239587114
0.045965599410812685      0.043492121515008794     1.3475935175024412
0.028284271247461905      0.028284271247461898     0.4493600892257216
0.032411629323693916      0.0281723949741675       0.5571688699448162
0.03714754426252419       0.03714754426252419      0.4867552695842942
0.040413597884448954      0.035908972791524815     0.6641698300541478
0.03145422387371496       0.03145422387371495      0.4227856253901985
0.034483240978205404      0.0344832409782054       0.43871753655240725
0.03808449549456883       0.03286328645406241      0.6076861828293162
0.035536432399406855      0.02999985059699316      0.5873096165926742
0.06110428110674211       0.005059695838802648     0.9734483850460233
0.05977619344967864       0.011899088506561479     1.0233214437848668
0.05946020034948339       0.013804615625894447     1.0416741603924535
0.06022105151685649       0.007075052290291852     0.9929146914087803
0.05998010610712279       0.009512762057648578     1.0064442611125306
0.058570410028595116      0.005039961200732633     1.0127977148492242
0.05819495852801234       0.010894858056145592     1.0376463807198717
0.057694174985204585      0.012864962973423284     1.055318966294456
0.057826257965452536      0.015481096416996623     1.0755707440202493
0.05704816815473484       0.008365731345355207     1.0429501334101692
0.05518690630386898       0.005858068068771127     1.0642130761689468
0.05631610757676646       0.011269877384077495     1.0616659440096567
0.05206232254762585       0.005822312022781028     1.1099612883109256
0.05679167612062953       0.02315851343791077      1.2298011258382933
0.0572657353322188        0.01846193069506336      1.1191729851843797
0.056933186752370205      0.021117086747456305     1.1739231539705264
0.055584659424870564      0.02488944436889572      1.2327903433769438
0.0547358464837948        0.026998078983226592     1.2349774521845076
0.05530407660431601       0.01378562477999494      1.0839349439558905
0.055356791600913724      0.016566620757438134     1.1028706608023802
0.05296847565856905       0.010198118810209328     1.0965171019792914
0.04875780821743957       0.007100307789290035     1.1555060436580076
0.05465355560566298       0.02236651933847852      1.1731029158606532
0.05452939092470898       0.01917303838457936      1.1292118508587787
0.05186262121024401       0.03135127010898857      1.2350413089694154
0.05243577973957758       0.028465035246850005     1.1954614999145914
0.052759228712369224      0.02491094780892927      1.1676702091325486
0.0518609204017809        0.016000289264918133     1.1093028907679983
0.047524681110099755      0.012289727036975352     1.1417851681066196
0.05132319169902929       0.02095008528309967      1.1168025188550255
0.04936873508246903       0.03024290338227422      1.1177810440640128
0.05042774845047746       0.03333032296407478      1.2293154336146903
0.049686482830344436      0.03555726943103124      1.2423445402290032
0.04870365208793653       0.025465018036455078     1.0745693162062355
0.0460258715185235        0.01915903753225525      1.0748676400506796
0.04596113683664836       0.02901878706166652      0.9807144852612814
0.04784166852015467       0.037048530871989116     1.1487771705907666
0.047087505479231954      0.033663103465722585     1.045513227024501
0.0426967240704496        0.025351605645302363     0.9211554803639993
0.042609636797380515      0.029628644702434793     0.8477488595780521
0.04378445302512385       0.03195812206823247      0.8721108049624477
0.04612197601220305       0.039201681571132366     1.0783641593267157
0.045460046817955034      0.03667635705515874      0.976773403823751
0.04347934269777564       0.03482951869708682      0.8430641395269863
0.03919241043959598       0.028970073190848704     0.7358339296096514
0.04119114414817309       0.03236487715326621      0.7487460526393193
