% Model:              
% Version:            COMSOL 5.3.1.275
% Date:               Feb 11 2019, 19:22
% Dimension:          2
% Nodes:              386
% Expressions:        4
% Description:        Magnetic flux density, x component, Magnetic flux density, y component, Magnetic field, x component, Magnetic field, y component
% Length unit:        m
% x                       y                        mfnc.Bx (T)              mfnc.By (T)              mfnc.Hx (A/m)            mfnc.Hy (A/m)
0.1293461170650485        0.12934611706504845      0.6229153264124832       -0.11562071871433525     495700.2666312408        -92008.04453612032
0.1308147545195113        0.13081475451951127      0.6491980024256875       -0.1548128535371917      516615.35565716214       -123196.15447302838
0.12879662440253947       0.13093491227679283      0.6000533742406019       -0.1503820297693754      477507.3031468139        -119670.21694994326
0.12943771799497256       0.1321774457320686       0.6129561341090488       -0.18584865640341489     487774.9932097692        -147893.66166795357
0.12804648716602515       0.13352564219819701      0.5677206756965901       -0.22652183642403143     451777.75916291587       -180260.34992569173
0.1275493845238371        0.13189795950906885      0.558459035506189        -0.16920978488349522     444407.5800757113        -134652.86841862267
0.12664121459680738       0.13485919607296115      0.5056267673283749       -0.2845557980481062      402364.9968994325        -226442.30922407602
0.12623495900627404       0.13317851557816526      0.49921408081067725      -0.20245502463092965     397261.94311048085       -161108.5896190194
0.1275354884488051        0.12753548844880505      0.6005181946679485       -0.06135038246887722     477877.1954901254        -48821.08315250083
0.1269336872560939        0.12981825793208873      0.5621079620782826       -0.10534638001311969     447311.30358035164       -83831.98557962624
0.10940192717387742       0.10940192717387738      0.5947103999456368       0.37655204009451443      473255.4992975307        299650.59256189765
0.11089936157636097       0.11089936157636092      0.5932309334150894       0.3454892432611118       472078.17724015255       274931.6042504212
0.10898564663679348       0.11136394407659243      0.5692983562687725       0.36173678419814426      453033.23747133027       287860.98651650443
0.12567082945975727       0.12567082945975722      0.588225291042822        -0.004987900278007564    468094.8136056694        -3969.2449244717136
0.12500546307281077       0.12804324558700908      0.5433654237515656       -0.03937342496615067     432396.46547642          -31332.376049103605
0.12402581239292998       0.12402581239292992      0.5835097650593166       0.04243444686537066      464342.3172579038        33768.25987997061
0.12329438086434388       0.12635341201773825      0.5392200306059953       0.017026342043209377     429097.6664255362        13549.132494750666
0.11252957012758759       0.11252957012758753      0.5915805641272688       0.31147243144011244      470764.855089734         247861.88550272686
0.11043195781345538       0.11301746755426643      0.5654727932357972       0.32969437732798873      449988.9511372919        262362.4493067696
0.12522205439129222       0.1361779611171509       0.3984599265308005       -0.3851486509590221      317084.3346570518        -306491.55812651716
0.12482149391154818       0.13439923224946135      0.40828859618582786      -0.23505897323976332     324905.7414551263        -187053.9875460694
0.10818733752154178       0.10818733752154173      0.5959211621855711       0.40168206530916273      474218.9932745035        319648.4312265739
0.1080914335457091        0.10978874589561197      0.5775946617071724       0.38695792502657683      459635.22757093795       307931.3326828137
0.10704849109854485       0.1093143199838189       0.5724710673338976       0.40291816057546054      455558.00071641523       320632.0845853928
0.12378916217638879       0.13748179271331792      -0.09229586516171524     -0.4136249764075133      -73446.71583715019       -329152.29790762166
0.1233522484713093        0.13566261109187705      0.24153213740631962      -0.22353266292373064     192205.1679188332        -177881.64123403086
0.12225129632401627       0.12225129632401621      0.5822013368319523       0.0903032827450602       463301.1031575738        71861.06913150696
0.12153400701938624       0.12463324760521759      0.5397422928253626       0.06884759583445453      429513.26949454844       54787.17598523211
0.11414567048048108       0.11414567048048102      0.5898640704666354       0.27737505133106927      469398.91283535544       220728.0525485394
0.1119088689061217        0.11484012519303913      0.5598460550317313       0.29545146350167745      445511.3351439866        235112.80430013328
0.10589790560217217       0.11042931489904939      0.5490509367203217       0.40437337741102447      436920.8529413732        321790.10934864555
0.10726704543242765       0.11084968970480515      0.557975138784532        0.38544523972178496      444022.5072997229        306727.5759648133
0.12217571274840078       0.1389175842520314       -0.007275069468211971    0.07899090906275158      -5789.316336014308       62858.968183296536
0.12161907985047148       0.1368292900249417       0.13810866196720453      -0.0497446063491418      109903.38117944123       -39585.499963131995
0.11598441838414052       0.11598441838414048      0.5878109746579405       0.2378360654312859       467765.1111023803        189263.92729458303
0.11350108840312474       0.11664687307245578      0.5551248394648983       0.25965080208758545      441754.31116966717       206623.54315007324
0.11808166080118379       0.11808166080118374      0.5853935640006682       0.19123359494161826      465841.3968244407        152178.8596009591
0.11534759290719704       0.11869358653297361      0.5495421233055744       0.2176297897802072       437311.72680649016       173184.28403785007
0.12028006395478259       0.12028006395478255      0.5831555839981891       0.13973464325084234      464060.4689247639        111197.29597277055
0.11745265006345543       0.12079035503901067      0.5451786700274461       0.17001476436738697      433839.40101566684       135293.45073836736
0.11957202793446801       0.12278802816865171      0.5419090634815208       0.11980727733948056      431237.5307969186        95339.60203479975
0.10473570720708933       0.11153219999547595      0.5256934847493929       0.4060240797937337       418333.5832453489        323103.6965675543
0.10617683537954772       0.11199086717364909      0.5349210918726274       0.38601593808842954      425676.6796782126        307181.72329514293
0.1201510592019396        0.1406723959156592       0.10949730472932995      0.18231037312971346      87135.18651456216        145077.98530260875
0.11973184754044128       0.13803783796518243      0.15495310709348034      0.08128445692978531      123307.76470687613       64684.115584577994
0.10356202336144707       0.11262285432931937      0.5024239572070394       0.4078375557404277       399816.2815864561        324546.8148730273
0.10514952886577766       0.11309521064290788      0.5129693860901944       0.38623729233081644      408208.06725534686       307357.8714043942
0.11754341739530118       0.1428584790169417       0.18835705028604946      0.23781808890422976      149889.77809616737       189249.62202887997
0.11708980435656896       0.13959136895588883      0.20643003511304472      0.16593397176616656      164271.80245437296       132046.05916728204
0.10237698277290531       0.11370115829804131      0.4792522920137074       0.4097686055190152       381376.85631051          326083.4954611209
0.10410710514299855       0.1142050349554658       0.49091611836243665      0.3865048676612784       390658.6344043387        307570.8010868565
0.11441252624268435       0.14537803767683424      0.25087339207887766      0.2680358030085182       199638.7021979226        213296.11487205594
0.11387160760009699       0.14133509552964338      0.252099506413996        0.2119631876903285       200614.4129840722        168674.9453721548
0.10103298054731072       0.11489707064032019      0.4533478257165034       0.4120203037475678       360762.73701372294       327875.33997824794
0.10285458506928753       0.11569643738234807      0.46293415356921197      0.3851375366766334       368391.2943330133        306482.7136616118
0.11055711964268396       0.14833112719963137      0.31226698165593286      0.2783417165506965       248494.16847463962       221497.30028863283
0.10997235721324651       0.14354044470951663      0.29174186855788947      0.23325831753658557      232160.80243927054       185621.07126623267
0.09934331515568741       0.11636110060444488      0.42127506474138626      0.4148496190331366       335240.04477474926       330126.8375445666
0.10147473158242162       0.11723790918763641      0.4334587673866941       0.38433865079361795      344935.5272805619        305846.9804753705
0.10547653551357596       0.15198585610527482      0.393523772475511        0.259254503818331        313156.2680682396        206308.17900762017
0.10529564883428749       0.14619994928982888      0.32990662062666615      0.22306379722090908      262531.3471573828        177508.52976277936
0.09716393613704864       0.11818701076833917      0.38048664092072837      0.41829087772344486      302781.6484148247        332865.3041996691
0.09976824023892704       0.11911502907762903      0.3976819936886828       0.3829950667252738       316465.275370969         304777.790245688
0.09922330544983396       0.15614011545918915      0.5399530463225114       0.20389089102388813      429680.98179877416       162251.21578931375
0.09938540265322436       0.14912586917696705      0.3663919622489413       0.14990340227395013      291565.4595052907        119289.33729096013
0.09458331213776978       0.1202622013146657       0.33237946117159367      0.4218284225331954       264499.1711383991        335680.3929140735
0.09768151045277133       0.12149519612871301      0.35355680509887727      0.3789743975120475       281351.56597632077       301578.2433465762
0.09250000000000004       0.16021469970012114      0.28795993397026826      -0.6258390164585473      229151.23451891987       -498026.8652457393
0.09240589853367882       0.1526442338787919       0.3252149753065631       -0.016398763390910783    258797.854437741         -13049.721271289314
0.08512029605997899       0.16425448303976825      -0.03842870877291768     -0.08580067533794498     -30580.594789243663      -68278.0080032841
0.08536907453025379       0.15650979974267867      0.1025014692279394       -0.0996763813604233      81568.07750904177        -79319.94401512115
0.09142645688190261       0.12267926875402205      0.272208662747574        0.4253028746029386       216616.77114355532       338445.27402125095
0.09505175942989885       0.12428842852701251      0.2998892706789093       0.37243844424455214      238644.29904385904       296377.09699487867
0.07698135683992181       0.1682226818805497       -0.011015393639098148    -0.02540614195006492     -8765.77173882746        -20217.56538123598
0.07795557032115034       0.16037195134605267      0.016688122959009212     -0.03958030608417685     13279.986299258315       -31497.006811934825
0.06866813790581779       0.1717838375300412       -0.0038688160147593866   -0.00984180138001739     -3078.7059633102167      -7831.856692792023
0.07029120837865417       0.16402179467018294      0.0046811282827215655    -0.016053237033617357    3725.1235272120625       -12774.760132630387
0.06020218590090647       0.1749305485407071       -0.0015129546379925075   -0.004301403748702367    -1203.9710465515834      -3422.9483441999528
0.06309544030015812       0.16718975127699676      0.0017481226464370816    -0.007295087253008398    1391.111801556736        -5805.245983014814
0.05159308287688189       0.177660220081084        -6.614550366883673E-4    -0.0020901491849540468   -526.3691936099232       -1663.2878729246638
0.054495736292983384      0.16952421543229193      8.978274273734869E-4     -0.0032028119093928955   714.4683655498503        -2548.7167358673546
0.025061704966241747      0.18329460151402452      -1.7983040924322643E-4   -3.476589697880116E-4    -143.10449274648974      -276.65821775998967
0.016040574762979664      0.1843032825569671       -1.647522250827841E-4    -1.911941187931413E-4    -131.10565503656815      -152.1474454801374
0.018956677996069527      0.177140425424732        -5.540467005111985E-5    -2.405478089335391E-4    -44.08963554505609       -191.42186420848762
0.0073752053316123774     0.18485293166816844      -1.5942987796653782E-4   -8.1693205082709E-5      -126.87026577456072      -65.00938702966543
0.010852453266688551      0.17816685472505606      -7.893014694025626E-5    -1.255397519707247E-4    -62.810615222557104      -99.90136040335673
3.946495907847236E-17     0.185                    -1.5810672909831848E-4   6.994184230716434E-8     -125.81733736044295      0.05565794966069529
0.004560478838458599      0.18029066168912125      -1.0588265856477747E-4   -5.116801825920914E-5    -84.25874249147871       -40.718215170847465
0.0872606152371421        0.12567650945357847      0.18538128681244104      0.429392757230233        147521.7407646819        341699.8992052488
0.0916371402569562        0.1276351771339719       0.2298729035995765       0.35843634762279525      182927.0444537967        285234.58253986406
0.0820962545971924        0.12910927534888014      0.062312429789974144     0.45092884481584994      49586.65608570529        358837.7731758035
0.0869385340323422        0.1314840356202789       0.12209282269396186      0.32628302323147407      97158.38123893183        259647.7799712841
0.04285329139431877       0.1799683178136463       -3.427659350908855E-4    -0.001092268876472832    -272.7644644661509       -869.1999543804101
0.04580292511142672       0.17129063997390462      4.552605620121168E-4     -0.0015189936383713147   362.2848441951137        -1208.7767303596881
0.03400304978443673       0.18184826808456855      -2.208273322560131E-4    -6.0950581152988E-4      -175.72880749170417      -485.02931374108766
0.02756248376278682       0.17547546171668812      3.7674468356714454E-6    -4.181865443382581E-4    2.9980389336651503       -332.7822783297592
0.03642856976430456       0.1719823288990479       2.2833403714887551E-4    -7.322629859199812E-4    181.70245344186          -582.7163692619797
2.6795382729466626E-17    0.17860000000000006      -8.682019354112864E-5    2.1309242966427552E-8    -69.08931481132834       0.016957356758265738
0.07650000000000001       0.1325018867790191       -0.3197799126069117      0.04963196717437007      -254472.76896442147      39495.86455587843
0.0815895449044021        0.13522272749867129      -0.0115801387019121      0.22889230099883198      -9215.181580495375       182146.70569821043
2.5835189843304326E-17    0.17220000000000005      -1.7580291405145275E-5   1.9091613862194062E-8    -13.989951390624165      0.015192623588849681
0.004875725145766593      0.1750140890350582       -4.5825022246518364E-5   -5.3056902272913184E-5   -36.46639403914734       -42.221341309388755
0.07064623052455389       0.1357133380057818       9.783543576861616E-4     0.0076233372576459514    778.5496606062443        6066.459037054835
0.07542801137992985       0.13899514533357488      -0.01069621446021087     0.05221887974268682      -8511.777018567846       41554.46416884923
0.06361288928767045       0.13914884231093905      0.006088664752288752     0.013375631328149855     4845.205460780726        10643.989214249314
0.06892727152938663       0.1426779754880429       0.012637281397117152     0.016755151523055924     10056.42900797224        13333.325935740242
0.05576522896384714       0.1424753987136365       0.0028863392235573514    0.00688965838284284      2296.875774345878        5482.615939219759
0.06181083737154505       0.1461835173103081       0.008851897182893436     0.006996433995257568     7044.115961993567        5567.585271807101
2.4874996957142026E-17    0.16580000000000006      4.454594365910422E-5     4.604454465367324E-8     35.44853564019754        0.036641084420237995
0.0048585519852474114     0.16902984298012813      1.6955002374399193E-5    -4.7432165168887054E-5   13.492362190102272       -37.745317740897995
0.047745211827565776      0.1453595361424247       0.0011158051955527167    0.0028254108992249796    887.929561999169         2248.3905543868623
0.05394272968980102       0.14964752347587737      0.004208845692280622     0.0026978525834688133    3349.292983187456        2146.882871961509
0.03958771601273714       0.14778975857918866      4.3155183831743296E-4    9.899799869823001E-4     343.4180413430693        787.8010424514165
0.04522441022855373       0.1525940178535208       0.0016714581447910585    8.851229139458346E-4     1330.1041295735292       704.3584349919092
0.03130882260932701       0.14976233714394846      2.122955057713212E-4     2.3845179955745682E-4    168.93939569849883       189.75391294363536
0.03797098575996396       0.1565413536723051       8.300790043420292E-4     9.585962899205323E-5     660.5558834891638        76.28266898520216
0.022924056310897365      0.15127289129997748      1.4926644175510133E-4    -2.4521526422634123E-5   118.78246021531429       -19.513610711603707
0.028466785236710847      0.15862803429278532      3.179669581119103E-4     -9.773248010267167E-5    253.03006561702082       -77.7730365448525
0.01446782872403171       0.15231441800437698      1.3873072550981273E-4    -7.940547697508649E-5    110.39840361805797       -63.18887084577349
0.019508659014334878      0.1577935624064202       1.5572318378487293E-4    -9.996437880317007E-5    123.92057226685102       -79.54912509817599
0.0066660282406816596     0.15285471555530902      1.4284794766962198E-4    -4.769561445479231E-5    113.67478491076366       -37.95496402142725
0.010936736111967825      0.15833642776692503      1.1435749762498408E-4    -7.466035853837749E-5    91.0028051331795         -59.412825571979845
2.3914804070979722E-17    0.15940000000000004      9.736972043695384E-5     1.422730121847335E-8     77.48436157508573        0.011321726578886896
0.005016387842947009      0.16296810104416254      7.204372293396709E-5     -4.154790738744758E-5    57.33057311841903        -33.06277417918279
2.775557561692138E-17     0.153                    1.4466244671236728E-4    -1.8233977421765285E-7   115.11871737020576       -0.14510138194499791
0.004199190220195581      0.1572924536472372       1.1337373143094495E-4    -3.063691615944805E-5    90.21994887003935        -24.38008323934062
0.12588233554879125       0.1317450104263535       0.5070092765818492       -0.14518299219265188     403465.1628072362        -115532.95430166298
0.10855107169309632       0.11336272090984403      0.5432836883514021       0.34687467253320103      432331.422511612         276034.0938352072
0.12447975427169493       0.13263425372600954      0.44179179866654406      -0.14612166594521941     351566.7428761995        -116279.92714002168
0.12415803479959248       0.1304105469258977       0.48370869781117376      -0.07572429797659583     384923.15136596083       -60259.481675694165
0.10748205357283255       0.11220486481941785      0.5454067408392265       0.3698076484149076       434020.8940010159        294283.57619211124
0.12239167663491482       0.1286484829014678       0.48446558834160053      -0.004916055845274806    385525.4657124451        -3912.0729414564557
0.12099272921436663       0.1269878001529538       0.49469962605134515      0.045916242590704204     393669.45415891876       36538.98488258594
0.10971722794077221       0.1151090834421747       0.535496075452789        0.3171406961264442       426134.2370731097        252372.5472206415
0.10751481502444298       0.11537524518075962      0.5113723780641954       0.3386467653662478       406937.208647871         269486.53335059795
0.10677264712829315       0.1134868718763968       0.5246062543608958       0.36494919595644165      417468.39279230376       290417.3425694021
0.1229987327319111        0.1338828559106041       0.3457294717867035       -0.13576804369192705     275122.7720370192        -108040.77633743307
0.12278416026854484       0.13218362921048826      0.4054580858619671       -0.08301426984526727     322653.29290755093       -66060.65696519378
0.12151561115636902       0.13072673283616268      0.4229594518544193       -0.01931773108556036     336580.4374503468        -15372.561957934484
0.1217138419013673        0.1350310866462619       0.2556124202876061       -0.09001398709077553     203409.90102227795       -71630.8549645349
0.11981489598265262       0.12910985422957622      0.4388151980994605       0.04197546660673323      349198.03940689197       33403.0149952519
0.11881337741369853       0.1274087944981694       0.46116607784140784      0.07995526129010831      366984.30437380925       63626.37530262405
0.119073335420385         0.12528976142050113      0.4994607324346882       0.09860144587677498      397458.2222363958        78464.5375364836
0.1110304064065104        0.1171732163518994       0.5251353158436977       0.28266980639546074      417889.40654324094       224941.48475333315
0.10870241476619308       0.11717941077133104      0.5030033204738144       0.30852553450586523      400277.32422522176       245516.81943338783
0.10701608450555282       0.1170310148290222       0.4887228031880969       0.32824998925226934      388913.2496455657        261213.0417968009
0.10605752427787148       0.1161243693502404       0.4893432751445349       0.3471619469775248       389407.0055401506        276262.6995743977
0.10571569331892107       0.11465858870455045      0.5017385680009028       0.3649356075598001       399270.8661859636        290406.5292669312
0.12079403145331016       0.13318587370905735      0.3362343595820966       -0.02895244015659412     267566.8018241422        -23039.619827471208
0.11881782946753709       0.13115625342188036      0.3826608661263751       0.046331711417827805     304511.8418591931        36869.60447027251
0.11978358652691244       0.13552676083712664      0.242931824515045        0.01425961117152387      193319.00352951148       11347.438022582182
0.11252000031054102       0.11921598795463512      0.5158053042394662       0.24616454393082163      410464.81921365          195891.5199027614
0.11736208785427044       0.12904370629757791      0.417855237530474        0.09241182967574779      332518.63274906494       73538.99746530782
0.11668706919892807       0.12643729134206438      0.4574716815904345       0.12512648609834318      364044.39724839636       99572.49387135322
0.11454548157746397       0.12144237061970092      0.5078411561066098       0.2005861674509827       404127.1514993491        159621.4003284127
0.1168408017414623        0.12348340675594985      0.5028497635364181       0.15052770469900476      400155.1274970582        119786.14137561864
0.10969275957599767       0.119512348287178        0.486271329367229        0.2759544136521524       386962.4287633081        219597.54500382827
0.10724508051735689       0.11887632481255306      0.4709863563332705       0.30857230427482146      374799.033696404         245554.0376329711
0.10556058794189972       0.11759972403022684      0.468941736062444        0.3384397172701276       373171.9765821644        269321.76971082157
0.10456830233913095       0.11600650438961184      0.4763032829365832       0.36411913929336226      379030.1094512741        289756.8044645249
0.11775197754748408       0.13363143543157446      0.3163458745103751       0.06773374658510697      251740.04827527306       53900.802915767796
0.11566837281113634       0.1312399180273336       0.36782860061862754      0.11381185387502224      292708.69999514584       90568.59563331136
0.11709056702732192       0.1364450225390441       0.25466158896431895      0.10694555989424422      202653.25349653917       85104.57249449664
0.11120767826816759       0.12206681698464067      0.4703292261787757       0.23588552585414893      374276.1061346911        187711.7372175944
0.11410904465192995       0.12826195293793305      0.41062034827596466      0.15239040038520948      326761.290811177         121268.4275052958
0.11385073551755756       0.12461041531030617      0.46028681083920825      0.18162226193278772      366284.60592532094       144530.4038106707
0.10751779695037898       0.12212097057571797      0.43853262894556516      0.2769766663402211       348973.17801885336       220411.02784580385
0.10498177110200609       0.11981490964766622      0.44040972581716537      0.3239224082802789       350466.92424774094       257769.26228018737
0.10352012321920043       0.11774761019988322      0.4480325031807934       0.3583699616467591       356532.9377352929        285181.75425867335
0.11435744902517345       0.1342347809372217       0.31681750010381         0.13854250647051844      252115.3559976921        110248.62366561953
0.11159318592760616       0.1311095619987623       0.3611905539094041       0.17577268954595596      287426.3102639068        139875.46200898004
0.11382611717764758       0.1376475838235543       0.27559176751918496      0.16888879874653318      219308.96038055365       134397.43576681524
0.10948080128457413       0.12653489752825892      0.4051731397549483       0.22213394599880942      322426.5400003168        176768.57767109328
0.10514114656829569       0.12462032816165985      0.3937708603383594       0.28084238631791053      313352.8943419913        223487.2700610957
0.1038719201545086        0.12223107704862073      0.4060174832615697       0.3133524845719314       323098.4472140485        249357.98424874875
0.10234117932508946       0.11960262664224561      0.4179060552975966       0.352682650881676        332559.0722432373        280655.93615285965
0.11058791984285052       0.1349648225288408       0.31858419853179915      0.18560013865049899      253521.2499365279        147695.89752384028
0.10762842200828755       0.1313488412029238       0.3467497697139353       0.21628645921986156      275934.69932974596       172115.29554342304
0.11004022325215983       0.139113431770552        0.2936580302038748       0.2042719442589156       233685.63542787894       162554.44831899265
0.10479840038436965       0.12814029305412736      0.358916158499818        0.25788106552064666      285616.4039040011        205215.2315370793
0.10226773142295015       0.12520497404761202      0.36435018693504667      0.30226812314346757      289940.6663358439        240537.3296869629
0.1007634986563184        0.12207090688997176      0.3789173553538358       0.3444815535176759       301532.85063935607       274129.71023156703
0.1064816829230201        0.13601640424366082      0.3128129990113203       0.21303732771242678      248928.675280259         169529.71884260373
0.10325904666517248       0.13240648591645052      0.3191716623988649       0.24211277607231688      253988.73882818487       192667.22548805192
0.10562888139617028       0.14086294253957812      0.3048344100914022       0.2141248221784021       242579.51595274304       170395.11944182895
0.10056823524348975       0.12863135412084814      0.3229127180903543       0.2861930700321111       256965.77635659793       227745.2088712773
0.0987594352624297        0.12505124677640475      0.33307480922976906      0.33325398760708463      265052.51154153893       265195.0971637637
0.10167387388023834       0.13728719759233285      0.2949860909760192       0.2213791336334463       234742.472610945         176167.9170758212
0.0984036655516295        0.13301482528481007      0.28078446693723463      0.2592309176220307       223441.17928241869       206289.4097089705
0.10027001279876718       0.14289023812037074      0.3021533017723003       0.19098559398451906      240445.9577429937        151981.5067098898
0.09622387636914975       0.12861662094427115      0.28028830316257963      0.31482155350173047      223046.34469582132       250527.03215835
0.09599999339989776       0.13853236961685128      0.25264674568397444      0.20886299557026175      201049.89215842748       166207.89086993897
0.09292328822982998       0.13308091795402552      0.21854713914357315      0.27612562806443675      173914.2874664596        219733.7931040464
0.09358101012717633       0.14505683459355817      0.2569792471878612       0.12395235661805022      204497.58730991077       98638.15131826048
0.0883371583524211        0.13920704453194194      0.151528461585868        0.1801769662656821       120582.51840250634       143380.27406242493
0.08508759502506867       0.14794125223642615      0.1355303569924908       0.030085073312629863     107851.63127182068       23940.940654935523
0.07914516082009866       0.15363272789433138      0.06069220918294366      -0.02317916913399177     48297.325493164026       -18445.396722189384
0.08119534997351782       0.14146456703657528      0.05401119284225083      0.09623631022934365      42980.741615669074       76582.42238962588
0.07082633756107011       0.1555903124553748       0.021167699381748516     -0.009270008704887986    16844.719952442672       -7376.838539439109
0.0642204073438069        0.1609722335320826       0.007270550442107153     -0.006961270211638876    5785.720209301592        -5539.602821903458
0.057305271888646404      0.1621389485727141       0.003925909385073743     -0.0033453275790711837   3124.139423826747        -2662.127102354111
0.07556994829022935       0.14709082467248163      0.039517544195624775     0.02178255287251605      31447.0624879306         17334.004814107473
0.06754844940483926       0.14893411336189932      0.016793293028314858     0.006671320862894658     13363.677981234872       5308.868461408868
0.04897552409698767       0.16393517531642196      0.0017555468821576043    -0.00148101295253171     1397.019820624739        -1178.552660892721
0.02167043586443981       0.17004020273438128      7.851792988824053E-5     -2.491282507686836E-4    62.48258331528175        -198.24996286836634
0.014967427474491025      0.1715724019541534       1.4455923929815288E-5    -1.6452480439347586E-4   11.5036587519526         -130.92467940224432
0.008982901707633693      0.17179723264374075      -5.537305772552345E-6    -9.485450206907036E-5    -4.40644792556496        -75.4828143940648
0.06110135557385156       0.154295058627751        0.008747999248441413     -4.849756405139674E-4    6961.43661276818         -385.9313523347799
0.05194316772409078       0.15691725725074043      0.003402321646153951     -2.998326031057105E-4    2707.4815398697788       -238.59920442192097
0.0414836783321835        0.16439640935615704      9.288721283847588E-4     -7.142148569180308E-4    739.17295366362          -568.3541245408768
0.045126266870237255      0.1588810467046064       0.0016814087019909503    -2.7474820022167226E-4   1338.0225313979367       -218.63767085440458
0.028619662683237245      0.1672486065174658       2.3674500276879023E-4    -3.3806366099894936E-4   188.39568721478705       -269.0225136386279
0.03459779839018086       0.1637479115706562       5.233070783929329E-4     -3.778288884802083E-4    416.4345414060663        -300.66667622270813
0.022991810547327397      0.1638499418338225       1.7986376173688133E-4    -1.910287960195717E-4    143.13103381763784       -152.01588579704108
0.016895813091964505      0.16469386238543113      1.0271976312346757E-4    -1.4512619882116874E-4   81.74179027164224        -115.48775957263096
0.010276303035708577      0.1663996447957568       5.3311221418150794E-5    -9.360912174590327E-5    42.42372205482611        -74.4917722217577
0.18438689973856007       0.015048960256514718     1.1643551835478885       0.043212692624017925     926564.4148815876        34387.568177115696
0.18357716897543042       0.02290028451714576      1.159299597375871        0.11378635680791771      922541.3072340697        90548.3057119912
0.1764248042523221        0.01650859630152752      1.2217006477950325       0.07175331518480377      972198.4853757502        57099.47397446136
0.18486099563752986       0.007170236530349186     1.1964117682875173       -0.0265000145333608      952074.2344813682        -21088.041524957185
0.17923833704909345       0.009608694287229786     1.2211922971946094       0.02072650932680884      971793.952821345         16493.632062009496
0.185                     0                        1.3126033464175983       -0.07057045693679287     1044536.5545066213       -56158.185288721594
0.18041077712935719       0.0044178056526845404    1.2384431295541056       -0.0041969525798101195   985521.7290336622        -3339.8287449953145
0.1824332770413736        0.030709923932588947     1.1793424692844463       0.1862499012597162       938490.9179241069        148212.96217930628
0.17576329253725076       0.025144371576317708     1.2209648998427411       0.13088425547389007      971612.9957583658        104154.38115786032
0.1809573061357541        0.03846366280128547      1.2765033504489278       0.1945404347230971       1015809.0904865641       154810.3590871355
0.17474574925191433       0.032643814163829145     1.2355055015520355       0.1702179398464605       983184.0389461891        135455.13264741542
0.17860000000000004       0                        1.2514143990496325       0.0035992167888516057    995843.9373256132        2864.1657160253576
0.17918788480880585       0.04600762912546262      1.197513351148404        0.17235666083867895      952950.8462690455        137157.07273644526
0.173309470235659         0.040024133270709014     1.2428909839850533       0.1877325571500512       989061.2191278547        149392.82224856192
0.17220000000000008       0                        1.2677255082629781       4.494879113118119E-4     1008823.9056186918       357.6911147266316
0.1755417910280029        0.004847342580494462     1.2528356864883674       0.011776230029860245     996974.9619327585        9371.22610119738
0.17710410704343765       0.053470882434709696     1.1770530327919375       0.23365172083454974      936669.0422507181        185934.13166373092
0.17156498447725743       0.047250943578183026     1.2294079140819585       0.21292069716697748      978331.7330121993        169436.9072034849
0.16580000000000011       0                        1.2935962086834891       2.0064572652135008E-4    1029411.1548845613       159.66879593068734
0.169721123709996         0.005102561257912003     1.2748760152981438       0.020945993689984083     1014514.0983199916       16668.292168663076
0.15085754135752102       0.025514745061705407     1.3592515534192675       0.15944201140227984      1081658.0181600694       126879.92125593587
0.15179377127795463       0.019174227525925878     1.3690966593783542       0.11528009102479826      1089492.50455333         91736.98163340142
0.1568850434880953        0.023821879927986064     1.328751394488679        0.13546648900814662      1057386.7628656114       107800.8067447522
0.17470962849392793       0.060840329646655124     1.1873192041088114       0.29744463823554496      944838.6018092617        236698.9223568378
0.16941372338034566       0.054414545839565905     1.2254311581119264       0.25401072684732817      975167.1311616953        202135.31388058743
0.15246362975426828       0.012800062583963129     1.3714470006614246       0.0684781123759519       1091362.8467190976       54493.1503911752
0.15760736770996164       0.016859235822566095     1.3337357888189862       0.09245957689598917      1061353.2178455493       73576.9934959094
0.15286594130230513       0.0064034357777817885    1.364947240505594        0.021192603467290225     1086190.501930537        16864.5379940284
0.15745585153962677       0.009891690053857781     1.3375409548760435       0.04857303243281461      1064381.2727818803       38653.19106322699
0.15940000000000015       0                        1.3227058976665287       0.0011255511745645605    1052575.9093521538       895.6851656741928
0.16302090900560257       0.00621432100789282      1.3060507690810808       0.02890826583512201      1039322.1791411276       23004.467019371124
0.14965658291227227       0.03181048869511718      1.3408187090675054       0.18247855452146125      1066989.626690937        145211.81980177245
0.15581601502478454       0.030513982658216855     1.322151974808471        0.17073884183580879      1052135.1115473963       135869.6532797713
0.14819322365268803       0.03804955273619342      1.35283782285496         0.2169591305212827       1076554.1335452236       172650.5903569092
0.15444407434648302       0.037013320762412545     1.3200156469302424       0.20203431743848443      1050435.0758379707       160773.80147265954
0.17200864988931297       0.06810304224669944      1.2434508247205256       0.3661404848411234       989506.7262298277        291365.3401426398
0.1668253110565552        0.061548133270490406     1.2418754113997943       0.28873692891715425      988253.0521427918        229769.54745169156
0.16900590966388118       0.07524627896902303      1.4734054761558166       0.25057065871525314      1172498.8235443297       199397.7946416242
0.1643379385024651        0.06841412643394466      1.276395585766899        0.2848056820439768       1015723.3340773858       226641.16058978785
0.153                     0                        1.334048544047848        -0.02008861699536768     1061602.1005488054       -15986.013473463125
0.157088187217621         0.004498023264902467     1.3356927553329951       0.017933434104450592     1062910.5223163986       14270.973421680445
0.14646988312241058       0.04422186493248967      1.345425844262155        0.25763941835766874      1070655.8683895424       205022.93483471894
0.15277250377110982       0.04342854825878645      1.3161597766106035       0.2358244703067722       1047366.6717315115       187663.15075675343
0.14251694776256948       0.11795727870903516      0.8809030867798785       -0.0460939962679037      701000.4032296325        -36680.436764481245
0.139408208697435         0.12161558842423267      0.8192859706709118       -0.058290764986281905    651967.060190586         -46386.31692087371
0.1379532249302885        0.1170350545709332       0.839269084626375        0.005317371921545067     667869.117012489         4231.430127859737
0.16559316320041564       0.08248578241903545      1.220133371452022        0.08533815142797796      970951.2864898449        67909.94317043689
0.16138872112822192       0.07555333235177675      1.2647733133275545       0.21358221074620676      1006474.623533974        169963.32298376865
0.13670043035985013       0.12465148350273138      0.7692273226505115       -0.07684397858188369     612131.6538058659        -61150.49519077261
0.13544962700645108       0.12081421661974147      0.7785096866272463       -0.02011071570250968     619518.3243582433        -16003.599065851071
0.13428704870856922       0.12724774477035852      0.7237838906838351       -0.10109199248643029     575968.9196630819        -80446.4515561206
0.13349790420900023       0.1241294689175264       0.7289845852077822       -0.05055630844391989     580107.5008680675        -40231.43196664188
0.14448958464632952       0.050316596951017464     1.3317220744861231       0.2942886707470895       1059750.7548952985       234187.4832267127
0.15074631297553567       0.049625021552694236     1.308201083584098        0.2685083340472057       1041033.3450529147       213672.14312491324
0.16187048416079566       0.08957090128802743      1.1254096797062008       0.12188184275984654      895572.5676435427        96990.48874189355
0.1578172838486826        0.0821627972145085       1.1875419712861162       0.18347083854782686      945015.8742963951        146001.45434050853
0.1460971019885775        0.1134928931278922       0.9680492707142624       -0.04145781017319691     770349.1329533961        -32991.077094148764
0.140797630496847         0.11295636486393976      0.9118161260602524       0.028246675098427418     725600.2182669597        22477.989839127364
0.14966814395936529       0.10874027167410753      1.1642739194069311       0.06821623580006411      926499.7469329402        54284.75563351259
0.1436444007875184        0.10798385678205005      0.9934867797799525       0.07987232408470607      790591.6594921434        63560.37597159409
0.15359067149456412       0.10312567880915438      1.0654900317266158       0.18143742635239998      847890.0268221566        144383.31632928085
0.1468083435064874        0.10237380806988632      1.0438296936690588       0.15611325844048887      830653.2774676479        124230.98381493178
0.15784482864996457       0.09648839343912448      1.0742291371263322       0.15441422860736756      854844.385934986         122878.93883292253
0.15053548333239386       0.09548731751881538      1.06997609700239         0.18735295418096568      851459.9241405182        149090.74380385035
0.1540370089521969        0.08904266116893067      1.1161197311979059       0.18733269122171278      888179.8615127214        149074.6190532165
0.14225580234089125       0.05632305656078385      1.3146482986946222       0.32858396894265823      1046163.875822998        261478.81438988945
0.14817537847100473       0.05540073004450898      1.2970138440145862       0.2981736310758507       1032130.8226677092       237279.03642690412
0.13236415358126244       0.12924678273255363      0.6845519945494204       -0.12730577534604284     544749.1686797822        -101306.7171523453
0.13198221612295025       0.12693792935852505      0.6882168017322309       -0.08478591548461369     547665.529572897         -67470.4877697397
0.13081689185532797       0.12869742127036937      0.6573425112193952       -0.11048834039410804     523096.54982503207       -87923.82763871113
0.13977245501931793       0.06223070639059742      1.2830321756302696       0.3887831195828277       1021004.5644875312       309383.7763614724
0.14587569928819039       0.06181996020188733      1.2699958673154426       0.3271155354403779       1010630.5999476576       260310.27213744106
0.1369500214576411        0.0682179714060131       1.198374412846572        0.39804966841012096      953636.0573968984        316757.86161780305
0.14335184609169527       0.06810617501829952      1.2201616965406812       0.3441579433515592       970973.826879213         273872.1894437057
0.1295772179878674        0.12714152267620846      0.6438582203013061       -0.07227235025082522     512366.09205651697       -57512.50895643807
0.12812851648925094       0.12506671048312612      0.6369346772399055       -0.02232886024117015     506856.5115468595        -17768.742404951598
0.11117459573827129       0.10914738268057197      0.6149847247243301       0.3598433344893593       489389.29432942835       286354.2271132592
0.13387126527892831       0.07407755620036863      1.136639219061064        0.40131504865003964      904508.7511284001        319356.36864909134
0.14019936436266775       0.07435555054314318      1.1604245053222304       0.3486537074428704       923436.4805350018        277449.8048342418
0.12636892088069382       0.12323711863631186      0.6283909011896447       0.025742725841871667     500057.59059151355       20485.410331966745
0.11308496456420578       0.11036201143729213      0.620808439842271        0.32704940683171013      494023.6595703249        260257.64866269476
0.10993594537306489       0.10818235288153814      0.6132011661770864       0.3827975395054445       487969.9835339902        304620.60307853285
0.10941996922964048       0.10694049903467112      0.6215865927759263       0.4005723882538427       494642.8939996883        318765.3782836247
0.11093660942953884       0.10536635463124802      0.6535139895981943       0.3996088566016538       520049.9091212905        317998.62415726786
0.11126480842439657       0.1071530859532914       0.6374355206340987       0.3785797200125498       507255.0700563633        301264.1689717151
0.11282686903568138       0.10333971948677413      0.6937209746630636       0.39902380581989677      552045.6112207703        317533.0555378858
0.11332593892994328       0.10579384033067621      0.6723372058644537       0.36983410073594386      535028.9486896052        294304.6262803572
0.13054193936997072       0.07979850916857316      1.0708262243007944       0.40392679766542877      852136.4339495105        321434.73247866414
0.13664156520962492       0.08013244646937363      1.0986786324510627       0.3506912164876088       874300.6761201513        279071.20301456464
0.1270236364252341        0.08528772355567903      1.0005863638376893       0.4052868019782157       796241.3289755695        322516.98952369584
0.13286515722265144       0.08541762650140335      1.0347114917017362       0.35271445159213116      823397.2428915998        280681.2423541735
0.11485590404559012       0.11204766713359648      0.620268807147717        0.29077114185728103      493594.2335163636        231388.32267530495
0.11683763609521342       0.11374346603570822      0.62195174201885         0.2514810791224817       494933.4705345763        200122.28418213502
0.1186992021911338        0.11541883122211882      0.6229490599429346       0.21285500961047907      495727.1109218372        169384.63470690313
0.12091804795830119       0.1173602736773846       0.6255346436758545       0.16593917330276192      497784.6530811983        132050.19841858617
0.12463386006159265       0.12142021938660141      0.6244010575528337       0.07194915369021541      496882.5739067025        57255.31730538133
0.1227648159546833        0.11941777012398633      0.6236563183912923       0.11994918942154524      496289.9293123354        95452.53208152503
0.1151700752924567        0.10072166478533709      0.7439846919447355       0.3992468278498433       592044.2065385283        317710.5308303077
0.1158952233754591        0.10391380709356857      0.717426764274907        0.3610951095207131       570910.0792038771        287350.35803265404
0.11796644275890794       0.09743160874587499      0.8041604135224599       0.4008330883741353       639930.5242546108        318972.8368476708
0.11896125454241958       0.10115599658860673      0.7754609849532431       0.3562039207539937       617092.2446510926        283458.07368355925
0.12093075425553554       0.09372701144914017      0.8677390306871565       0.40391038217967284      690524.780238154         321421.6694501577
0.12200840846566754       0.09762708252770722      0.8389541942068394       0.35901986385420176      667618.5351784824        285698.93000287743
0.12377960013936697       0.08993114360074837      0.9318818632249494       0.4087906267201126       741568.0245496811        325305.24466069875
0.12553622718062477       0.09402920723332306      0.904545975602736        0.3569061797592878       719814.8163552819        284016.91364367603
0.12922981258286978       0.09047050526504549      0.9669147240575566       0.3508749109698841       769446.2894104804        279217.38243892876
0.16927902962062308       0.020009370429762443     1.2624685997051368       0.1009859142695424       1004640.5907068793       80362.0371932602
0.17030473064921542       0.013950029998487557     1.262406408360938        0.06490948136461246      1004591.1004076455       51653.32406354668
0.17366385891595484       0.009733791592144783     1.2504699704991513       0.03676542394301581      995092.3849645824        29256.994777000433
0.1685180383943197        0.027221299005275167     1.263287055750651        0.1417673062733792       1005291.8973336142       112814.83781115482
0.1676297092483906        0.03436143045335027      1.2657144316560534       0.1751242777971426       1007223.541704049        139359.4723340675
0.16309238775830398       0.021827825191743772     1.2963864254481787       0.11628796892730935      1031631.5388365524       92539.02538449004
0.1641135108958133        0.014087080295888333     1.2970778764119484       0.07105252564894553      1032181.7780305004       56541.803380966805
0.16817931146910953       0.009797082324514098     1.2782496488911426       0.044626817688862105     1017198.7506325248       35512.893148216186
0.16215133644101098       0.02896808566898453      1.2941816108352338       0.15490344531029301      1029877.0031152953       123268.24511549104
0.16091011594973503       0.03579342006448063      1.2920435993665715       0.18750066409734886      1028175.6276471716       149208.2876205307
0.16610423853698594       0.041333779322898195     1.2632977674421761       0.20276842570861198      1005300.4214268898       161357.9862724367
0.1593176339276001        0.0424835444954007       1.2887998035973458       0.2186242836525241       1025594.2969919072       173975.6771161193
0.16427743152397625       0.04826034167224485      1.258084503685984        0.23328799586768156      1001151.837944691        185644.68853171586
0.1574266036826129        0.049087091377640064     1.2835760459500658       0.24926582807514922      1021437.3627365137       198359.4434102727
0.1620008776869194        0.055116644435112334     1.2570508543797723       0.26325698620629023      1000329.2859621554       209493.25329102998
0.15514392415974668       0.05529529775172282      1.2774189916167797       0.2752182347131116       1016537.7345763746       219011.7124180858
0.15840002548165544       0.06253932492364347      1.2597746662959328       0.28134244366953526      1002496.8266147032       223885.20305779827
0.15782185120922282       0.06984583010244538      1.2546306557560452       0.26835540032686866      998403.3530910034        213550.44233712787
0.15163124488183202       0.06033116778135458      1.2693716963128652       0.29614825749433693      1010133.9004456835       235667.29534137584
0.13348375009417007       0.11667873617432248      0.7877791116608956       0.047851623839721934     626894.6984268685        38079.112345328635
0.13535398708274568       0.1124618366989751       0.8473737876716783       0.08329492662274339      674318.6347722489        66283.99653243161
0.15366515180118384       0.07512883802057253      1.2116672181248436       0.2553661232946299       964214.1357348729        203213.90410277375
0.15116319779753074       0.06731563830852916      1.2409389393590418       0.2959399069353023       987507.8313710262        235501.49523454424
0.12969176664297674       0.11304331371483482      0.7741113610807053       0.12650391996931876      616018.2480979465        100668.62091809303
0.12989149870957267       0.11770187452958693      0.7331105128512535       0.06717091001288973      583390.8097645574        53452.91180266143
0.13165424374796242       0.1207749681287027       0.7288741871155228       0.01058000636231883      580019.6488576125        8419.301552533721
0.13070726972099467       0.12431914816094905      0.6856836431607255       -0.03310065877878388     545649.7060314437        -26340.667321207973
0.15029982137154035       0.08179129688135378      1.1516895163740934       0.24339110306595027      916485.3971902565        193684.48578767476
0.12821938169687372       0.10855606944863438      0.798507416203328        0.19168499844626616      635432.0119214852        152538.0750964277
0.12582261188419347       0.11071420520122453      0.7514948569921408       0.19017036923667482      598020.605992181         151332.7714681385
0.13795717520021736       0.10766105979211472      0.9181008806104342       0.1216235194711874       730601.4670308633        96784.92160036427
0.13253745812197545       0.10798000891108629      0.8518465573468114       0.16019890842497786      677877.9517877937        127482.24076880551
0.14070234327763365       0.10211403583418233      0.9835092538834997       0.17169482874762731      782651.7966609042        136630.4034925067
0.14379429359653065       0.09582485318939944      1.0355231635961448       0.21161472041128804      824043.1508624194        168397.64392232944
0.14582301594728211       0.08871050195137024      1.0847560972826131       0.24074602918721597      863221.474658004         191579.60287445568
0.1469410252076511        0.07442590361135747      1.186483466431264        0.2990141331952375       944173.5428967127        237947.88676180222
0.1252622894983743        0.11380454399301312      0.7144719698699497       0.1604089175150715       568558.7285270309        127649.36069271869
0.12256653462101397       0.11125915819493086      0.7100230428619946       0.21667663089673292      565018.3849031756        172425.78429856568
0.12696315501423178       0.11644923486345159      0.7082117267851494       0.11140393751042998      563576.985367517         88652.43667342774
0.1276503020958643        0.11877281260669334      0.6935877736808516       0.07489172651124731      551939.6132470516        59596.94235475678
0.12900454089660768       0.1201236348996797       0.6984056767322674       0.0434833510467388       555773.5786769034        34602.9513064431
0.12883177604747492       0.12244443221567802      0.6737224944154437       0.012036334723985178     536131.3262920985        9578.210840154323
0.14344046293046595       0.08117325055344672      1.123872374476208        0.2940428919129704       894349.2190115709        233991.89864492568
0.11918365961362906       0.10910786150153519      0.6963215535549994       0.2745998700688676       554115.0861485302        218519.6334692624
0.12396433075672214       0.10701572690195452      0.7673876419599005       0.24819127112045986      610667.6824277586        197504.3381554098
0.12874442759308263       0.10352775020956034      0.8489860270438234       0.24028897218744752      675601.6140998703        191215.88847051622
0.13471424110080388       0.10243594358744518      0.918705764531679        0.20374089015162042      731082.8183611777        162131.84888786622
0.13729560589006506       0.09640469207075902      0.9833377878267938       0.24228436384346833      782515.348308418         192803.77069781636
0.13972284268272678       0.09168194972021074      1.031195393272527        0.2614728951800448       820599.2206645682        208073.51876226574
0.13893119876512022       0.08597218462743489      1.0659216052863885       0.3018737243351175       848233.4621488843        240223.47708747062
0.11700550213971378       0.11162308667363763      0.6469519227286745       0.2716710965837522       514827.9822253723        216188.9895824994
0.11564642677177432       0.10948327325682973      0.6560643458961709       0.30823256683335476      522079.4181786331        245283.683167157
0.11935165993129952       0.11258674155904531      0.6612188126091694       0.23617220758728683      526181.2124605147        187939.87129220963
0.12181742492709303       0.11436804572634118      0.6690389190321661       0.19000094604689155      532404.2554241378        151197.9487774965
0.12386511992093059       0.11659527023589497      0.6687830574067734       0.14199537223006997      532200.6472119939        112996.32693294641
0.1254179532176721        0.11877759410068624      0.664460489796713        0.09812517484870148      528760.8572020439        78085.53309463682
0.12697436159956038       0.120811724741678        0.6634731755216604       0.054316354869644506     527975.1774657447        43223.58184118732
0.11350413914770956       0.10814074019503923      0.6489771662361942       0.3446875080393492       516439.61980130494       274293.60363244923
0.11633288857241493       0.10693591154693538      0.6900541159726495       0.3266009787883987       549127.617789776         259900.8009641246
0.11958280343738331       0.10504062682536625      0.742174453801284        0.31193140144312176      590603.6647950094        248227.12222627606
0.12314457392464291       0.10220118955378617      0.8054120758928365       0.3048428913701577       640926.5655212483        242586.26513993138
0.12586368695612435       0.09876995118224347      0.8636413440069755       0.31199248871180163      687263.9447861908        248275.733930128
0.131048436521849         0.09692811470696829      0.9262265491268332       0.2836794524746999       737067.6685824187        225744.93557475446
0.1348160343902031        0.09085302140067175      1.0036695652974463       0.3018639115438298       798694.8627399119        240215.66831627578
