% Model:              
% Version:            COMSOL 5.3.1.275
% Date:               Feb 15 2019, 18:09
% Dimension:          2
% Nodes:              245
% Expressions:        1
% Description:        Magnetic flux density norm
% Length unit:        m
% x                       y                        mfnc.normB (T)
0.13045406312134147       0.13045406312134147      0.6598195544579993
0.1317976329453606        0.1317976329453606       0.690851399680257
0.1299455731044395        0.13173633942224847      0.6463461300324967
0.1304102500382861        0.13317056275675818      0.6631261787655649
0.12900856617770506       0.13452888891525372      0.6316130653532016
0.12850119341416832       0.13262115079499387      0.6047507656955039
0.1272494119506511        0.1272494119506511       0.621330795211781
0.12888611515998083       0.12888611515998083      0.6345050429114596
0.1268427388781422        0.1292646758538514       0.5885986851249077
0.12856472600304097       0.13063828749278822      0.6149824438883507
0.12759273507404825       0.1358724624650769       0.5954544493868302
0.12704750753533153       0.13395673414135423      0.5502379447033968
0.12578511928209196       0.12578511928209196      0.6194304159600765
0.12536480825796983       0.12771582382753455      0.5844308398490011
0.12404883378205406       0.12404883378205406      0.6262402333634675
0.12366548077221648       0.12616884409409962      0.587984009601617
0.12235049927732389       0.12235049927732389      0.6393659908854872
0.12214640614176986       0.1245358846773996       0.6023066496556574
0.12616291198915114       0.1372011360682473       0.5557689922700061
0.125650477849822         0.1353472770534099       0.4741963006359715
0.120926399179091         0.120926399179091        0.6536315396564044
0.12054734176411466       0.12285231173836843      0.6208282852312755
0.1247192537192276        0.13851476402073148      0.44908986318656724
0.1241481735500361        0.1365863835836471       0.3214665351591502
0.12315974581490877       0.13990321336841066      0.1157184671089539
0.12255555229132259       0.13786310108465383      0.1536407270857957
0.1171729179045211        0.12218678901477172      0.620842469642859
0.11844600691550759       0.12095307993503725      0.6438832595610989
0.11867217234015937       0.12255536709701895      0.6182568322461778
0.11970610698707064       0.1197061069870706       0.6676076360543648
0.11965960543718863       0.12139865298731725      0.6407074543145272
0.12122305651872341       0.1415846131055856       0.24296362186333806
0.12059445952074788       0.1392350144322267       0.20990024926192197
0.11588697956266765       0.12340709893617076      0.5990301280627577
0.11740906313378735       0.12390451102392881      0.5921527058292787
0.11458833290757761       0.12461387587849984      0.5790266745890943
0.1161730541940005        0.12529289011998226      0.5666529754247427
0.11886756720245664       0.14356787094391774      0.32502851398391824
0.11844485224765802       0.14069550314659515      0.289934306632227
0.1132771203504911        0.12580698750506805      0.5613711909596386
0.11497712225510279       0.1264130518259919       0.5476975680244288
0.11604158644363927       0.145861517596806        0.3768112361865692
0.11561662797512157       0.1425087677507702       0.35259183721898396
0.11193989870435953       0.12699828021692935      0.546310645019491
0.11362292727312423       0.12765812875860652      0.5295741414813206
0.11263518453761483       0.14850773482946067      0.4066378334038401
0.11233018452488898       0.1446623711620785       0.39063554996493116
0.11030146495582252       0.12842387211340203      0.5318889695128024
0.11229533416052676       0.12916692029934085      0.5104920899126256
0.10890188785200562       0.15126668807860225      0.4150924306805048
0.10867830889978046       0.1472600506555055       0.40597589987483507
0.10507188038935934       0.15395171987166661      0.40623148844017454
0.10486434965084888       0.14986242220558824      0.39774952681355297
0.10823766654658626       0.13016801312361642      0.5193987593051284
0.11056846435662301       0.13097428225472646      0.4937873893477678
0.1011757368355759        0.15653977889270906      0.3858734468533272
0.1009529166060127        0.15248939353592855      0.3642747832287488
0.1057531062756246        0.13219449539620176      0.5103016280372263
0.10852471620514773       0.13307628608604719      0.481265572871077
0.08492446761482315       0.1659188563736468       0.009069992302993811
0.08071144011190981       0.16800861744286097      0.004141950022333261
0.08153648922999202       0.16393021359299947      0.007742098809201073
0.07645037137447956       0.1699899197502727       9.65722702164582E-4
0.07728207904052392       0.1656258760931645       0.0031944110399477216
0.10293831519176033       0.1343979440522874       0.503762492109746
0.10611323416250812       0.1355517139906512       0.4717429605779468
0.09721590599257375       0.15902924172001526      0.3842369767884879
0.0970295824093683        0.15472113856274874      0.29793197108192443
0.08908665408735118       0.16372171561378357      0.0073565811380100305
0.08498827925844489       0.16138500971832037      0.01672235449392082
0.093195                  0.16141847501138148      0.2838572697422095
0.0928646518755935        0.15672740820787176      0.1808891034813702
0.0888208195574175        0.15893186587408953      0.05223494371417673
0.058968025692062845      0.17681630028360001      0.0015894088851560904
0.054496845102122146      0.17824512889253188      0.0015552971374936918
0.05490405346929052       0.17448263577230566      0.0015852999077102146
0.07214361914981111       0.17186195133294338      5.879899696376414E-4
0.07291834608001853       0.16714071629341448      0.001432181697008307
0.06779261333519734       0.17362428884572692      0.0012643872188694476
0.06811069073265058       0.16815415898708455      0.0015125167802077547
0.06340007135571506       0.17527596256215577      0.0015263736790841378
0.05918396038783625       0.1725960981799892       0.0016269182408905555
0.06337636715404119       0.17006417507804975      0.0016264836554163843
0.045447736164270364      0.18076430891507003      0.0013775390119884089
0.04087545505907421       0.1818527681222192       0.001266617866062744
0.042803440198194945      0.1780620604392079       0.0013246653036784923
0.0362752868150868        0.1828259709846585       0.0011494977345456125
0.03819939616018252       0.17881968510841678      0.0012040805737054691
0.03165012007303266       0.18368315654779732      0.0010296585896183749
0.03362848004720636       0.17959445459238374      0.0010786670788611736
0.012961085916669654      0.18593881346254928      5.758620839781264E-4
0.008258121727526622      0.18620696959440955      4.915820475131466E-4
0.010100044436120496      0.18257435702711483      4.4984062494154336E-4
0.003795370413445103      0.1863513543375115       4.391432654985477E-4
0.005678637277146872      0.18286039343547345      3.6912600957300125E-4
2.7878810368168356E-17    0.18639                  4.239712830317296E-4
0.0023409401290964303     0.1839034684597863       3.598083053124152E-4
0.09952150293093258       0.13694734226836364      0.4961184882026441
0.10319443486795703       0.13811625228995686      0.4643282089847088
0.09589859757537898       0.13950829037399706      0.48578388982677234
0.09987051608588135       0.14072021790703818      0.45107130698814285
0.04998914809405283       0.17956145792689154      0.0014771097051639195
0.046952963339026314      0.17645915600010123      0.0014304607322414783
0.050772981189815825      0.17529081865774265      0.0015175144272036043
0.0270030664600712        0.18442360614019285      9.09521877443301E-4
0.028935059817850228      0.18008083365474825      9.467974534642618E-4
0.022337171085611545      0.18504670461235487      7.913769198396014E-4
0.02410694286498398       0.1799277459203716       8.07140367639129E-4
0.017655546038991034      0.18555191670814145      6.783956893418357E-4
0.014411331889422747      0.18200422877667738      5.482525238823442E-4
0.019091978463183414      0.1805301887996196       6.641621802464392E-4
1.3623149499414185E-17    0.1829699999999999       3.2456984268826317E-4
0.09220987038815759       0.14197339153164987      0.47718281052346057
0.09630706945807926       0.14321348971053208      0.4264702515174825
0.08845781211664114       0.14434098370018475      0.49273253400507205
0.09269443749389213       0.14573131353831684      0.3849436711589042
1.3368511191013922E-17    0.17954999999999993      2.2020887008463732E-4
0.0025633862883898974     0.181118819425901        2.8137075446277223E-4
0.07630059588788103       0.151120227524823        0.021468864001711958
0.08050422034293496       0.14892338502389804      0.0719925259447996
0.07995793798432783       0.15349652856653526      0.029915444409394185
0.08464500000000001       0.1466094406066676       0.5872108443130735
0.08454889785683267       0.1515661739522948       0.11115567916221879
0.0895895420693226        0.14931901764742508      0.2622187329108868
0.07203940404985484       0.1531973510350024       0.008685684180736281
0.075543975046286         0.15526399590459777      0.011676012602088734
0.0677246145703987        0.15515308788835283      0.004573897302711418
0.07110605249879377       0.15720548486060495      0.0055320395465329915
0.06335991370152139       0.15698606764848833      0.0030001214746006796
0.06769003862948951       0.1601903011564195       0.003246866177064371
0.058948834219198304      0.1586951134855685       0.0023103133092913348
0.06304967883709997       0.16236219170106514      0.0023180788528776655
0.05449455117070533       0.16027928123342508      0.001967139200654854
0.05811609633308087       0.16393653629769683      0.0019612017546320297
0.04546669238578291       0.1630701811598202       0.0015897818710204886
0.049999356448047885      0.161737962318007        0.0017537338741228812
0.048618128052973726      0.16603866639856998      0.00161582003220815
0.0532858498685588        0.16417230099254615      0.0017930396775221076
1.3113872882613658E-17    0.17612999999999995      1.1021274414670757E-4
0.0025989342535250527     0.17792382609004667      1.896504052141837E-4
0.04089943362951185       0.16427519724165648      0.0014376918489565635
0.04387086984101016       0.16716605684313443      0.001469172482356812
0.03629801883120833       0.1653528286087941       0.0012863850268209054
0.039159904799291614      0.16812536407848314      0.001324260088802821
0.031665602590107755      0.1663021157791005       0.0011319963882277693
0.034500390461644805      0.1691146231679651       0.0011760919994111489
0.027005723862442616      0.1671220960216377       9.733998072119419E-4
0.029689187445363738      0.17012336140068593      0.0010182183964798155
0.022322069250885587      0.16781188671950112      8.121520691658225E-4
0.025721436077516775      0.17202822869473028      8.750177431495727E-4
0.017618415790996416      0.16837070863132803      6.48464730989252E-4
0.020625759764562965      0.1729430634588236       7.041958852893146E-4
0.012898710939204715      0.16879788907479512      4.844311377214215E-4
0.015401266219987173      0.1732161104365657       5.294991328300655E-4
0.008167955555866807      0.16909284018561335      3.230588046077942E-4
0.010858575606266083      0.17230165604278747      3.7881627396000873E-4
0.003752651102550019      0.16924840238449088      1.8764155799861685E-4
0.00603894591782276       0.17237033986786848      2.1192759821356242E-4
1.2859234574213396E-17    0.17270999999999997      6.004115430232253E-6
0.002749794430233333      0.1746183152362282       1.1170857043938238E-4
2.775557561692138E-17     0.16929                  1.2887199927305636E-4
0.002336318221535729      0.1716936343516977       9.242643973525458E-5
0.1205092240056587        0.12506124615457034      0.5824405659070084
0.1249686033170381        0.12941675451130075      0.5495452411756647
0.12599720411758866       0.13162911122278015      0.5354375080879146
0.12521978310232795       0.1337416859211091       0.4733128076040346
0.11900707143344437       0.12441804753327096      0.5872840379302479
0.12157806868406118       0.12663313758896708      0.5600197217834021
0.123283682795829         0.12819884861880912      0.5465084376109143
0.11918790109364001       0.12664806291385491      0.5465324879058998
0.11771672626330609       0.12548678627188425      0.5645271331310401
0.12332498151153656       0.1306270689770942       0.4946428568871661
0.12352687262372242       0.1327210171412628       0.44424933337285566
0.12377906374422404       0.13470331159272497      0.38544895431355847
0.12067571729525316       0.1291859390750688       0.5002691488617389
0.11830760721497402       0.12877124351120428      0.5009829409016242
0.11692015217450469       0.12719518012180847      0.5318919320382351
0.12102052020683658       0.1319824582015237       0.430675719221127
0.12208509059326106       0.13585077385312916      0.2852183460599253
0.12199386526107041       0.13399696581608073      0.37084689838151136
0.12062659054975411       0.13708845724977792      0.2479329890284993
0.11831702101352314       0.13134891524291503      0.44359274102970303
0.11643724449794912       0.12947812020237415      0.48821132193839234
0.11520680411753295       0.1280200900395122       0.5186742117209696
0.11955777913730796       0.1347272682917631       0.34601698521693836
0.1183423566163531        0.1377636239576407       0.2972135592519916
0.11655790832977399       0.13344169988155807      0.4072914785783797
0.11542269197168901       0.1315099474256866       0.45301660910901836
0.11432635744718578       0.12951574340610505      0.4949490247508115
0.11635947497670991       0.1360475165266951       0.36256320992294766
0.11566786979557991       0.13912763440974052      0.34597020460814365
0.11426490843113711       0.13393461927562134      0.4214128627609887
0.11305019835875901       0.13149057668445602      0.4694055075366857
0.11284884775293541       0.13722134609130054      0.39892565472542707
0.11234770765865167       0.14113770928228267      0.3865751532034046
0.11135032919695516       0.13389662904403157      0.4492195288680801
0.10994307674059178       0.13918956688639106      0.4152193158513241
0.10921139886389675       0.13631391300501072      0.4423648160323916
0.10866169163452606       0.14269844685764607      0.40983263187552116
0.10682408365520035       0.13910152935718878      0.43702949619958575
0.10479425527738077       0.14579056391478543      0.4072512112742712
0.10395401384333032       0.14182319297886384      0.43030693235199635
0.10079211766660445       0.14841151772468283      0.37829428058954645
0.10041242468497602       0.14447238595621964      0.41016497176927996
0.09697218926021865       0.15097900177960444      0.31564614757970844
0.09675657577858002       0.14687533350141538      0.36763961777494497
0.08143726183481637       0.16032944728196988      0.012404477555067402
0.07802778224757499       0.16159097343727066      0.006960099763072949
0.07404804519916866       0.16309481604216886      0.003482862015259046
0.05550370253968709       0.17052797423389612      0.0016597607709312372
0.09299609388623527       0.15256200724036362      0.22220152162324547
0.094116981161738         0.1490723504514429       0.3054059152353285
0.08387513594230231       0.15674321128843097      0.03350299692368412
0.08872155080210842       0.15430546058081168      0.10283594389286226
0.05248318722149113       0.1720931089037094       0.001586121957615171
0.0789748048641614        0.15736217823801835      0.015099865439411294
0.07488506719928509       0.15920220839971042      0.006673342540682449
0.0701729916189735        0.16404712328069335      0.002415969343170669
0.0716087909643965        0.16074230024790107      0.003974049907263039
0.06672842551185025       0.16419101949104647      0.002210623475332552
0.0645838640559829        0.16619334661673058      0.0019145381558988979
0.05893960762839972       0.1684115906275132       0.0017568679647509888
0.06161312280172093       0.1661935680642111       0.0018966521422060692
0.05568063629222694       0.16714688570190106      0.0017597237448495923
0.051830770238877916      0.16843752621795807      0.0016437623378423583
0.0437325245233042        0.17452703948273585      0.0013712727555378018
0.03992858811843561       0.1750035855579852       0.001269784332376131
0.035544163088011095      0.17576192757306022      0.0011450133712385532
0.03124379759637294       0.17637351093941048      0.0010186976172960572
0.01141673824667427       0.1788538213832681       4.255647057669432E-4
0.00782834436950254       0.1794637803018355       3.3714819094205276E-4
0.004761809786019649      0.17950523279726965      2.692065091671317E-4
0.0475376580012744        0.17136277167426756      0.0014970202159092965
0.04203983960369596       0.1708898008901888       0.001366020290970954
0.0373509695443797        0.17195373343692766      0.0012258006746315362
0.03293293119519912       0.1728270993538835       0.0010900710016887396
0.02715889528793382       0.1764119785737181       8.969871463988119E-4
0.029349249520477284      0.17355283579248565      9.768041183098848E-4
0.02381688153070837       0.17571946612169143      7.958700848263616E-4
0.021187423787794524      0.17709420531484724      7.131622752990211E-4
0.015152744171671374      0.1777900829768513       5.280891458281464E-4
0.01829555631553389       0.17635056227372986      6.215688892419439E-4
0.01228861067584126       0.17574677930553703      4.2669450753467995E-4
0.009133865057389768      0.17584204441920967      3.254760085109628E-4
0.00551861563574885       0.1766205897854097       2.2500297768571434E-4
