% Model:              
% Version:            COMSOL 5.4.0.295
% Date:               May 7 2019, 21:59
% Dimension:          2
% Nodes:              156
% Expressions:        1
% Description:        Magnetic flux density norm
% Length unit:        m
% x                       y                        mfnc.normB (T)
0.0037930076972130795     0.12385149087888678      3.398401682632374E-4
0                         0.1255                   3.4352282659908727E-4
3.67394039748926E-18      0.12                     2.630083290607602E-4
0.006112359028859448      0.11984422834288816      3.024638922112546E-4
0.004452894249351552      0.12870471159511324      3.891609583307945E-4
0                         0.13099999999999998      3.488958945116363E-4
0.004093112049096483      0.1337615614629861       3.4608652308430965E-4
0                         0.13649999999999998      2.656618896653354E-4
0.01004993162383989       0.12497511140416939      5.040059631100841E-4
0.01327480029527862       0.11926348844940125      5.730612167264928E-4
0.003994347080608341      0.1389810665515771       2.4417599393807677E-4
0                         0.14199999999999996      1.1588930367791109E-4
0.01781985771096461       0.12403853240681845      0.0010660628661885792
0.02068461399692795       0.11820383557143185      0.0015622532175421343
0.003614618885449497      0.14348655404423027      1.3630541161248518E-4
2.129918758199373E-17     0.14750000000000002      5.9061664848159615E-5
0.005667897234493808      0.14739106126539428      1.9511382447834675E-4
0.10209111814581548       0.10645963364457507      0.7388234504745466
0.10097069812448155       0.10752287254465823      0.6998365620055643
0.1005824215775591        0.10593755131833023      0.7233960112364382
0.09801549245517231       0.09801549245517231      0.8251928482302545
0.09573286619006181       0.09884437671445398      0.7964587151846815
0.09640239014281014       0.09640239014281014      0.834826224179641
0.09935197569363849       0.09935197569363849      0.8169040135182349
0.09739885261446327       0.1000730971659918       0.7918092916515508
0.10055110182413787       0.10055110182413787      0.809591904087941
0.09888256253570162       0.10120296437996336      0.7864963237614294
0.09983920552819245       0.10857432035016085      0.6382920284593138
0.09948955758722866       0.10703054902047207      0.6828511601260473
0.025351009225833995      0.1228949150839935       0.0026421508209500937
0.027937662624805397      0.11670255784284486      0.004220469160101139
0.09436705114231943       0.09436705114231943      0.8463682862584397
0.09341537751015301       0.097334734063701        0.7981697168321132
0.09179154613571983       0.09179154613571983      0.8610249876289924
0.09058726538369208       0.0955259110438173       0.7967282206175034
0.03275510513707578       0.12070128274644525      0.006675440217338149
0.03515427869064038       0.11473524606563053      0.011418347524562764
0.08736800991508079       0.09338554986477184      0.7939540755656137
0.08853493265432177       0.08853493265432177      0.8826176894639607
0.084608432704864         0.0901837074119479       0.8143313300378328
0.08485281374238571       0.08485281374238571      0.9156591341847049
0.08042057602897192       0.0890647570656786       0.7878505923387603
0.008749366473656244      0.14183838168038437      3.352406769608999E-4
0.012360310351553574      0.1469811985527852       4.710510589911175E-4
0.10025678155441962       0.10237768326752915      0.7799704113684033
0.10189868118937162       0.10189868118937162      0.802364145363489
0.10167882550475263       0.10335178951526146      0.7790629776667174
0.10319894757499035       0.10319894757499035      0.7978562955286602
0.1017261655797713        0.10496848438167317      0.7552661130853949
0.10320034272572139       0.1053847202458385       0.7698784322428973
0.09869676443793159       0.10961386175791563      0.5154411373967426
0.09832665405054666       0.10792329023704272      0.6423545865700834
0.04076676773643331       0.11965645402371083      0.01766798605342929
0.04228536138258724       0.11230293056169105      0.028953091711123993
0.0818658311835598        0.09508048373258146      0.707243079746825
0.07493954772035698       0.09372333854205331      0.6361065060739993
0.04744561832271358       0.11578252104501968      0.04289140514410128
0.04924775082260999       0.10942878523914135      0.0704771155334575
0.01589165634559788       0.14111879071459713      7.353755018660219E-4
0.019710012905591188      0.1461771712384031       9.882305761399366E-4
0.10277370197097274       0.10424125623812824      0.7790326358332271
0.10429825022501577       0.10429825022501577      0.7970433009634588
0.09741049591061411       0.11075849983837906      0.6656539455759968
0.09691601873071647       0.10888007942810386      0.6549099581607932
0.07592760752577371       0.10118604654662866      0.5477081588832724
0.06890394888883734       0.09824584381806943      0.4665610955401885
0.0685163375227272        0.10532266554017986      0.37013609286303556
0.06259263148207          0.10238243249771797      0.29491531691250544
0.054846285397995825      0.11307776312862838      0.10182057044681202
0.05602875129126567       0.10611681784119563      0.1555158631535509
0.06172889355620481       0.10932778101862949      0.21239279111986806
0.022906060123364724      0.1400843337548802       0.0014931051666145477
0.026952237846732063      0.14501664344154838      0.001979465900298826
0.029925238321784908      0.13903759644526903      0.0030300599215100604
0.03412592382606481       0.14349798368972858      0.0040392845778604
0.0957964507120025        0.11215743413159406      0.7100506246450172
0.09528333598443606       0.1099678657599521       0.6860821078151004
0.03616410443196773       0.13737583283797644      0.005899015651483148
0.04122893654408672       0.14162070749520939      0.008424204978356463
0.0937176937419318        0.1139001487255107       0.7359665565204109
0.09326715479938623       0.11117929331075274      0.7084320828384464
0.042644745652366055      0.1348754738359267       0.012356188642090276
0.04823304246031579       0.13939090219602343      0.017991659536849978
0.04937212183367509       0.13242358226986564      0.02674929345178236
0.05510277171416925       0.13682081182852318      0.039399611149074955
0.09122133533999686       0.11590909359833595      0.7547401261955807
0.09042844915168927       0.112602451538826        0.717150687585915
0.05633834050040737       0.1301834996864379       0.06100438311103445
0.061824467463470825      0.13391783011555342      0.09175577956770097
0.06286799784162514       0.1279192241391595       0.14117219997698136
0.06816761167585239       0.130803007298801        0.25225885431611444
0.08814699552409895       0.11826393017346602      0.776090879335277
0.08721126521459728       0.11438995471153905      0.7157548359715523
0.08376553182989346       0.11642686335103625      0.7102920666344831
0.08409576695740012       0.12117818277167972      0.8202650177788602
0.07906665773294258       0.11900137650733549      0.6996561629108572
0.07910998739454236       0.12449040081241333      0.9652863469237986
0.0684098607817808        0.12497461334487157      0.35287271014060223
0.07375000000000001       0.12773874705820468      1.4792380737013897
0.073702930040453         0.12178936089315807      0.6262060257442514
0.009028364659090347      0.1316466735098222       4.8453912186864666E-4
0.007508985075447825      0.136299902121862        3.822623642561698E-4
0.09713033639217006       0.10339487241913087      0.7430711333531391
0.09717124501666223       0.10188795436207068      0.7650206128983278
0.09857144895042358       0.1029791260015394       0.7574697724767621
0.09802964073401492       0.10472884733887484      0.7250423660240882
0.09995812746957294       0.10428243424166736      0.7465542553792567
0.09922014383845987       0.10574458684016208      0.711913280201493
0.09812097346563492       0.10640684022880847      0.6906257456661882
0.09693523969714483       0.10581905603103636      0.7034255585313777
0.0962533801939696        0.10455792373912971      0.7231516903591643
0.09548732789036828       0.10098464767098066      0.7671476558370022
0.09566519188831266       0.10289334831949082      0.7438195859351722
0.0151440001203265        0.13012180315030544      8.147929046146775E-4
0.012677762759567168      0.1364152855297612       5.95299869521955E-4
0.09548683393611668       0.10611529099479511      0.7030896652184394
0.09681455667508576       0.10723156722262642      0.6782161597541845
0.022424369567939882      0.1286894513386415       0.0017181679989319177
0.09335660736481036       0.09991122823937175      0.7665302156755387
0.09426953006225396       0.10441683365555965      0.722198533249192
0.09359920426789921       0.10229788122450485      0.7414374115418152
0.019004242083933687      0.1351775313607205       0.0011147422384556389
0.026026512174804395      0.13394270784507975      0.002315427626294428
0.09334812422980016       0.10649153959325208      0.7049757795341834
0.09513849778016666       0.10799568406676464      0.6880972990366333
0.03040869438929384       0.12821156623388838      0.00420608405025737
0.03190978988576243       0.13410147372090192      0.004187781292493091
0.09022360512587861       0.09890502499353825      0.7533665209067437
0.09157920860182928       0.10145724490303501      0.738110748158183
0.09125862141433488       0.10415730758019519      0.7146351993249321
0.08685714644863371       0.0977777783885646       0.7328184718975054
0.03694699722636853       0.12539625155419987      0.009495311801060275
0.09107132477233452       0.10724606745534972      0.7002178652121535
0.0931713979737303        0.10883620378411832      0.6989207128958754
0.037149992361741435      0.13112176184082308      0.007853188061800681
0.08793709391455638       0.10237950767910434      0.7026048198084526
0.08912060806139335       0.10591104599037707      0.694212088496812
0.08311631339969545       0.1017512103972537       0.6529975115424039
0.04736004524377159       0.12169050651064432      0.0329222865683935
0.0436181551736022        0.12733827577261667      0.017968045166063085
0.053883298270637106      0.11947137461674669      0.07158747258776509
0.08882532346530195       0.10815563725207047      0.6904444540984105
0.09070387348944649       0.10992467053208528      0.7020432305632269
0.08579665861418684       0.1068192689557408       0.664429150659518
0.08031889843079178       0.1072565342080105       0.5892223143451406
0.05108638671547179       0.12620390709512777      0.04100644898497491
0.07412719511563284       0.10912050524396932      0.4670594179158474
0.06748496401478879       0.11246158021586353      0.30666302451537314
0.061147552236397056      0.11707912655895107      0.16243389398705332
0.05812156428506704       0.12373495819261389      0.09736159631685709
0.08742735983119156       0.11078877338118438      0.6882106688475553
0.08383100978533785       0.11149211034409298      0.6544090567866162
0.07911460614412395       0.11317006376037742      0.5900949041653049
0.07360796770400968       0.1157359107786381       0.4778793400417207
0.06815145317611687       0.11887257805112471      0.3187200147796244
0.06381640695396897       0.1226078506890509       0.19477249252428522
