% Model:              
% Version:            COMSOL 5.4.0.295
% Date:               May 24 2019, 01:22
% Dimension:          2
% Nodes:              146
% Expressions:        1
% Description:        Magnetic flux density norm
% Length unit:        m
% x                       y                        mfnc.normB (T)
0.0062541770522847925     0.15220479499900652      0.0024071826230389766
0                         0.15700000000000006      0.0019167658317121453
0                         0.14800000000000005      0.002272433336207442
0.006916900608014731      0.14374978534984872      0.002474795326168184
0                         0.13900000000000007      0.0017099917968478482
0.0062123432820928885     0.13591816878524146      0.0017434196206035236
3.980102095125915E-18     0.13                     2.5435970892313987E-4
0.009138726281979526      0.12967838556190875      0.0020202708054276913
0.006417405300756802      0.1608935927350998       0.0018019616362035024
0                         0.1660000000000001       9.540910788655854E-4
0.005993922983844995      0.16832658747281853      0.0010274842024801938
2.6501819085630935E-17    0.175                    1.9815285849663088E-4
0.01500608952047018       0.13716267301444968      0.003726931185260509
0.019214347274590426      0.1285721931788186       0.005659901161069361
0.00974399297751923       0.1747285168507249       0.0012937601556689616
0.026069899544055697      0.13608181100169453      0.008635554770680858
0.029610078959915378      0.12658294997347622      0.013839097639311779
0.014232475374339805      0.16531171876213932      0.002392322086276811
0.0205033694944458        0.17379474054002386      0.003231194846194276
0.037306826394166305      0.13344795098286463      0.02075239837084127
0.039811466745847846      0.12375397818068014      0.03202186137116734
0.0475345502714646        0.12921392664171472      0.04634092663450412
0.049748846207461665      0.12010433922646731      0.07129169292872445
0.025015788838321423      0.1640453810547559       0.005100161473906122
0.031184660078720006      0.17219906206415492      0.006580865496697495
0.06803381391952076       0.12027199683395173      0.19749587794810716
0.059356319065399205      0.11565823527534269      0.14694235165958394
0.0685701746848172        0.1104451499328678       0.271365874653088
0.05813434198760223       0.12523468180810785      0.10131056856190797
0.0773029959178929        0.11424556151479515      0.33952414880213005
0.07732767441483321       0.10450086492270554      0.441675216397484
0.04174718050196861       0.16994755932385747      0.012866989272491932
0.035176954078414306      0.1619378943712685       0.01009339635253796
0.08676477351857266       0.10731917623172015      0.5266675184465528
0.08523441047875385       0.09815852112954476      0.6323025049957227
0.11852136143248759       0.11852136143248759      0.844274673033687
0.11580703088800047       0.11947321471397726      0.8187996433781954
0.11675143214430359       0.11675143214430359      0.8328112729982485
0.11797987220494273       0.1209816638915875       0.8397769784722559
0.12048267075609008       0.12048267075609008      0.856296823071332
0.11845329469446561       0.12881699024595356      0.9473950034090247
0.11794115878476374       0.1270438858515745       0.8903478549969863
0.1197957435375205        0.12756950979874704      0.9003631578367801
0.11709785611280019       0.13005034445854396      1.038932811912921
0.11652026869656698       0.12827558872459854      0.9034353654271398
0.11555669854888634       0.13142164745764603      0.8268970255776114
0.11491234094093075       0.12940150305251005      0.8444630053471104
0.045161797390276315      0.15978225294443504      0.01953534001095787
0.05215070814469266       0.1670488061615739       0.02527198331943138
0.1131277307619776        0.13064188172829488      0.7815494803493962
0.1136183748266367        0.1331009575538578       0.7550856449471607
0.1135568816369972        0.11778222114428243      0.7970974438392178
0.11458502889894104       0.11458502889894104      0.8192234841630895
0.11067279609067865       0.11573506855462135      0.7704802137970832
0.11181247646190198       0.11181247646190198      0.8038049568452793
0.09179113737749621       0.10013723057628943      0.6799349625320978
0.09192388155425119       0.09192388155425119      0.8150133926811363
0.09813490550236935       0.09813490550236935      0.7811055003858846
0.10377229486930342       0.10377229486930342      0.7774623251695667
0.09589376635314648       0.10564024375906482      0.6623920624854098
0.10827741203300195       0.10827741203300195      0.7884341519428073
0.10676441386528415       0.11313880762733822      0.7363668454278014
0.10169123107166057       0.10978032947694816      0.696718542640264
0.12005643981928274       0.12268758353545084      0.8575477329379113
0.12231112997124102       0.12231112997124102      0.8641570912014734
0.11918350923812096       0.1259299349984429       0.8769804137445584
0.12112505542732113       0.12630803991721337      0.8797713087366302
0.05484992876421383       0.1570829047974297       0.03830973808024968
0.06235419831959771       0.16351438454130043      0.0512250028901233
0.1112806160150614        0.13506155818480856      0.7049385482931543
0.1107101973651791        0.13203954265510373      0.7238361800618697
0.0636835972347103        0.15394025536684236      0.07286823641126995
0.07207864581643135       0.15946682669843731      0.10944602008699404
0.07253240218812705       0.15072977576636026      0.14900482223840864
0.08058006594072492       0.1553443046042835       0.26062156275529574
0.12060008310342897       0.12469984269407224      0.8685143470115241
0.12244108458983889       0.12503271893574058      0.8697296907851202
0.12184370587015603       0.123824236034795        0.8660444948353675
0.12374368670764582       0.12374368670764582      0.8660121339203537
0.10843823083517572       0.13735410475605417      0.6675806310997515
0.10773821790386107       0.1336452230334897       0.6769139693632052
0.07985081672101171       0.14754499762046225      0.29674451062468893
0.0875                    0.15155444566227672      1.075628970287416
0.08716918381629318       0.14437063044140044      0.5037822189432714
0.09391583257463093       0.14766454006231097      0.6931841478313278
0.10476202995366775       0.14017816192255755      0.6411317859886171
0.10396637551771924       0.13566440629944473      0.6347227796986797
0.09923827916736838       0.1381413649206227       0.5975806230934797
0.09990473150948546       0.1436803557276275       0.636822630679546
0.09347041084411212       0.14131379565333382      0.5738843064456297
0.012023856394071223      0.1565184551766341       0.0027578143096280957
0.01430421856010233       0.14849888688361107      0.003531152537638333
0.020121382347599075      0.1565879537408571       0.004350476028850688
0.023071234801439352      0.14576981293911884      0.006205140042531524
0.029075061857950835      0.15415616915071167      0.007962037632905466
0.03298382822171245       0.14323620086667357      0.01238234994242446
0.11293334041505065       0.12494960190859117      0.78755868807129
0.111416487302237         0.12428056228199318      0.7621934047766533
0.11310306002469962       0.12304290754648745      0.7872828717067809
0.11065746216462764       0.12230108755383898      0.7524678848638232
0.11551495331984753       0.1218179230298669       0.8169406422437134
0.11506941936436571       0.12451439740904302      0.820481520537333
0.11385258195319853       0.12648144046467527      0.8083740288823554
0.11589312454379658       0.1265213082282744       0.8510963027190792
0.11486791433091          0.1278115107574497       0.8396619096933582
0.038877235803248644      0.15149694168969588      0.015705908151112155
0.1090426979025691        0.12461306074372419      0.7250057510259172
0.10741011794869058       0.1215475083822428       0.7084523639492116
0.11134587600423791       0.12649615365732417      0.7598125301832722
0.11314850115724023       0.12836105191879676      0.7950667405651951
0.04540455207493346       0.14147050263870672      0.029763335585398145
0.05639839789301597       0.13464653988758482      0.07095427862512692
0.07710386684335581       0.12453179341152705      0.2766716182326176
0.08601767212625773       0.11840438775599851      0.4250466018311934
0.09148235423708401       0.12404597112617385      0.4777301205144834
0.09593917575022988       0.1195826372737567       0.5574096419740541
0.1050218763046812        0.12515535365782612      0.665256845867703
0.10256679262953888       0.12023166730749013      0.6463243102429385
0.10004538665569411       0.12421070161639769      0.598415354165021
0.11310033792282508       0.12062499638141017      0.7870649511104837
0.11036808981311218       0.11924263982685995      0.7545753997326293
0.10680321834695365       0.11768240283834891      0.7136318237727869
0.10133461572060931       0.11547183906210029      0.6525872256732468
0.09426709147883132       0.11243373126387553      0.5785736268562932
0.11748430881813773       0.1229701534256185       0.8412595802992967
0.11742065756403514       0.1252290010925221       0.8570644743944542
0.04824857070236335       0.1512102801319089       0.028392884347734786
0.10827101623585021       0.12749285279451103      0.7068366392557556
0.11073750676122275       0.1292702434918596       0.7414086026182768
0.056943735269685894      0.1461526613280986       0.056982372395176076
0.06773518981647043       0.13151657492567378      0.15187481120236448
0.06401554632751785       0.1400796619725642       0.10303809253012086
0.06602931090499192       0.14649747257877727      0.10205710720159011
0.10558780884920395       0.12872347302962472      0.6648987983572158
0.07890645943103869       0.13392844979035687      0.2753434844299107
0.08704442237426316       0.12851110720075956      0.403981261305238
0.0952351781019874        0.12765870767046764      0.5254599428799397
0.10146391049203317       0.1284251421724479       0.6101508432233284
0.11895070367585417       0.12441654274279079      0.8608994640016678
0.10775873792231522       0.13051739193831205      0.6895100164506559
0.07297109775342511       0.1415850611426864       0.1810885509677477
0.08172730962247882       0.14079869034929582      0.3319208195140815
0.1043045295675431        0.1316475656919434       0.6423175581833696
0.08685687017623886       0.13662747171219847      0.4126423907113741
0.09370846316185058       0.13438099664124573      0.5135190335978207
0.09933391076072162       0.13289498911605008      0.5828812609871756
