% Model:              
% Version:            COMSOL 5.4.0.295
% Date:               Apr 23 2019, 20:19
% Dimension:          2
% Nodes:              291
% Expressions:        4
% Description:        Magnetic flux density, x component, Magnetic flux density, y component, Magnetic field, x component, Magnetic field, y component
% Length unit:        m
% x                       y                        mfnc.Bx (T)              mfnc.By (T)              mfnc.Hx (A/m)            mfnc.Hy (A/m)
0.0046634773123270775     0.14942288847038165      2.1127562774608363E-4    -3.481777636064875E-5    168.127802553162         -27.70710607632695
0                         0.15200000000000002      1.727984311389264E-4     3.0611352913321713E-7    137.50862237142314       0.24359740654428208
0                         0.14600000000000002      2.1532700512376284E-4    3.918029797662197E-7     171.35178623310367       0.31178690473963855
0.0038848850741499165     0.1441631795632208       2.235384568219265E-4     -5.295747130869033E-6    177.88625187171905       -4.214221666212644
4.286263799224919E-18     0.14                     2.2169689147420128E-4    2.2584401551592562E-7    176.420780731133         0.17972095718541137
0.006455638962440695      0.1398510805306367       2.2341197493873678E-4    1.1451844121266012E-5    177.78560078711303       9.113087997086742
0.004354694876705074      0.15500953432391446      1.4524314578440948E-4    -6.512397913531801E-5    115.58082300902775       -51.82401596599659
0                         0.15800000000000003      8.471401482180947E-5     3.719479555711767E-8     67.41327104025531        0.02959867785103872
0.010808976510930332      0.1454442668022054       2.8303379476423855E-4    -7.102527044958986E-6    225.23113749392783       -5.6520114382454745
0.014023776387711979      0.13929584952835983      2.465646401257924E-4     1.2937761215395024E-4    196.2099063384707        102.95543249863628
0.004495541360795388      0.160662855193439        4.08802703914077E-5      -9.274733936328606E-5    32.53148553862893        -73.80598759144249
0                         0.16400000000000003      -3.77720334550574E-5     -2.6648669283860233E-9   -30.058029175024135      -0.002120633721673757
0.004225404184876586      0.16561128253994126      -7.349396641221617E-5    -9.612834600483241E-5    -58.48464020966966       -76.49650718958564
2.7755575615628914E-17    0.17                     -1.7254762839415285E-4   4.3811646431605424E-7    -137.30903988856448      0.34864200472922
0.02213326266617897       0.1382393528766318       3.4514440518133865E-4    5.798371715065315E-4     274.6571908256101        461.4197601684378
0.019142906031975365      0.14677865349730482      5.502036434017782E-4     1.4609975817892451E-5    437.83814777281754       11.626249349353202
0.00675218934644892       0.1698658527751523       -1.7707817123147965E-4   -1.533598067325858E-4    -140.9143313258152       -122.03985656554381
0.03015969973309813       0.13671281034346916      6.706276450440517E-4     0.0018684115738867467    533.6685234141893        1486.8346885709188
0.028141143468069004      0.1450503268824244       0.001375370577528356     3.513876556548693E-4     1094.4851299839634       279.62541169472615
0.010104156549830955      0.16362337426083684      -1.1642842599159431E-5   -2.4184994007095032E-4   -9.265079756485571       -192.45806724385196
0.014690092568643507      0.16936410830020834      -1.9655882507735E-4      -3.820119534589077E-4    -156.41654309697722      -303.9954535658811
0.017860952232170768      0.16206235829689744      9.313514903272665E-5     -5.083153094524968E-4    74.11459672079401        -404.5044707432565
0.022994253423032584      0.16843771641030217      -2.5203586283861654E-4   -7.78338717992121E-4     -200.56376703598377      -619.3822718412739
0.035690340948923316      0.14139159162926643      0.002935093822000502     0.0018548189559324916    2335.6734510493175       1476.0180268860222
0.03807393223009734       0.1347233301419541       0.0018115384756544662    0.005280676887223987     1441.576515007827        4202.229147364103
0.02568932329416918       0.15911323663948948      4.5035621847961744E-4    -9.403824803567675E-4    358.3820916160235        -748.3326007289836
0.031220787448709094      0.16710853488401645      -4.1942824547303226E-4   -0.0014922569409533586   -333.7703926969698       -1187.500342579588
0.044151491956332764      0.13941037027514613      0.008035763418814039     0.004645753541683493     6394.657348106412        3696.9732027280384
0.04585926654844507       0.13227595273381582      0.005147680635608855     0.013770870049293109     4096.3940930778945       10958.510195105651
0.05185548088013747       0.1360087589500949       0.019398777400677508     0.013014762958166377     15437.056566285866       10356.819289807387
0.053497322823257254      0.12937556357652788      0.01539860695601819      0.03466875128983552      12253.822068897694       27588.515693004225
0.03936147442814028       0.16538039282467218      -8.317841332322456E-4    -0.0029407894898773614   -661.9127819465976       -2340.205919533377
0.03461153074215864       0.15930106978772857      7.61319727103523E-4      -0.0021572264800770588   605.8389892094924        -1716.66628836497
0.07508411937997113       0.1252727675826594       0.20259820684851138      0.1475967730987518       161222.53040747432       117453.78011539615
0.06824401593813026       0.12224055909818242      0.0890876543659736       0.1583691907940499       70893.70280403485        126026.19774168264
0.07529320967662272       0.11802937166905586      0.1715980977426096       0.26705905683276404      136553.42740451262       212518.84496196904
0.060966486876081576      0.12602812177442216      0.03941053773474585      0.07853079586942012      31361.909451972355       62492.82173779403
0.06010060302173026       0.13487796124913293      0.05156663197984814      0.019791110776836852     41035.42189096721        15749.265547064328
0.04224003354290686       0.15851839952824268      0.0011566056806611854    -0.0044247483469080084   920.3975564269691        -3521.10285674051
0.047399272079676376      0.16325841174750175      -0.0018281609655705772   -0.006067456480546129    -1454.804272191048       -4828.328454369353
0.08231339345446284       0.12102429712308585      0.3037040911580445       0.25005147154432966      241680.03672517175       198984.63861841234
0.08207721374772112       0.11341662569222777      0.27427338403976886      0.3767047751991783       218259.82414235486       299772.1352963522
0.11243363086955206       0.1275095237599502       0.444069567701363        0.3450295181583247       353379.33388176496       274565.7666375612
0.11082465592472185       0.12891041710880852      0.5013909517768482       0.35595311661067175      398994.24198417756       283258.49008777126
0.11040959556209155       0.12677702083208728      0.4949618823457355       0.31395548825837355      393878.15108696464       249837.83933574831
0.06868647769735751       0.13088067435398107      0.1251183727579764       0.054466207795030024     99566.03748023142        43342.83101024675
0.048969450252018584      0.156381747086026        0.0023439163701888875    -0.008616653280487994    1865.2293825478712       -6856.914812493301
0.05531601403443261       0.16074868146066534      -0.004342725830882137    -0.012933833501050469    -3455.8314123887517      -10292.417674098686
0.08940010519421245       0.11610580563660572      0.39606020154945537      0.349073039378157        315174.6941928408        277783.4985857276
0.08857519259648614       0.10841787332582847      0.3816613946612282       0.46483743401594335      303716.487738406         369905.8767889506
0.10888516554024238       0.13055275073805983      0.5407989317344721       0.35388021140571474      430354.1160217885        281608.92453812214
0.1083751438140276        0.12792005646486354      0.5260388136084931       0.3252968277843433       418608.3872199393        258862.99056995622
0.11375220308100592       0.12633462033115703      0.3317336848089885       0.18281261178108632      263985.2786371966        145477.65412249774
0.11196071877960674       0.12561453192557773      0.47307829198736795      0.2698411389313357       376463.74319630297       214732.7555523448
0.11506891484605235       0.12513650481035488      0.5226885420617423       0.11104628626657902      415942.3258331117        88367.82685661851
0.11335850330388829       0.12457105379498046      0.4908754155865551       0.2011223649070495       390626.2441644433        160048.09270644432
0.1147518423786721        0.12346250816953225      0.552380915369215        0.1744308134651924       439570.7657531823        138807.63095262853
0.11637300800787705       0.12392466666164         0.5831883059653279       0.1383380447960666       464086.50823885296       110085.91823481023
0.056098704469534966      0.1536191354333306       0.005309046316600119     -0.018070262959620647    4224.804821953642        -14379.858364970043
0.0631004203394881        0.15785543054637025      -0.010887541765723268    -0.028851415020147268    -8664.030450671604       -22959.226578260965
0.09586649265100786       0.11050084765302651      0.48362996032971045      0.42398674496203076      384860.4940690533        337397.9313307497
0.09432482131224525       0.10345447348671305      0.4828854472646178       0.5279952448849415       384268.0293965233        420165.26576227107
0.106639771864541         0.13239319867983632      0.5738694490263755       0.3436120752880835       456670.79750985064       273437.8014408149
0.10596260389979717       0.12919394479436916      0.5499487346293086       0.32124059319152115      437635.29781693727       255635.14164101623
0.11542182525438505       0.11542182525438505      0.6588124950399052       0.2664995103239833       524266.32578152843       212073.57199815763
0.11313931375190535       0.11627135140773148      0.6285515392267174       0.2787542380238215       500185.42227975704       221825.57444652976
0.11382048348128021       0.11382048348128021      0.6566029402292236       0.2965631743975797       522508.0179307661        235997.47572199316
0.11607448491920919       0.12231568378915447      0.595466591182352        0.17544888552692894      473857.2571637607        139617.7869578742
0.11766433955796912       0.12269923877672159      0.6201356402284143       0.1533632621934121       493488.2626490469        122042.60633389962
0.11497690550552896       0.11771679321443512      0.6327775269560237       0.24695168419586958      503548.3564625811        196517.90622320666
0.11722937680762849       0.11722937680762849      0.6617746613065657       0.23111177902494637      526623.5427995239        183912.91019291015
0.116793483951938         0.1192936528190256       0.6378041962096246       0.21117830368137613      507548.4527575742        168050.35452326204
0.11889095520827861       0.11889095520827861      0.6667959736808062       0.19789824104926013      530619.3762253684        157482.4164609059
0.06323884664536404       0.15011703058962272      0.014248177925203881     -0.03962283031264222     11338.339734245115       -31530.84651774199
0.07074671756113658       0.15457975919998318      -0.028902735368942528    -0.07070022593806653     -23000.066014220793      -56261.452178785614
0.07034848811504157       0.1452708110673161       0.05661375290790071      -0.08867360750128013     45051.7931113778         -70564.21477809652
0.07825916849479349       0.15091554772952834      -0.08773002513941702     -0.1970333333244452      -69813.33579257231       -156794.1447622926
0.11111794581835187       0.11471055820198439      0.6233755764995241       0.3104557041759456       496066.52201329597       247052.7996533846
0.11194017624670519       0.11194017624670519      0.6530661478934782       0.33065135299979165      519693.5280161491        263123.9863497002
0.09897787869094564       0.10457218843337986      0.5456715049957352       0.49351457373074786      434231.5866223256        392726.4194856908
0.09899494936611666       0.09899494936611666      0.5754361591419594       0.5744127501936993       457917.5458062869        457103.1428416866
0.10293587730824186       0.10293587730824186      0.6086112204931021       0.49483972517892627      484317.4208133432        393780.94150230574
0.1065752481836876        0.1065752481836876       0.6321977689749643       0.4265063194310703       503086.9997201681        339402.94498692866
0.1018630810211504        0.10846317306190968      0.5655490487951971       0.4298100706837955       450049.63338337577       342031.98670001497
0.10955882205799378       0.10955882205799378      0.645960027058457        0.3729562919983091       514038.6567306395        296789.1871437759
0.10853339623655678       0.11293440827388677      0.612468539664392        0.34581423444660514      487386.97787931265       275190.22401858395
0.10539747050621714       0.11073155259780032      0.5942673172572391       0.3867786692097144       472902.905297246         307788.6854361556
0.10386539690857734       0.13458075391757787      0.6100201383728295       0.32295916324857166      485438.602038189         257002.73623916277
0.10301437869233071       0.13075935286955653      0.5711001499422489       0.3032698335318096       454467.05931915756       241334.4654862186
0.11728809444903023       0.12116159863846798      0.6269014201447287       0.18148609474763341      498872.29923681327       144422.0454076496
0.11894276788727208       0.12146035553757659      0.648743027184221        0.16422406048455804      516253.2978638431        130685.35500369903
0.11841469149922368       0.12029126612429958      0.6498871011988128       0.1840755872910788       517163.7230372693        146482.69809959427
0.1202081528017131        0.1202081528017131       0.6732756065917875       0.17255030064362858      535775.7042613863        137311.1663971307
0.10033659038511358       0.13723180618898045      0.6595558702217968       0.284470193832924        524857.8849553779        226374.18755409727
0.09942297221998558       0.13283182046437336      0.5946322905737661       0.2647834142742987       473193.34183435555       210707.94615251877
0.09582062709791053       0.14042224689330082      0.7436910845320172       0.2064627817115332       591810.5611832156        164297.86136946737
0.09496986508397454       0.13535604578784302      0.6223361008552867       0.18501413845135373      495239.33357827604       147229.57338210623
0.09026814124607395       0.13791244390463925      0.6435488890568734       0.03960381978723224      512119.9340734957        31515.71842229313
0.09055659638726164       0.14387321797594776      0.9166878054814783       0.07399467658097232      729476.9775721953        58883.09270173925
0.08500000000000002       0.14722431864335456      0.4256366963823169       -1.1673573641465556      338710.92095274996       -928953.47429325
0.07904359106303377       0.14294468924063958      0.21381360085650317      -0.23226035319119678     170147.4573829499        -184826.9164732422
0.08480214742308505       0.14074224928820148      0.5254008346259176       -0.18633018336377427     418100.69967661105       -148276.84864781957
0.00938239885373329       0.15271927696404117      2.2771060836860766E-4    -1.153793485395249E-4    181.2063445816331        -91.8159682539402
0.014534949510799719      0.15137760160085845      3.5905918778679616E-4    -1.5509671773340447E-4   285.7302229941485        -123.4220464229987
0.00828899255335971       0.15773294003594168      1.2455908796518686E-4    -1.5710000116605263E-4   99.12097278338851        -125.01620872659899
0.01374932981564364       0.15740112021792302      2.055456106339413E-4     -2.82557987103326E-4     163.56799981616902       -224.85250178795172
0.019591136341715967      0.15454469052281775      4.6927174289184006E-4    -3.841331389343534E-4    373.4345876729267        -305.6834393340407
0.024726408410069418      0.15162658374695212      8.989603882101225E-4     -4.194860497155067E-4    715.3699471372511        -333.8163918515772
0.031067532914417568      0.15264601119272428      0.0015239920736980338    -9.548462478603239E-4    1212.7543588095507       -759.8425011985983
0.03501872068143975       0.14781396070251993      0.0027880204381715706    -3.695601361516469E-4    2218.636170881187        -294.08661219124224
0.03827815780408445       0.15293917575268892      0.002741970954522397     -0.002358056891570152    2181.9911561332106       -1876.482051926496
0.0424759551769063        0.14640603058885499      0.0062645875405615515    -9.629209119089432E-4    4985.200367561352        -766.268114684319
0.0442551737666776        0.15294958271606307      0.004173792103850619     -0.004765558567492618    3321.3982238287367       -3792.311013051909
0.11027559235760492       0.12179570248825419      0.5501496111727922       0.2725942035772898       437795.15029117034       216923.57478762046
0.10903939805207112       0.12347412080054047      0.5335603276664853       0.2870543096598203       424593.81792926247       228430.56159096002
0.10761829352487379       0.12088986827482426      0.5528957052161326       0.2977916936006697       439980.4224971346        236975.10024126864
0.1050027062531646        0.12211381579574093      0.5414870822597198       0.3066771684177739       430901.7288102108        244045.93643557205
0.10479190310869417       0.11997524732941478      0.5469772271880806       0.3146595761606703       435270.64732840843       250398.13468585693
0.10664180602521407       0.12380481233735569      0.5379730118258406       0.3011827470766895       428105.3204105859        239673.61485625614
0.10854433710267652       0.12566846604175722      0.5232413491481331       0.30385810890548776      416382.2357349883        241802.6001543192
0.1103190868819645        0.12503912969156658      0.5090773311984067       0.28578258970107157      405110.86838128185       227418.55900264258
0.1114912879947871        0.1234558364164572       0.5249559747773872       0.2536235845207912       417746.6914572275        201827.23580584515
0.1134002844879856        0.12291151483374724      0.5430057303284499       0.21354887153407082      432110.2305449875        169936.79248171757
0.11244836638403394       0.12112763614703603      0.5683329585678122       0.24487483841035587      452264.9983905433        194865.20485918628
0.10231771108643006       0.12124182766877922      0.5331654369270815       0.3131762556085039       424279.5738634758        249217.74569552156
0.05011278973826411       0.1432131976342454       0.015189102478992411     -0.0011793321928224903   12087.103703305018       -938.482740175518
0.049699042533477206      0.1498772075065305       0.008884563153697149     -0.0076408966206958605   7070.1107156151          -6080.432334189526
0.05621210179185571       0.14086967253308857      0.030603541409037073     -0.002185906936299958    24353.52445682879        -1739.4894702549955
0.1103776851347947        0.11967461973167368      0.573688143118522        0.27917431837339524      456526.51885261736       222159.86376718196
0.10864393570152456       0.11832663355485847      0.5758422297445487       0.30179020809768475      458240.6865245189        240157.01697739138
0.10619783176605978       0.1179136352402689       0.5634915448556673       0.31973675602770907      448412.3237713396        254438.42604988627
0.10282297291294272       0.11771708966746058      0.5413319589055583       0.33392483401894957      430778.28556719184       265728.9397762826
0.0973540412955683        0.11909521487262492      0.4954226090988849       0.32600797721576913      394244.7857878567        259428.90530639823
0.10368834138019134       0.12422507871837621      0.5380437698984616       0.303638985452191        428161.62789569236       241628.22725062145
0.10602420346363473       0.1263066256080264       0.5379411100491022       0.3086324492138023       428079.9337832793        245601.8994546749
0.114510631297971         0.12173782812077273      0.5790861659296608       0.20685026147054106      460822.1289191951        164606.20796443816
0.11270759182081631       0.11857242161314238      0.6019961771784939       0.262132098778422        479053.3366019086        208598.09631819418
0.11454288565398733       0.11970937778664911      0.6068696800658392       0.23032607076989278      482931.54697537696       183287.6634298107
0.10024630170624262       0.12432451931149255      0.5277259642083153       0.2946889396871261       419950.9790084502        234506.00712857768
0.09641509919805379       0.1252848260646572       0.5098749297446908       0.2713185011564424       405745.577137502         215908.40305665965
0.0905494381233698        0.12409976747542258      0.4417131065331009       0.2463508514623333       351504.1216660999        196039.77872563805
0.056268448129524605      0.14673475587693885      0.019891530334788955     -0.014439961285218178    15829.17689222023        -11490.956082990355
0.07595560102770949       0.13181460851495502      0.23235450212301673      0.04004536748483188      184901.837812672         31867.090915712273
0.082668905210884         0.12907398237349976      0.35154359272727803      0.11421744775377177      279749.5024741519        90891.35698676539
0.06224920359865157       0.14271229156481544      0.04635562691968389      -0.02264115160378455     36888.6358219571         -18017.255975176522
0.06707099144714196       0.13832215761646569      0.09232316224945677      -0.01895150610702568     73468.43816938056        -15081.129379846894
0.11071988857256589       0.1172423941717603       0.5989535036904813       0.29223322938468715      476632.05397274945       232551.8149614034
0.10833285920800265       0.11589878052117135      0.5908402436994172       0.3211977583482201       470175.7268119116        255601.05475577657
0.10541626015428214       0.11477882905464949      0.573476594730109        0.3474430067849393       456358.1739940222        276486.3598626701
0.10121303029591383       0.11347750802730905      0.5388863069418259       0.37665655290472394      428832.09757163975       299733.761213704
0.10288921083730528       0.12722985691243752      0.5464952545963059       0.29934571718024644      434887.1057263296        238211.75291312358
0.11584592396393778       0.1209002479985174       0.6088490987897996       0.2002474210867687       484506.71834721166       159351.8345368174
0.09963382612996849       0.12827276011486935      0.5480661244471651       0.276749944080833        436137.16423492105       220230.60800435094
0.0946255684145135        0.12962588163334565      0.5326229048148949       0.2200381996547682       423847.840526273         175100.83572048869
0.08969278039871027       0.13150269912803308      0.49836645529861184      0.13772413437142453      396587.42415980087       109597.38384132307
0.0733835261907381        0.13760854464205013      0.17004556051496791      -0.0480287016288205      135317.95753394582       -38220.02637256274
0.08005274716945443       0.13623329049478689      0.3166557630952473       -0.0608235451431258      251986.64977572384       -48401.83932950757
0.08576683108550166       0.13557820435450926      0.47702876772624625      0.0014347326638524934    379607.4319033384        1141.723977337635
0.1163288286440301        0.11317559513767622      0.6877091617561484       0.2817535400778452       547261.5625153743        224212.3431851475
0.11476090223957974       0.11105452258705302      0.6893037312004159       0.31703299897996073      548530.4805611664        252286.8445545428
0.1178434966661903        0.11512048992134041      0.6867526499468184       0.24844998728984927      546500.394602471         197710.21794149044
0.11915727225516443       0.11696780841856232      0.6852782328942603       0.2176373127880901       545327.090792003         173190.2706573075
0.12020305514230184       0.11841722531150968      0.6855681978044093       0.19347417653165128      545557.83753587          153961.85777823135
0.11297860014074429       0.10843232203767432      0.6914725141672475       0.3594833715304157       550256.3432094903        286067.7776920299
0.104671288995184         0.09867103202832203      0.6607439018682323       0.5425396660184667       525803.290500777         431739.3483513249
0.10344940322210754       0.09433038202503902      0.6762920621688854       0.6154720397172836       538176.1233399474        489777.0872792851
0.10815184597958875       0.10151867098347878      0.6867783850269941       0.4783708035484134       546520.8739285752        380675.3900778599
0.11070238364911478       0.10510067742808248      0.6913235508721828       0.41495264153974426      550137.8019857464        330208.82025044825
0.12145930110986217       0.11894384462385521      0.6957313743103127       0.17891472453528542      553645.4364280198        142375.8140085774
0.10982436909986526       0.09557528045873397      0.7573977102246807       0.5441609908543861       602717.9473437044        433029.557661296
0.10840655544764308       0.08858904410804472      0.8049370221443347       0.6564528404640159       640548.5297597065        522388.57233281754
0.12118699825811151       0.11715416535571398      0.705536697794308        0.1997871922338994       561448.2649334843        158985.59605237903
0.12297036036031336       0.1173809629916821       0.721830728332252        0.18445651381948833      574414.6424485047        146785.82979935035
0.1440962918824024        0.0041904867341506545    1.647033602438017        0.04812758564164403      1310667.6963323099       38298.71576973087
0.13985142723051786       0.0064481238811896786    1.695014340808828        0.07790984621540518      1348849.5547568777       61998.685703555646
0.14                      0                        1.6966638261069469       2.1959441486314407E-4    1350162.1734506427       174.74768300420874
0.14599999999999988       0                        1.6266744840656344       1.2465687857190209E-4    1294466.4247025212       99.1987920756219
0.11508955683553068       0.08907567885424117      0.8911918839467923       0.5794473360672464       709187.9678675537        461109.53898266464
0.11339951012328779       0.08210085933654013      0.9521478083091489       0.6881147382197826       757695.1512325773        547584.3100103198
0.12233516813537272       0.11521178352220718      0.7321317660648458       0.21039526688615431      582611.9478190969        167427.23364035008
0.1247337569952028        0.11550536725997484      0.7521365833674613       0.18848448559523193      598531.2756159045        149991.18789307153
0.12385950285433116       0.11293227744555244      0.7658133651658309       0.21926654286195912      609414.9127599034        174486.77075575865
0.12666537935897945       0.11338378046195934      0.7864948120211329       0.19008986235417855      625872.6852464717        151268.7061266275
0.12048906135594395       0.08239206188421533      1.030449741958828        0.5968304226200011       820005.8502025775        474942.5597379906
0.11800595027498935       0.07532991238343996      1.0997757314529233       0.700754520994674        875173.719766188         557642.7295514784
0.14904953245908664       0.004931834797696155     1.591564449052919        0.05281901200009492      1266526.7465805053       42032.03424522622
0.1519999999999999        0                        1.5623982543078005       6.377754391054549E-5     1243317.0262561732       50.75255685811862
0.14505492650634452       0.010580633700243453     1.6292559861401728       0.11950731006890151      1296520.718781345        95100.89566540756
0.1392972097599789        0.014010258851443755     1.6892321062184836       0.16954428292974935      1344248.1986710264       134919.0535062023
0.12538843623533372       0.07498638826607336      1.1673667858989618       0.6021530063959907       928960.97188559          479178.13732783793
0.1222088249031469        0.06830082807544854      1.2414718013204669       0.6926115762392233       987931.8694467585        551162.7800057075
0.12950424792115747       0.06734125784074475      1.2927669880711405       0.5937412134249848       1028751.2820877164       472484.2451698317
0.12599326323382298       0.06103849293431645      1.3709450625256083       0.6631005461594067       1090963.4170418903       527678.6484410254
0.13307070389487932       0.05957889237827509      1.3999015311051153       0.5703763434264411       1114006.242586459        453891.07239499287
0.12934604960960222       0.053568642416905864     1.478736553413789        0.6115232605906237       1176741.160032385        486634.74869335507
0.1364799080848147        0.05184885510863654      1.478180214358315        0.5252738830825094       1176298.4394788162       417999.67484827834
0.1322561338367322        0.045916392089975736     1.5592638752099461       0.5406076077677949       1240822.766621436        430201.8652466454
0.12560593185046928       0.11036245761817555      0.8061094713603127       0.2268018078955892       641481.5352009421        180483.14414380738
0.12893190709682958       0.11079965402642047      0.8302326255418656       0.18834452070462238      660678.1313557524        149879.8073720724
0.1392289197381444        0.043884568561889416     1.534316049017332        0.4634168502526748       1220969.9173316758       368775.4121489492
0.134713876724258         0.03810736697702205      1.6159850655996344       0.4565690048651639       1285960.0557643129       363326.0699341923
0.14139259410949617       0.03566523613924265      1.5765455273785          0.3879441768785434       1254575.0684585366       308716.1669696838
0.13671102943394545       0.030167771397816366     1.6540303834059895       0.36456980279569734      1316235.5577162306       290115.43108486355
0.14475028758866346       0.01922458116145243      1.614524424520224        0.21520661310216294      1284797.7145249567       171255.9813063714
0.13824078324648276       0.022124327049629515     1.6768632819715954       0.2679871602516883       1334405.4010753904       213257.4061960804
0.14344439320021016       0.027538372289167695     1.5998851944155934       0.30431270567610036      1273148.1853538984       242164.35677010225
0.15799999999999997       0                        1.5043600105546728       1.5780432799130992E-4    1197131.6593477603       125.57669420555855
0.15485352916262057       0.00516630688285302      1.531331307141941        0.05051383036393694      1218594.7352150667       40197.62898463019
0.16081968046181538       0.004726463740856419     1.4758258438624356       0.0384850571186836       1174424.8909673719       30625.43537806215
0.16399999999999998       0                        1.4555033320238977       0.0024009453877707376    1158252.7498916374       1910.6116327870016
0.12761743564271352       0.10729064226407313      0.8582783991559242       0.23464639601058038      682996.2488733205        186725.66901891129
0.1316666105461501        0.10753559256027007      0.8921711081905985       0.18093510553885203      709967.2097615395        143983.58212681036
0.1297855939059798        0.10365769761266151      0.9277397050119603       0.24737958208890168      738271.7997763517        196858.41654727995
0.1346253827724651        0.10380754458789233      0.981269135779777        0.1660299871068479       780869.1673143186        132122.46574769248
0.17                      0                        1.4643286728852694       -0.05147206731728067     1165275.7330044284       -40960.169723520055
0.16568231082689353       0.0041966352451806264    1.4354428603985263       0.022075162042150927     1142289.1337919745       17566.855792814495
0.13209804294577052       0.09941593310647368      1.011826418083934        0.28622449294278796      805185.8799451242        227770.2144290801
0.13753288904374109       0.09992349288972044      1.1894130904689726       0.2529370769004358       946504.8636317233        201280.93039959608
0.16987025074762224       0.006640625794300813     1.3802626442104369       0.01907894805786971      1098378.1129559053       15182.544462017404
0.16450430353343382       0.009585122622740872     1.4276547811309266       0.07544555573887143      1136091.5772288246       60037.6656507825
0.16943344975692806       0.013867447619029439     1.3576160199015999       0.11136772532707036      1080356.501940423        88623.61993351858
0.13492175353192934       0.09436130635246882      1.080219346201629        0.35786490201800003      859611.2428574231        284779.8405763075
0.14113737380581567       0.09476413728408783      1.1037316917053872       0.37479501533129506      878321.7729104614        298252.3966808915
0.13848088312255982       0.08852480672004613      1.1189355700627857       0.38413028921747383      890420.6348842006        305681.1716014017
0.14504659929996744       0.08866501018730356      1.1253822467065782       0.3364997642450695       895550.7371560739        267778.0041443012
0.14239976380167138       0.08242115831089714      1.18407501408362         0.3689888809665194       942256.9574150686        293632.0217588427
0.14874585030992035       0.0823083957781874       1.1947854670346931       0.29058655588657656      950780.0650646508        231241.4338269898
0.14550223095266154       0.0766616609296822       1.2687172223926506       0.3512392373137996       1009613.0866480493       279507.30413159245
0.15216669050849008       0.07579774600668122      1.3107985717449493       0.23835739541297882      1043100.3604550255       189678.78851242518
0.16349034840298918       0.016522660980040536     1.4237312614694577       0.15444971088112114      1132969.3394866192       122907.1747292226
0.16868932959808353       0.021069173684535446     1.3565565100722299       0.20437985519522464      1079513.3708074295       162640.32111362895
0.16282093424687832       0.02360145255558712      1.4273668686979366       0.23398048296031473      1135862.4637943849       186195.7522508154
0.16763924217416093       0.02823268466286923      1.3802441290954508       0.29953215490836815      1098363.3790955453       238360.11534317056
0.1581114053627933        0.04419098017975184      1.4195058266389011       0.35168402816940586      1129606.8452866406       279861.25744815153
0.16465913739187565       0.04227728081799271      1.3893049589954911       0.28544656530502643      1105573.758431077        227151.15928449234
0.16274431458045627       0.04913540548054406      1.3511777697536893       0.36319448408854843      1075233.1052609123       289020.9872320161
0.15633657152765462       0.050932126491742835     1.3975215665032665       0.408973891836468        1112112.326932619        325451.0824065201
0.16054398294036623       0.055907329945574985     1.3462507596916042       0.44164729622978816      1071312.3152306906       351451.75149070687
0.15410837681737938       0.05723309359413795      1.4009905802086713       0.45644105258184897      1114872.8803269623       363224.24874234496
0.15806200260099035       0.06258117395642653      1.3920450053194833       0.5232526452761507       1107754.2180148975       416391.22490804736
0.1483322695413523        0.07033900589893687      1.376067582284354        0.3694224383129939       1095039.7887453418       293977.0357328688
0.15530272779924217       0.06914522932288604      1.6178952224321501       0.3861668811644767       1287480.110274191        307301.839978535
0.15126448994276157       0.06361355342734722      1.4302983588074454       0.45214725358132296      1138195.269502151        359807.35206446116
0.16159307462078826       0.03011549616355219      1.4497560598935995       0.2897368144397388       1153679.2160474812       230565.23106891834
0.16628509212474699       0.035344987439019086     1.503520625782168        0.3146430265144782       1196463.6981692591       250384.96489586742
0.1599984826400165        0.03706427513318129      1.4543019915928062       0.30954708314035356      1157296.7535519155       246329.74200732578
0.11733944318962089       0.1107376375012025       0.7191432152786632       0.29855563011704767      572275.9875129914        237583.02160521838
0.11878685268186849       0.11289892031615963      0.7156178244181409       0.26352146539976057      569470.570604076         209703.71914595878
0.11615788173509786       0.10822092111777984      0.728014528467604        0.33564022578399794      579335.5542416727        267094.00517001556
0.12009345131784316       0.11502828201888642      0.7110676162372025       0.2304674075373716       565849.6299836081        183400.13565573515
0.11846433330677036       0.10869536857373388      0.7489154762594409       0.3104832142257896       595968.000023555         247074.69145547147
0.11986495155268889       0.11051472696508573      0.747594990371922        0.2788181313354206       594917.1907421463        221876.41912838732
0.12125094472083774       0.1128167903527667       0.74149380085123         0.2431236769982845       590062.0183873535        193471.67488477155
0.11824241433319185       0.10603748663367867      0.7701478979627212       0.3415962625432658       612864.2243629985        271833.668627388
0.1147518208276845        0.10472024089263807      0.7417765544914922       0.38691589688559463      590287.0265849782        307897.8877508823
0.11310362057190214       0.10045227912776805      0.7579194599327542       0.4521779693052101       603133.1425691877        359831.7948608976
0.12081447020404523       0.10785075577536195      0.7818266510206083       0.2982899522685513       622157.8807545601        237371.6018909273
0.12256580934171785       0.11031539843337798      0.7770670512591282       0.2563677040353806       618370.3116086673        204010.93673175434
0.12173842243460209       0.10484087134948117      0.8204948237254898       0.3226389387163749       652929.0348861251        256747.90965317073
0.118355503268937         0.10114518329347479      0.8157425794851622       0.3972711771284181       649147.3190779845        316138.3579396183
0.11740234216760254       0.09498809434584612      0.8612680066380024       0.48140273652555093      685375.302916707         383088.12568003376
0.12399526399731593       0.10745640603120504      0.819349489024377        0.27176492828283366      652017.6064902412        216263.658476137
0.12342973899165681       0.10155807866414798      0.8723131709377154       0.34434038814804324      694164.7653945143        274017.3743997149
0.12562942270187913       0.1040792646641442       0.8724431967668798       0.29172431971629265      694268.23666172          232146.8375148422
0.12301651235310046       0.09702452485171013      0.910803888971055        0.403802229553305        724794.7055853261        321335.6043246836
0.12338696241773033       0.08983690063960069      0.9822671498368015       0.48524924077143694      781663.3616665717        386149.0765018173
0.12710136190410962       0.10008955884800641      0.9327920311518425       0.32583802587945704      742292.3131727247        259293.66233010252
0.12827619597656303       0.08203997725695875      1.1071554452123127       0.5125849118723322       881046.3093832383        407902.1123940262
0.15159502798671837       0.009680230475197005     1.559547384731175        0.10058278971939702      1241048.3763300218       80041.24086907355
0.15114145054257747       0.01621454735836545      1.5540744722558026       0.1697699025332159       1236693.170962198        135098.595881953
0.1338628520767196        0.07450267022310623      1.2287061642705193       0.5025024919411998       977773.2982556773        399878.7775421863
0.13671349262523158       0.06575855554013292      1.3409761171109496       0.515197732137127        1067114.8880319197       409981.32869678986
0.14459038001209923       0.05022708429606214      1.4625567642738289       0.4572121351598651       1163865.692933339        363837.8567614614
0.14038726141743074       0.057917550908711056     1.4199693424883817       0.5002757748051765       1129975.6994798721       398106.8123468586
0.12869002929363774       0.09488564079397417      1.000574158215471        0.38102997723385235      796231.6160500218        303214.02171479975
0.13159073689363635       0.08865682652371652      1.075184423083684        0.4270248298507131       855604.5783458803        339815.5624685827
0.1357885970193977        0.0822923273792505       1.1568848631868562       0.43593660318949407      920619.7228218961        346907.3263614905
0.14012058415882128       0.07761152444398417      1.2284775158302106       0.414402603050799        977591.3456081504        329771.113528416
0.1460066273329871        0.04168749634864004      1.5066665425742718       0.40368337516159336      1198967.1392093545       321241.02300493815
0.14846494129229543       0.03313947148253142      1.5332768991231547       0.33162173515418464      1220142.9881203172       263896.19193249923
0.15110672353037752       0.024908846504333795     1.5370808031507488       0.2551918995961385       1223170.038765511        203075.26128868046
0.1576569340140333        0.011659312604288987     1.494078232156694        0.1119614918527044       1188949.6800686915       89096.12432150437
0.15719419800807827       0.019719856169969602     1.4871992539044674       0.19582746422014294      1183475.5631073734       155834.5446189351
0.151352679779116         0.04635900574122926      1.44966277887397         0.4016340854176595       1153604.9853706278       319610.2500420651
0.15105275477047297       0.052514610189142566     1.4242966125132992       0.4360650021552134       1133419.2315526675       347009.50301190105
0.14124822739571388       0.07149213513940642      1.3051522239938527       0.43725555777204916      1038607.1396800113       347956.91706912714
0.1444767850547246        0.06456537425791639      1.3880606745885526       0.45609753082294063      1104583.5883611948       362950.88281239546
0.14730653780394481       0.057757408626960945     1.420308766822691        0.46279228596709165      1130245.8047829273       368278.39968230313
0.15344717798849988       0.039230504027351745     1.4737231749434991       0.34954488885656954      1172751.6402066997       278158.9844701511
0.15512394786186035       0.03185481131751104      1.4913113946473544       0.3013629906034792       1186747.9007369739       239817.04809750066
0.15786818859612234       0.02609957961983895      1.4759238682952323       0.25570169133892234      1174502.8963324886       203480.94066773783
