% Model:              
% Version:            COMSOL 5.4.0.295
% Date:               May 10 2019, 05:06
% Dimension:          2
% Nodes:              156
% Expressions:        1
% Description:        Magnetic flux density norm
% Length unit:        m
% x                       y                        mfnc.normB (T)
0.004002519320338163      0.15919558906987685      2.2060521290107513E-4
0                         0.161                    1.952336962953473E-4
4.7455063456799026E-18    0.155                    2.607698370546499E-4
0.006612209562009992      0.15485889927514035      2.673550131521558E-4
0.004851498367720543      0.16430342136986983      1.7250288218236651E-4
0                         0.16700000000000004      1.1868193199282037E-4
0.0043475837444452246     0.17000563774725252      1.037583062696758E-4
0                         0.17300000000000001      2.5191011535049256E-5
0.010902356531380619      0.1604003567931853       2.491634331174124E-4
0.014407747488049563      0.154328924095001        2.7485626896024603E-4
0.004339447082631259      0.17565528660743635      7.942291740195926E-5
0                         0.17900000000000002      8.104211716175712E-5
0.02277980398985706       0.1533169283875192       2.814138563076509E-4
0.019850968327648433      0.1610811884748906       3.694051209543124E-4
0.004145714865532522      0.18065324716119413      1.3542828471894985E-4
2.197481379122662E-17     0.185                    1.904269202525161E-4
0.12191795942021313       0.12191795942021313      0.9177854210789098
0.12373574676369939       0.12373574676369939      0.911019926460288
0.12094127163826439       0.12444964564341808      0.8803407135761416
0.11980290257174259       0.11980290257174259      0.9267007281627849
0.11882122505649496       0.12257644361949838      0.8853146266312039
0.02755554492870505       0.15836373117873853      5.962482328301862E-4
0.031081391109018003      0.15185172744071185      7.581774854206364E-4
0.006559570007930181      0.18488367164601383      2.268228561358343E-4
0.009933293218405309      0.17877189124074055      2.0323146499918811E-4
0.014282791662733616      0.18444782964925058      3.463971166538769E-4
0.12545004309060048       0.12545004309060048      0.9056960833070754
0.12282958782209913       0.12618199861251778      0.875550958872827
0.11710048961102694       0.11710048961102694      0.939637113991052
0.11554971436700291       0.12051709612082441      0.8832171246537316
0.1123898505573087        0.11853434841382116      0.8808699071784166
0.11364064996464604       0.11364064996464604      0.9597859950898321
0.10941297940513717       0.11533728823862419      0.8988648086031764
0.10960155108391487       0.10960155108391487      0.9908474273739452
0.10482623411451372       0.11417732104655966      0.8750670102013588
0.03611306578507966       0.1573480163297232       0.0015521840891205556
0.03929089416844253       0.14993740572466976      0.0025867776540370838
0.01796198663367339       0.1776954393343567       3.8704662469730234E-4
0.02254920652690797       0.18362062325623138      5.690665451533096E-4
0.12479823524811882       0.13438187133564822      0.7901212681594353
0.12664121459680738       0.13485919607296112      0.8209717079900433
0.12522205439129222       0.13617796111715083      0.772291484939756
0.12616726881350124       0.1331619670207607       0.8285314384193686
0.12804648716602518       0.133525642198197        0.8536095864126279
0.12476526457686099       0.1279801530491423       0.8714809670371046
0.1274028606236749        0.1274028606236749       0.9017836473353135
0.12684267392970494       0.12975278109641153      0.8722825210193292
0.12930339435241417       0.12930339435241417      0.9016006396723814
0.12750661267933136       0.13187793655760335      0.8592825004442105
0.12943771799497256       0.13217744573206863      0.880488109268792
0.10660661130530245       0.12073257068417934      0.7991167013132543
0.09893256321570175       0.11932035842877425      0.738258454959379
0.047386670521588         0.14757880422634695      0.0075890949901250655
0.044635821328750346      0.1556522327952483       0.004263281983258587
0.05318190187829606       0.15293230048894838      0.011605653583081204
0.05534722597045039       0.14478150633757023      0.02042936953972331
0.02590738084973326       0.17665137415877016      6.824270374172226E-4
0.030748567153954926      0.1824267678219913       9.61453091596751E-4
0.12337079122516699       0.13562541949807286      0.7356366407040072
0.1237891621763888        0.13748179271331792      0.6213898082461121
0.12879023820610536       0.1309244381043032       0.8824231854959397
0.1308147545195113        0.1308147545195113       0.9046678027974197
0.09966928132195668       0.1267746344971983       0.6520145680235881
0.09228471511057701       0.1245332540206014       0.5801676390238536
0.09262459799043982       0.13186258848383894      0.49960388455664245
0.08536557621235481       0.1293743343864332       0.4082819773791943
0.0698648776423913        0.145055090624038        0.08166815921745636
0.06314736500791072       0.14155355980178555      0.051690741159008846
0.07076804012202298       0.137901720429035        0.11983527856478075
0.07770676422856036       0.1409919828302513       0.18020271380591205
0.07818856561174427       0.13383403232204413      0.24282668499736335
0.08519848635916312       0.13652280310743245      0.33063522167654347
0.0623883142892913        0.14955482668186104      0.03392087994925011
0.03391785222597154       0.17590463690149458      0.0012410213402921052
0.03888158221074961       0.18086796998028343      0.0017402398595766989
0.04076956382426895       0.1729029482852105       0.0022459515835196887
0.046935563468890586      0.17894706726252246      0.0033596298995428042
0.12217852060693857       0.13891511473666165      0.6932745912149221
0.12168484781036516       0.13679463211395104      0.7146451607104615
0.04842807167666407       0.1701673373251481       0.004620238340719433
0.05489683464680962       0.17666730751828655      0.0068555547676750735
0.12015829478075926       0.14066621554367678      0.7305504336090172
0.11973968631243569       0.1379996089954058       0.727040903949321
0.06275163450126517       0.17403227392475118      0.014580743874756974
0.0565131560087658        0.16737592750460611      0.010467460500345247
0.07048639524617767       0.171045806979299        0.03216890307611448
0.06433754089182576       0.1653624182692441       0.023024318042448973
0.11755730724417493       0.14284704936924184      0.7498168541780131
0.1171209476865972        0.1394576793341153       0.7382893319488546
0.11442415529667486       0.14536888485725682      0.7622335351200699
0.11382225001656149       0.14118278387857597      0.7388356590402719
0.07220804865803683       0.16306953178901956      0.05281888357091911
0.07808684524692865       0.16771238654131126      0.0759068856030787
0.07945495110413174       0.16062916369023708      0.12154477658838882
0.0855266726898758        0.16404325118272564      0.21445860113612566
0.11055935714037446       0.1483294594768925       0.776471370094626
0.10976111150239903       0.14337135899603093      0.7291695615991829
0.10477510547906506       0.14609307479633205      0.7090710496766001
0.10546813021311092       0.15199168894827852      0.8103083801662821
0.09886673739665348       0.14956236841779588      0.6862993355493533
0.0992128373327216        0.1561467672044186       0.9573845880844182
0.08553392580779466       0.15741297862662226      0.293583841245109
0.09250000000000001       0.16021469970012114      1.3912758523525082
0.09223273836090609       0.15353892687378567      0.6148676294490468
0.009495314920865272      0.16775320901156712      1.9223647559722537E-4
0.008232506555229429      0.1727686256247517       1.483231144433324E-4
0.01503899393825168       0.16632417946088152      2.9349769299350274E-4
0.01380307986521027       0.17249497767512548      2.598569144898877E-4
0.12440243796035563       0.13260012742069255      0.8116395738570947
0.1240092952417231        0.13050044243266573      0.8351048489663617
0.12580850988489          0.13172880848209154      0.8396404204516159
0.02628884607750492       0.16467478220738935      6.318968793478678E-4
0.021143250046153812      0.16989116534963905      4.563144462477897E-4
0.12148542466766603       0.1307834086962398       0.8109066936273406
0.12205712675336343       0.12859279243898314      0.8416040110478457
0.12273663805566352       0.13219524140736305      0.8010292092931068
0.12298564450158939       0.13386655688425142      0.775512054978084
0.12010152827809083       0.12695921174533126      0.8454282565811709
0.11824158248898871       0.1253265136992485       0.8494575257127422
0.11952650172110317       0.1294959195082782       0.813249996594888
0.11638016684217631       0.12356523449617682      0.8543282840608001
0.03277554881623863       0.16369166630041754      0.001128210824956423
0.029113330732406385      0.17030083041174243      8.5467658955596E-4
0.0352547741272254        0.16983072774796196      0.0014177932522424653
0.11948410597609146       0.1317823225261084       0.7876731446161328
0.12080038790698347       0.13322567160296572      0.7746986363601823
0.12175071565109838       0.13502335203597557      0.7464070802252301
0.11749292274897383       0.12830458366357161      0.8124020917738585
0.11571398563447863       0.12610574752863257      0.8220789469910121
0.11718848409441202       0.1311796507648991       0.782910662758805
0.11240804779219905       0.12401675337633478      0.8162053544599894
0.04132603642959748       0.16458467011439265      0.0026018541798545685
0.1183411750981001        0.1337004167171434       0.7637476067055857
0.11991189153222326       0.13550437790203412      0.7446602954266496
0.1134973774584585        0.1294329784790591       0.7747372895854634
0.11493138887833687       0.13352890703225584      0.7542455763120691
0.10679404343937976       0.12928198089965215      0.716000723303398
0.07013250794617883       0.15151200663829903      0.06568570008443929
0.050516359189498365      0.1615321998874088       0.00684524529029168
0.05900000988519052       0.1584740666719486       0.017724677251579606
0.11715453641435683       0.13628258594676318      0.7443748638714496
0.11112146075680371       0.13384975488061732      0.730199721604133
0.11401689510404403       0.13730278274318936      0.7362110757973381
0.10684691967427128       0.13573642759172744      0.6876667647393541
0.10077315687033936       0.13491705446614374      0.6123050796233083
0.09248355541483419       0.1392605059906751       0.4574574867267211
0.07741222358526358       0.1488171947576849       0.14159879864450542
0.08482185869704524       0.14381337463135205      0.28537647722749304
0.06656531408623625       0.1576010487476528       0.037714940388183245
0.07431724537292096       0.1560663665063731       0.08563388919560344
0.11005308649850194       0.13874882222800722      0.7149491516130332
0.1049327145832163        0.14050512873912116      0.6699186402312941
0.0990483617230302        0.14279686727629504      0.5943752137545523
0.08035498146306538       0.15500471607899816      0.16569281217187476
0.09234498465907304       0.14666139224230335      0.4749856316458994
0.08543219941853712       0.15083156693326524      0.2897472113703812
