% Model:              
% Version:            COMSOL 5.4.0.295
% Date:               Aug 27 2019, 05:40
% Dimension:          2
% Nodes:              165
% Expressions:        1
% Description:        Magnetic flux density norm
% Length unit:        m
% x                       y                        mfnc.normB (T)
0.09041448998466994       0.09041448998466994      0.677252900408357
0.09094847010369746       0.09094847010369746      0.6721400428994128
0.09020114479909684       0.09108174225701336      0.6664248697874741
0.09140161955348296       0.09140161955348296      0.6644987773108878
0.09075463225534287       0.09155032105985213      0.661674490323112
0.09126012645424803       0.09199383297158133      0.6541826476340347
0.09186625070983759       0.09186625070983759      0.6528652011785817
0.09180795683944008       0.09234850980934836      0.6445920852185354
0.09228965266105336       0.09228965266105336      0.6391957577338162
0.004128344546877832      0.10509557122423882      4.032272944496383E-4
0                         0.10700000000000004      4.101301252434155E-4
0                         0.10100000000000003      1.8815187416895343E-4
0.006577450990665336      0.1007855998566531       3.955634237399845E-4
0.09215663714415907       0.09262434476544786      0.6359288176048075
0.09263098833543773       0.09263098833543773      0.6272721008655741
0.08959117845830153       0.09062833981720311      0.6678131650779262
0.08980946619251423       0.08980946619251423      0.6793646079727701
0.0049544895826917745     0.10997899045757145      5.319321754999996E-4
0                         0.11300000000000004      4.895732092023247E-4
0.01071500601637607       0.10628404728796825      7.484852835094927E-4
0.014315985883540447      0.09998026079272984      0.001103778440936267
0.09228956899195469       0.0929711538880702       0.6298155012274145
0.08912123521835416       0.08912123521835416      0.6785720820220073
0.08882249147015935       0.09010544444628582      0.6660031454242265
0.08825837781782676       0.08825837781782676      0.674540829142332
0.08788715153850235       0.08947303326570005      0.6606914218381431
0.09178986554310087       0.0928934860885324       0.6377649531139763
0.09186496314117557       0.0933907305200599       0.6328801655851876
0.08716648925390541       0.08716648925390541      0.6665712119945642
0.08670481065045661       0.08868157730894916      0.6507043204524064
0.08578668502336778       0.08578668502336778      0.6542158201511795
0.08523577995516268       0.0876970954805458       0.635136837202301
0.08337207085228443       0.08648637168012181      0.6123981176392633
0.08403768173658996       0.08403768173658996      0.6375647371005906
0.08095284532920675       0.08494863741406627      0.5809737781433895
0.08181947405450044       0.08181947405450044      0.618050650803358
0.0052423120681449956     0.11576473182559481      5.318215176216666E-4
0                         0.11900000000000005      4.1558889983221497E-4
0.019751705118872764      0.10542857930622382      0.0019176956407271825
0.022594569318872777      0.09844026329350536      0.003101758843269235
0.09121262256669795       0.09323076265323518      0.6406265965173009
0.09132799968393494       0.0939159010696867       0.6363324345086795
0.07103841215627496       0.07709782154540033      0.49914760083369014
0.06661521053588962       0.07591715040265341      0.4522934253868778
0.07141778489984131       0.07141778489984131      0.608212365922397
0.07543619701575505       0.07543619701575505      0.5913717044781049
0.07900569226507502       0.07900569226507502      0.5997076504658022
0.07772866243705016       0.08294253706890224      0.5400993309223188
0.07384006154100634       0.08043944627015243      0.49859157144750194
0.004922490367588157      0.12181242864680347      3.938334609717106E-4
0                         0.12500000000000006      2.3273052744986962E-4
0.004176919592884893      0.1266858364432344       2.354676931671817E-4
6.733297045963347E-18     0.131                    1.1339002220194393E-5
0.02810247840526598       0.10261985050126458      0.004996257675515523
0.030712963807006596      0.09621701436954642      0.008697123833176933
0.09049880596386108       0.09368228442805863      0.6427074358974116
0.09068833986646245       0.09453372420604716      0.640058488691352
0.06788280678888253       0.08227852913859945      0.3755605953402056
0.06056308713986749       0.08082767147511315      0.2806500316341527
0.045005030105122         0.09691806343512616      0.036378710610743374
0.03862082171163508       0.09332433835992676      0.023225210918663388
0.04626923619883998       0.08977838148226976      0.05956540526343892
0.006417395904545539      0.13084271867323882      2.4229575732197947E-4
0.03702779627792293       0.10092992363480048      0.013758108449323682
0.08996018818704553       0.09522691080441152      0.6440936406592499
0.08970414555543418       0.09420873864998383      0.644146870846722
0.05334735361905487       0.09294909764632109      0.09336063581232933
0.05360016131228979       0.08560387086631373      0.13964826853997556
0.06098167928948201       0.08797914617703945      0.20806747031303632
0.009567895522476685      0.12549372213178578      4.661645995140415E-4
0.01395675944767695       0.1302544005618224       6.273518927072029E-4
0.017060211781198105      0.123963930088257        9.944175606418956E-4
0.02184152688808394       0.129166356700176        0.0013382678039443917
0.024744302908032003      0.12296288582450446      0.0020393679574213764
0.029628957277806674      0.1276053482054334       0.00275207133956912
0.08903508673349306       0.09609242077479033      0.6492202226969265
0.08874097850643163       0.09483741396593162      0.6453158398585092
0.031634909918121006      0.12098448591277389      0.004014914895557147
0.03729749999571736       0.12557824849100843      0.005656692407744787
0.038775411361477725      0.11822030423691791      0.008414382707616465
0.04482774643705697       0.12309132036571438      0.0117234562613065
0.08784963898826006       0.0971773684024854       0.6563882542041436
0.08746790505370038       0.09564454569403934      0.6462601981921985
0.04628519975414107       0.11566830794069444      0.018067178855185478
0.05218747623990032       0.12015601243262793      0.02477575375473225
0.08590521777626883       0.09659852827721363      0.646911859753102
0.08632678126790523       0.09853266887648603      0.6678006857582434
0.053584641682338584      0.1132641470494902       0.03869171303167337
0.059303758169061055      0.11680780910121345      0.054567843035321396
0.05979307128804183       0.110534893425102        0.07973842976965952
0.06579222359615888       0.11328010996760655      0.12537932386616005
0.06564691862782242       0.10747111848524667      0.17363888976809894
0.0710790708384893        0.11003983682620139      0.3127684794842049
0.08388569730979417       0.0978134406181208       0.648176417913488
0.08436472651517904       0.10021772757361362      0.6890018392420149
0.08137633540644909       0.09935892309032825      0.6534397080402252
0.08182921252879127       0.1022984847244469       0.7364711913730199
0.07825111329061435       0.10122663188546105      0.6714523928760979
0.0786636501920672        0.10475223214070468      0.8674610061228435
0.07474504966475044       0.10315498703645465      0.6199115700167243
0.07513851316198705       0.10730891780185792      1.4231029900003103
0.07051276769627443       0.10519796113781249      0.3683308849646154
0.0895200928991863        0.09141801216203842      0.6592820803391223
0.09015757928182791       0.09167808292239425      0.6589411844676902
0.09055885333970415       0.09219817855094349      0.6533589258333199
0.09117999371896873       0.09257395946578062      0.6467935526859941
0.08871784392623536       0.09100397452005683      0.6576957100251821
0.08892629950002731       0.09182292916991015      0.6532089511833183
0.08970207404824629       0.09227915690831602      0.6524517223191008
0.09042015765657152       0.09290801358912062      0.6472098068022388
0.009699940701247073      0.11240426299056037      7.101776434487401E-4
0.016272515414414223      0.11179747954025238      0.00123130035865399
0.08780807348704832       0.09059661766388652      0.6525947098639397
0.08660791229494699       0.09007495557913672      0.6425876793608482
0.08794266383366021       0.09180741721662727      0.6474533259297061
0.08869331872804294       0.09264017261567635      0.6478022765684014
0.08963709491471067       0.09328939843025302      0.6465202760724956
0.085066732768405         0.08942671872630632      0.6257195383319347
0.08328836468004411       0.08867462001284727      0.6024549089735688
0.08093106838933532       0.08777351041331384      0.5672623942223274
0.0778280460101892        0.08663233866267805      0.5171707176389407
0.011877028574092187      0.11839286595369622      7.490416666502194E-4
0.02037383416357607       0.11751350645261983      0.0015957176169341888
0.025214928425630133      0.11093737090206965      0.002975990267245808
0.08668386556104848       0.09128889288379578      0.6389738725626807
0.08528577937384113       0.09086756252082462      0.6249380072062222
0.08684038580768738       0.09238243225323059      0.6379158210473801
0.08763869271550691       0.09312882054371331      0.642121650847809
0.08869783896646222       0.09371294548243286      0.6449886207553484
0.08355407057856366       0.0905482825000841       0.6029346175569951
0.08151003775699013       0.09018680639646301      0.5722645952042312
0.0785959014637685        0.08974492043988398      0.521773369138726
0.07294949844441018       0.08486267267567019      0.43889774179861923
0.07457174429126286       0.08903545699383726      0.4447698271758722
0.026897940264120884      0.11731515215568626      0.0028969771262553623
0.03259042536138279       0.10769662586414583      0.006932123178511657
0.032521725905245207      0.11417751168646345      0.005360560696163009
0.08563937021861988       0.09221296545462938      0.6274170053380231
0.08430378420600478       0.09184998488335135      0.6127389139063248
0.08629689292524828       0.09346654636393545      0.6340762218888463
0.08744657131800272       0.09427725909575242      0.6417256424939324
0.04467095641418624       0.1035057753965097       0.02572300827888014
0.08248401371467033       0.09228778934483989      0.5895378785203654
0.08000144355003906       0.09244383209649455      0.5503516733543161
0.07673306878479451       0.09239757807651722      0.4865697507433469
0.06876064023962385       0.08994946372879309      0.3240631345166004
0.07308383334267102       0.09270307824116356      0.40665010940875074
0.05255157956783714       0.10119622908339933      0.06003794320321636
0.040085386262884715      0.10982195295089305      0.012989549716202321
0.08434526876164179       0.09350248100443907      0.6167284681284128
0.08583465407749867       0.09487458310119114      0.6352573958779363
0.048726188765837015      0.10855522189671958      0.030733812575316998
0.0818538540635774        0.09422700971433767      0.5896024976418812
0.07891533549886198       0.09485234922141506      0.5448064716141348
0.06173612447122331       0.09626634636401862      0.1659135429040491
0.07523489878142897       0.09561185546406235      0.4675948410048089
0.07011881461624493       0.09652103694260776      0.33359941812490546
0.0552130595698637        0.10774162044477759      0.05796530901180556
0.06023672418689877       0.10413364118224173      0.11225196716763143
0.08396157498553268       0.09556583428763205      0.6248242117313235
0.08137954790743014       0.09660696160345124      0.6060057953691904
0.07828919990590184       0.09782685837362722      0.5712611790346009
0.0664795915966042        0.10159163929090619      0.23137270831627552
0.07461090608863787       0.09929227753046983      0.4941197929574936
0.07129334755892176       0.10115190172242183      0.39310272204151236
