% Model:              
% Version:            COMSOL 5.2.1.229
% Date:               Feb 1 2018, 13:43
% Dimension:          2
% Nodes:              169
% Expressions:        1
% Description:        Magnetic flux density norm
% Length unit:        m
% x                       y                        mfnc.normB (T)
0.061                     0                        1.026561321977972
0.06095600331644712       0.0023163893639216904    0.9600318552786717
0.05947508338963736       0.0016732008262844316    0.9870640256437111
0.05874782837537137       0                        0.9982599308967043
0.060814352599257084      0.004755472419564158     0.9453807359697491
0.05911525118492853       0.0035384142450731303    0.9795378765773227
0.05596647718098934       0                        1.0199024146568372
0.057032883716113626      0.002055814242107303     1.0085566850542012
0.06057513828945314       0.00718697580444172      0.9520229024757095
0.0588894887672795        0.005800313317654072     0.9794032096636117
0.039949707746277506      0.00200520597121954      1.2476441415310389
0.04                      0                        1.2539856223018795
0.041304632771595115      0.0013447000907175007    1.213914335349903
0.04196911044714144       0                        1.2002291022948497
0.050270729427749836      0                        1.0770083299560407
0.05298255156019868       0                        1.048930002064748
0.05117189986144741       0.0023344281592803727    1.067107531744412
0.05404529392669339       0.0023549457398202673    1.038033696705621
0.060238749286543825      0.009606928978238423     0.9810690590649696
0.058477900702300266      0.008082505688083287     0.9951878234515635
0.04440089902350416       0                        1.1524130520598097
0.04308497731661908       0.0016427924388926793    1.173321064681246
0.039787758098143305      0.004115131288747885     1.2251791983078455
0.04151936834793759       0.0030755020434752845    1.1961106694018253
0.04728117506069242       0                        1.1112504591460544
0.045588357309181475      0.002108935086639329     1.1312618796726248
0.04829748871887336       0.002187669067464441     1.0977425915937766
0.05982790210459706       0.011900509642983824     1.070382648219158
0.058091706758819917      0.010395965131081776     1.0228637973980927
0.03951443064490943       0.006213676110696744     1.1794409110173874
0.041646331601539716      0.005258804995228145     1.1637002226415338
0.0593303769838879        0.01417414431102443      1.021064654478493
0.05772260069284849       0.012590344784201402     1.0402438660705962
0.05871591063219829       0.01653607688152503      1.0258227667450954
0.057108452965883495      0.01466808960510521      1.045616287775451
0.039130497403808424      0.008294828083242129     1.0859296955945645
0.04142632448391181       0.007621818828640462     1.116146746778113
0.038637033051562734      0.01035276180410083      0.9234068621008094
0.040616577374845135      0.009820196790054227     1.059441188135037
0.05800744753564371       0.018871566718201855     1.0602069618409102
0.05640531202760887       0.016768044174757298     1.0637696645027919
0.038042260651817865      0.012360679774961825     1.2651196002849812
0.03979241200592172       0.012165697268397762     1.146511690019978
0.03734321705989484       0.01433471798179437      1.255862967923706
0.039083012564549185      0.014147290033654277     1.188038179194195
0.057206138206286436      0.021176821091071638     1.1377019000161066
0.05566783859579927       0.019047583673306778     1.1024063573157175
0.03654181830569635       0.01626946572304927      1.2362020327570609
0.0382983358495491        0.01604265342246161      1.18868470111735
0.05635665148318849       0.023343689374270473     1.3564016126036147
0.05493382454582604       0.021113773328693228     1.1573370296116396
0.03564026096751749       0.018159619989615655     1.2087482974885082
0.03749391506771454       0.017986773631318963     1.1623954591237575
0.055425122048631044      0.025476574453688932     1.2238812483671027
0.05406574401374789       0.02324393183732454      1.199949077599731
0.05436167230983145       0.027673246713721678     1.196173405013104
0.053102213655868286      0.025153636813695677     1.190853762116062
0.034641016151377546      0.019999999999999993     1.1694665322478006
0.03660019071384421       0.019940182693357004     1.1132955529174386
0.05321119066871916       0.02982564647442228      1.2271369423843528
0.05206612191861261       0.027368959249724        1.1907064439445771
0.033534769251872654      0.021804110878998393     1.0343925400520246
0.03555551403677503       0.021852460559445556     1.0266930770573601
0.05197554545550351       0.031930278335819295     1.3354960766293262
0.050973681921245524      0.02924938977678798      1.2147724355258827
0.0323346543777115        0.02354718934977044      0.9423098823021507
0.03434766409223934       0.02372279435790832      0.9241241718618863
0.05071964635045526       0.03388978421419574      1.7131203227176288
0.04979138992106469       0.03145832562899233      1.2894654942150212
0.031044030799153674      0.025224356319660527     0.8500186399627073
0.03297692548414032       0.025307869395584638     0.8251314421191318
0.04938835273760138       0.03580210348382148      1.4067219048076691
0.04857346189637272       0.0332224294794752       1.3114147004059138
0.029666603993738667      0.026830814513888475     0.7708911203642522
0.03162993365921595       0.0269584081469527       0.700402896475306
0.04791505038332958       0.037751131728240794     1.3254031594738578
0.04723332680072616       0.03520386395938693      1.249533328491384
0.028284271247461905      0.028284271247461898     0.600920983169215
0.030334024058432572      0.02813749841834394      0.5908820106397389
0.04636486791202385       0.039639614320785006     1.3491191610151159
0.0456246100806772        0.03711752288131243      1.179577206491707
0.02982495064580877       0.029824950645808767     0.41267895235996727
0.03176631728534809       0.03176631728534808      0.4049478401177122
0.032322214162277096      0.02921430603527645      0.5467959101688604
0.04474033792618687       0.041464468671992        1.506618674484369
0.04427299069462121       0.03917453367211765      1.2004468295124824
0.03418956996724566       0.03418956996724566      0.427996783782425
0.034719059033547425      0.03115344303757291      0.5467748689951476
0.03671418137173831       0.036714181371738305     0.49091970009359454
0.037275619324540724      0.03327618047165709      0.5979858939240428
0.03915129096391004       0.03915129096391003      0.6243949876122482
0.04003005472980509       0.03564121614518659      0.7240705977670805
0.04137136104124329       0.04137136104124328      0.8784846518635988
0.0418403121862052        0.03876019359767208      0.9144267638251643
0.043133513652379406      0.04313351365237939      3.0702340778225814
0.043080099909956926      0.04077830764301889      1.1955164942153098
0.057517091804100154      0.004650717811431247     0.9988887679124462
0.055266337796643         0.004552464284885423     1.0254833938799612
0.056794266501159034      0.006540999665252821     1.0106442362865142
0.0495134648837942        0.004316204203895737     1.0826367652792348
0.05218739655711529       0.005178110208869442     1.0569725781289574
0.05439619133603305       0.007289002465615154     1.0386420355326471
0.05630798940863125       0.008933997547158791     1.0265883805743203
0.043732806876427846      0.003923236602205552     1.148455851703545
0.046732796858972         0.004899912411273302     1.1083825235849367
0.04928020646371454       0.006962182321055079     1.0821121399374563
0.05177312307241931       0.008544237258532109     1.0636218391435575
0.054087726812037586      0.010021782792940762     1.0499925629020286
0.05600342688606762       0.011276800877285855     1.0429080794161787
0.05597373845783494       0.013126559137727308     1.0502788179916123
0.043910320722890674      0.0066127592432472905    1.1225001546980873
0.04641321417716942       0.008256632927530696     1.0989485284725544
0.048953342436068206      0.010398779037636235     1.0836737732031927
0.051880538591789906      0.011561071321269226     1.0694802937532601
0.054185936535903666      0.012549017264906455     1.0592044771818154
0.054868417366624345      0.014702722267047486     1.0646302123483196
0.04351516713482662       0.00972014399540838      1.1005638826917765
0.04609568337342647       0.010954211296177319     1.0960463503571236
0.041824493991780676      0.011673389422772084     1.0978161819414667
0.04727770012490998       0.013288922983653279     1.0929078590877481
0.04996739394926251       0.013230409608753968     1.0833444859450356
0.05232740110699168       0.014633349754274586     1.0788347942432512
0.054063805069504145      0.016782225903357435     1.0844188296422925
0.044331290192472825      0.01311180450339153      1.1030540490454896
0.04632871314609053       0.015801783813651066     1.0967880278462745
0.041493446116464806      0.014360818346802211     1.129167185259483
0.039875787279813224      0.015835333442718726     1.1532141411446464
0.0493979874865527        0.016269924946936517     1.0936521038699545
0.053360986830477984      0.01924214471324457      1.1167469239040704
0.05195550263984562       0.017367574582880657     1.096937850276086
0.05294145412184105       0.021375833513926364     1.1496805169956887
0.04740615155527661       0.017853430670487922     1.0954329621641519
0.04389220922413826       0.016335915597872865     1.1033411105358173
0.04567447406148577       0.01795085099497567      1.0939857556718544
0.04165176374287114       0.017256219512111187     1.1115668290035394
0.039509221444892224      0.017717062479583514     1.1305198896211386
0.05021366805587927       0.019921559047009683     1.1120715307297628
0.05147555013119681       0.0233026374174004       1.1517786643550154
0.03880333325287522       0.020001281630052437     1.0823257140000908
0.04680229856544246       0.020200132991398678     1.0910700576401284
0.04387340326719246       0.019533948055165645     1.0815201672669283
0.04118610382586402       0.01992979044659092      1.074202061704012
0.05113834572081996       0.025375604593389684     1.160951888609892
0.04872386715792244       0.023592882600491687     1.1135465996421074
0.037765116326778474      0.02202979414051702      1.0153940905331647
0.040212983506732164      0.02244521836797003      1.0129578251851201
0.04546071794045057       0.022983121139638185     1.0664224764487293
0.04256667190703468       0.022712554638856488     1.0314125547983064
0.049320818973478155      0.02705976357494287      1.1476038828038926
0.046850206207403836      0.025614982047146854     1.085075500498402
0.04892195545381181       0.029438268927705923     1.1806162283418298
0.036566257414549636      0.02399033033795718      0.9238411574623387
0.03879138209222321       0.02389003818437898      0.9537089947524103
0.04073875923294023       0.02506561781128586      0.9524781587205801
0.04392806366902863       0.02631763201248828      1.0090239291019572
0.0468563180432089        0.02839498142684314      1.0976142955435215
0.04758404844899925       0.031019803039969863     1.1711807816851394
0.046677884221451735      0.03306042526731038      1.163690947836701
0.03511786398838689       0.02583480562569369      0.8133545110238382
0.038083887165098175      0.0265602262414194       0.8441084101912535
0.04083646306744269       0.028491185558135818     0.8753709667321132
0.04418584844667262       0.03096257814985993      0.9971893628323635
0.04482534891566771       0.03449154148678818      1.0622313059082515
0.033435803457553384      0.027035604198962143     0.7157619405690314
0.035172408073499736      0.028423688303393837     0.6822912535687097
0.037745052798331596      0.03009407773654105      0.7099226355974907
0.0403284020643039        0.03195656150331027      0.7871611321141412
0.04241212762080803       0.03401111735653378      0.8955767479881528
0.04313607577769467       0.03644445212055604      0.9706151258104644
