% Model:              
% Version:            COMSOL 5.2.1.229
% Date:               Feb 1 2018, 13:43
% Dimension:          2
% Nodes:              77
% Expressions:        1
% Description:        Magnetic flux density norm
% Length unit:        m
% x                       y                        mfnc.normB (T)
0.028284271247461905      0.028284271247461898     0.22322578367693444
0.02982495064580877       0.029824950645808767     0.4064618928423278
0.028240462412276172      0.03034289935956324      0.2958830511161536
0.02686897393037292       0.029632047514961575     0.26780350504852124
0.03176631728534809       0.03176631728534808      0.403958227200452
0.029367133933551445      0.03206476009329426      0.3020364759534398
0.024998335630165253      0.031226322481547688     0.20820519165763096
0.026937418237634722      0.031747705703294535     0.23716692123324914
0.03418956996724566       0.03418956996724566      0.42845149767175394
0.030899546883803933      0.034583672553521766     0.2945671262883342
0.04137136104124329       0.04137136104124328      0.9784743025499578
0.043133513652379406      0.04313351365237939      1.87493036610771
0.04064620266817423       0.04303434657434966      0.7631791337804061
0.03671418137173831       0.036714181371738305     0.49340395129651654
0.033445403194467635      0.037332006545688697     0.32496302942027205
0.03915129096391004       0.03915129096391003      0.62931148200479
0.03622820669367911       0.039790377762870276     0.4004835468388483
0.03874475447119262       0.041482171614033225     0.5464912501694215
0.022686741557601583      0.03294407014165969      0.13721838967127445
0.02505136401327323       0.03369635854020398      0.1654476574483089
0.04135677793853496       0.044839903195063965     0.6836184758638545
0.02036923430389054       0.03442519853062883      0.08770737131997709
0.02272576010824588       0.03563740101851461      0.10479544878265322
0.03897457460437837       0.04692528672696357      0.32303379012376254
0.0387449536276279        0.04430346708693765      0.4364806163354624
0.017592956515262086      0.03592336121595664      0.050656325282857274
0.020103912863072837      0.03776356105719829      0.06081185817648529
0.03575957894897398       0.049419151281584105     0.16188841619973204
0.035578357520334496      0.045824953589041505     0.22890220988035348
0.01394586380999687       0.03749017047964733      0.024643953832062304
0.016602263632854955      0.03990804769039529      0.030597016457764237
6.938893905199698E-18     0.04                     2.1373386950894127E-4
0.0043028405686396255     0.039767896135461694     0.0032036664615719365
0.002775319120917692      0.04268618971060204      0.00238929750408215
0.009252790805729518      0.03891511097639846      0.009712438218409425
0.012335823784271133      0.041919784039453775     0.013615704272853116
0.007074259006356977      0.04325942571984132      0.005406328513986598
0.0316699786452558        0.05213456101866632      0.07946030229093436
0.031830973786449175      0.047674681954599646     0.11945753256372087
7.542917087754232E-18     0.04420665586618638      0.0023255725739065943
0.026895587178876794      0.05475059260230374      0.038572591519102944
0.027473177228289528      0.04962757321128622      0.0605024091556905
8.263429406019611E-18     0.04842935110866968      0.002996715206961719
0.003484575571242288      0.04590522139715587      0.003364044967571675
0.02152333072517941       0.057076669791557975     0.018314782137289893
0.022650165049173263      0.051558346123701616     0.02969309937769607
8.983941724284992E-18     0.05265204635115298      0.0024196919610727746
0.0035516599684867166     0.0499619472907628       0.0033164274648401163
0.01592284764994609       0.05888516725557128      0.008728246917580921
0.017440965168263014      0.05342727916444249      0.014036825731319286
0.01006819389642315       0.06016337317391725      0.003920717615813822
0.011917346543731085      0.05507329333496225      0.006384717995677111
9.704450483669391E-18     0.056874720736158346     0.0011569733908729674
0.0034559066219494497     0.05437852164680171      0.0023221408168658283
0.004545483148375205      0.06083040837400186      0.0014701644612049106
0.006742570712229031      0.05681875627108834      0.002837626446014071
1.0408340855860843E-17    0.06099999999999999      1.9142720958455336E-4
0.0029249812168963274     0.05799910680505114      0.0012585866063157466
0.027725017318663288      0.0349810305666616       0.1997856144559272
0.03007538700906824       0.03791288401183283      0.20935071404953842
0.03280942670361555       0.04048381414263283      0.24296713869511966
0.03566418257376122       0.04264467855543315      0.306297044466822
0.02501506967647195       0.0363319809528568       0.1298317354066484
0.026764622644703997      0.038573521966655776     0.1330266182738167
0.029215489130837196      0.04136027391599405      0.14442802035018024
0.03223000817286247       0.043860761676318055     0.17391871237877513
0.023367897944640583      0.03876740531205291      0.08555039902076894
0.025188874788542762      0.042087557040536516     0.08227769486357753
0.028281619322177237      0.04517616790020718      0.09488376373905864
0.02040927080935936       0.0422103378859268       0.043638994678369784
0.023753309379064884      0.04644425721484867      0.049012566598134515
0.015432176668673584      0.04478065170609316      0.018019334355799586
0.010654663112860233      0.04670863641219186      0.008319285066379724
0.006472419376956874      0.047431668845312754     0.004653887088568701
0.018901880357214452      0.048055285948752        0.0236305621398079
0.013736439199164854      0.04991954300077276      0.010637632924175607
0.008079483491527348      0.05147839889501701      0.004780751053448259
