% Model:              
% Version:            COMSOL 5.4.0.295
% Date:               Mar 28 2019, 15:20
% Dimension:          2
% Nodes:              158
% Expressions:        1
% Description:        Magnetic flux density norm
% Length unit:        m
% x                       y                        mfnc.normB (T)
0.19405166087904782       0.004791822233961338     1.2288404534683341
0.19099999999999986       0                        1.2487757084098368
0.1969999999999999        0                        1.2127577274611647
0.18916390534979474       0.004260491440413162     1.2601521943008207
0.185                     0                        1.2888900330958712
0.1848827465980691        0.006585591116532526     1.2883914101223437
0.19998082622536864       0.005105064666934593     1.194292917901608
0.20299999999999993       0                        1.1829857881146537
0.20592900151630394       0.004662343223736179     1.166670299178344
0.20899999999999996       0                        1.1643829175062983
0.21095524399103058       0.003949821718426573     1.1524678926688887
0.215                     0                        1.2302841615443187
0.1905365741459577        0.01034966321786045      1.2485510810336564
0.1844444199456014        0.014326756469300527     1.287793622390553
0.21491474154053872       0.006054243847371097     1.1140660041153947
0.1909578458649116        0.019258631120222292     1.2408563913618862
0.1836129842319021        0.022611325070753016     1.289302779169306
0.20972239578396193       0.00912206916575142      1.1310344115852407
0.21460684917086967       0.012996164393833935     1.075282680995358
0.18896508843881213       0.02780049069180545      1.2504820803316885
0.1824089113299488        0.0308543200771446       1.2924792311095097
0.20794160060668027       0.01633223926318074      1.1235218845493984
0.21399212232749318       0.020793546637722773     1.0646748603750604
0.1875741585964935        0.036239556867392594     1.2538247428355007
0.1808357823707439        0.03903101093183397      1.2932478856035583
0.18560423536535228       0.04448071130602538      1.2533417525820265
0.1788947508862926        0.04713457441551069      1.2891068940803116
0.20707389849488425       0.024265412256143353     1.1252658331472638
0.21306095170097314       0.028810256164698088     1.0775828964906973
0.18352995219506685       0.05257126263162532      1.2466725402792
0.17659187787880357       0.05513899407168885      1.2813293254909954
0.1811894898399339        0.06062619174717638      1.237689287735027
0.1739329603847979        0.06302638567917661      1.2697858046090669
0.20670800507429082       0.03197381512233351      1.1396772851912962
0.2118299639934559        0.03678405027360567      1.1224190850280005
0.17819033551791702       0.06838104090221278      1.2269981521723163
0.17092116723697          0.0707880963888119       1.249052680531484
0.20544823439005422       0.03891467033282056      1.1720378023137321
0.21030173415776823       0.044701013525818255     1.2580749694620923
0.14081813047934208       0.14081813047934208      0.6555157306539346
0.1437444474650883        0.13992985630582208      0.670957266575889
0.14300006035581067       0.14300006035581067      0.6519700054818011
0.14548629136530286       0.14210233405136413      0.6641339189974028
0.14487099699787942       0.14487099699787942      0.6497288433486964
0.17110717461027108       0.08426949035600306      1.1604720398626158
0.163861880028824         0.08587365296421995      1.1655602888629946
0.167559916663813         0.07841348307284943      1.2136261559744135
0.2037242165271073        0.046414665231508674     1.176577060580317
0.20861366054159267       0.05201288912795662      1.1103148986759155
0.17594601765630982       0.07748274791522106      1.193053352402011
0.13468130607437662       0.13468130607437662      0.672591489347449
0.1308147545195113        0.1308147545195113       0.6901359737467507
0.13653006405896434       0.13045469523888503      0.7149167993634395
0.13538855866737304       0.12607512911740873      0.7507917782216514
0.13810379772378878       0.13810379772378878      0.6616457689754686
0.1398058633593979        0.1333206115024038       0.7030487006878684
0.1419197821242429        0.137033401112445        0.6832881713195106
0.1472942269756694        0.14382630802152407      0.6601705137084383
0.14661108138380127       0.14661108138380127      0.6480944607044361
0.14916901222960557       0.14581648362114655      0.6549708401051212
0.1485904471266036        0.1485904471266036       0.6461398470833758
0.16741740585408918       0.09216433040075163      1.1063507380205972
0.1598338846410978        0.09315647760910799      1.1105364815687435
0.20190439959656376       0.05384101825688288      1.1418272584634999
0.20667081749735888       0.05926359080391035      1.0795844059452748
0.199853107281976         0.06122319496502354      1.1277141771398733
0.20447815876247538       0.06643555214723415      1.0805360798730725
0.1419598376741629        0.1273816749807248       0.7598462554656347
0.1405537389256076        0.12028984360299144      0.8228234861308904
0.15067956208431357       0.1480880774441739       0.6483993909339395
0.15045747836038695       0.15045747836038695      0.6432583555884187
0.15203233218953613       0.14971029657832718      0.6434921762162122
0.15202795795510773       0.15202795795510773      0.6390510699080647
0.1629939907742324        0.09977512272353332      1.050448294880565
0.15548079301929163       0.1002532942206499       1.0500773848643752
0.14798840707286723       0.12112560198359612      0.8349674359726963
0.14582742191318596       0.11383919807409777      0.902756264097562
0.15813642843648573       0.10693867510839261      0.9899280182627622
0.15080913869105864       0.10715224536733252      0.9807300078076991
0.15333755196240947       0.11424023358500433      0.9152444800553736
0.1974762561906974        0.06851287770919977      1.1359376806041739
0.20203667179183626       0.07352675194293437      1.107606826677672
0.1951253181450598        0.07541756170554698      1.1616880087705734
0.19934663640704947       0.0805352007087311       1.1771124445046233
0.15376965435742518       0.1502660753423672       0.6393055735042894
0.1964122733931592        0.08744837826129705      1.336037956025429
0.19317497110738563       0.09438448250459752      1.0502198576113697
0.1885208476371051        0.08623336566681657      1.1549018715399444
0.1935930779888538        0.08162104828024128      1.1985086424199405
0.15330414307920737       0.1477568549108637       0.64799812777771
0.15591520852040652       0.14803866978610053      0.6425738435581024
0.154987860231495         0.14459555771906774      0.6604562992930659
0.15859210710086358       0.14516729509537674      0.6512966186796189
0.1857714984411519        0.0948268424285937       1.0603655798672988
0.1896960673918459        0.10119487149094163      0.977398569106199
0.1828289236357305        0.101988585572553        1.0033481459180182
0.18597595230238306       0.10787930832750868      0.9494930127377534
0.1573183695251154        0.14072043313421073      0.6828754448264993
0.16185104605357029       0.14152469357453143      0.6695107341792991
0.17944597724211858       0.1078883950781763       0.9808172451170046
0.18201638797229283       0.11443353752077993      0.9514250213270321
0.17536061596059696       0.11416487640312589      0.9732410040447923
0.17784084669231645       0.12082066564855518      0.9988827534951841
0.16021917036713726       0.13586490392023381      0.7236690332224232
0.1657277881137935        0.13696459486637244      0.7067161603874249
0.16376640108154636       0.1312438688229767       0.7811044900057875
0.1699148403062013        0.13173438064422704      0.7772410568484118
0.1713395719266696        0.12029842542261257      0.9679142005493763
0.1739386537906137        0.1263738292428817       1.0790779556678594
0.16752127973107514       0.12614079543709938      0.8737027598015729
0.19662865955316608       0.009035714078559819     1.21037660917992
0.19612476803559797       0.014030491254284627     1.209224805678227
0.2024025120293328        0.011514628485583156     1.1711777469023477
0.20009008017004618       0.019945472319667482     1.1781259486916562
0.19519314814305647       0.02578694342341062      1.2102957900639786
0.20093254834614557       0.028390741943458742     1.1732902427225886
0.19507523026742316       0.033654691074330695     1.2116042856715012
0.20148750930553494       0.03478892173351562      1.178051711319727
0.1924478905080886        0.04175219212151074      1.2207724872502332
0.19892626853383089       0.04082399073922108      1.195255642441033
0.19034279951703428       0.05015576508458072      1.2144198383721496
0.19714950725946265       0.048193883548195295     1.1870887179881364
0.18818813440945137       0.058096464652705904     1.2060831278767756
0.19513707736478417       0.05584007624742174      1.1728391970880894
0.18573240396718024       0.06592115520490445      1.200866294163539
0.1928476095703222        0.063433813662562        1.1686527122003503
0.18346218287294228       0.07394902843287215      1.1904793846029558
0.19051667159251465       0.0710403918318975       1.1735907379776915
0.14620579197834704       0.13988414041261388      0.6782128425889231
0.14560474705375337       0.1372856775128422       0.6929048116723334
0.14780222441902235       0.1411026422145347       0.6748404610621591
0.1773140772575869        0.08481879517887121      1.1469540054843428
0.17458794483264817       0.09109137151816409      1.1039922769370127
0.18307828360986036       0.08176731199025397      1.1635956113877979
0.18856031436189538       0.07847073505881468      1.1781026897838653
0.14821770221944608       0.13847444658630328      0.6913974831208375
0.14423600281231413       0.132470737514364        0.7239494676266968
0.14833528666005866       0.1345083388436215       0.7194133554902292
0.14979749746287208       0.14277739740745402      0.6691374809235148
0.14972218798955814       0.14002885719966404      0.68452775514706
0.1518997672617384        0.1449223021444531       0.6601849736817527
0.17139141836093827       0.0995027697572721       1.0456093553030426
0.1814102457629322        0.08922558171001967      1.113968208056342
0.1788873471500716        0.09656726170606673      1.0555416762644894
0.1510456622076125        0.13744300917465563      0.7033410997231865
0.1497611103592186        0.12880543900809585      0.7696923830039414
0.1522890545418644        0.1336346725411765       0.7345206895601057
0.15289756590163858       0.14096779124340167      0.6818106230661772
0.16570356814869344       0.1066348963388674       0.9993976271017627
0.15649076893925148       0.12219723011650009      0.8510160896754082
0.16076557097045902       0.11419295972969484      0.9363043384595259
0.1773271330325808        0.10276450024540477      1.014437840311366
0.17282246437011928       0.10752185655042364      0.9952892163920929
0.15540447197757845       0.13638563924360325      0.7162913161366576
0.15711914617117947       0.13055602670157535      0.7720010643132158
0.16203399563911658       0.12618209801681618      0.8349458854532014
0.1686984475600651        0.11402637819820771      0.9639029949068972
0.16442960039951016       0.12027825179071805      0.9081973259966313
