% Model:              
% Version:            COMSOL 5.3.1.275
% Date:               Feb 13 2019, 15:56
% Dimension:          2
% Nodes:              488
% Expressions:        4
% Description:        Magnetic flux density, x component, Magnetic flux density, y component, Magnetic field, x component, Magnetic field, y component
% Length unit:        m
% x                       y                        mfnc.Bx (T)              mfnc.By (T)              mfnc.Hx (A/m)            mfnc.Hy (A/m)
0.076697946188401         0.07669794618840099      0.5007449229531297       -0.5701721232641651      398480.1485808043        -453728.55915346666
0.07755547176054053       0.07755547176054052      0.512269492684595        -0.6296259084122975      407651.10977965407       -501040.37811271055
0.07640677936370267       0.07760005956775233      0.45914923193272683      -0.5996084124431839      365379.34939470293       -477153.21379908326
0.0767390751875059        0.07836336350212586      0.45299610854742917      -0.6480889115174219      360482.8493835807        -515732.76915521827
0.07591426331010617       0.07916266181782836      0.37842815487836345      -0.67354890998711        301143.55727018445       -535993.1921930332
0.07565753709978171       0.07814473098744822      0.40120485334098716      -0.5991747261183766      319268.6780083851        -476808.09718736104
0.07564585248054437       0.07564585248054437      0.5003013150878112       -0.49566150034628054     398127.1366580049        -394434.8894022787
0.07537416573627301       0.07689919526316215      0.4407454216407113       -0.5291369775512436      350734.06249620405       -421073.82774992834
0.07508112657825855       0.07995327905558043      0.2743422157481388       -0.7118176127766312      218314.5986754975        -566446.4582663677
0.0748026700543902        0.07888592626886082      0.31149974248931506      -0.6023814110330713      247883.61894513495       -479359.89596292033
0.07423975635479425       0.08073512851529245      0.09433564320315456      -0.7882646495179838      75069.91962767702        -627281.0771769377
0.07397544336897272       0.07957484839156409      0.19411058600979128      -0.5872497545977906      154468.29634961393       -467318.5063687043
0.07339024490543958       0.0815081244583606       -0.5066753285088822      -0.549683665015417       -403199.4153744926       -437424.3621203657
0.07313078859779754       0.08037368188881482      5.38780477830392E-4      -0.5030143292279127      428.747881440601         -400286.0847133817
0.07455271715200874       0.07455271715200873      0.5117824840097108       -0.42346702259821606     407263.5605899718        -336984.3494145672
0.07424964579060546       0.0758994330517186       0.4478315971822942       -0.44568921603442185     356373.0618215033        -354668.2090731493
0.0735916758830015        0.07359167588300149      0.5270132128246171       -0.3664012972482776      419383.78947889426       -291572.8880617313
0.07321305492601447       0.0749460772581827       0.46626868976660596      -0.37797075526930257     371044.83392668393       -300779.57022643276
0.07246158280427933       0.08233481291348495      -0.14837997816835194     -8.116164658528409E-4    -118077.03490680363      -645.8638621762706
0.07211714994664276       0.08108324661027166      -0.03764072464605447     -0.23767959045191958     -29953.536944902502      -189139.40846240125
0.07255917763709613       0.0725591776370961       0.54512194777768         -0.31148903947648426     433794.26288349903       -247875.10175814494
0.0720957443490696        0.07400768134724897      0.48567688704908135      -0.31702753711926923     386489.3865967271        -252282.49814390516
0.07130499201945091       0.08333846958701625      0.04201500831976349      0.06824774130458326      33434.48129068734        54309.82691740672
0.07095249802234556       0.0817928473613554       0.05709251142446326      -0.08782802585256423     45432.777033669176       -69891.32228219188
0.07135115702267618       0.07135115702267616      0.5659341277103836       -0.25416898509030134     450356.0694475376        -202261.25178885847
0.07078012112265          0.07307716976543216      0.5028109747971113       -0.25775794732468954     400124.26039907336       -205117.25718972358
0.06982512892087196       0.0845822308241134       0.17553225740131487      0.10298168871438312      139684.13218749096       81950.22403422464
0.06947255613977342       0.08266942379565001      0.1661867262331657       -0.009549206275026494    132247.19478133938       -7599.016906373057
0.06982216861205066       0.06982216861205065      0.5893997624793692       -0.18935711053720214     469029.42827890307       -150685.6007579707
0.06915591411565236       0.07183747040244859      0.52500192471287         -0.19396094004264264     417783.25725406175       -154349.21187268654
0.06060728295803852       0.06060728295803851      0.658674722198337        0.13961297786834972      524156.6896377316        111100.47773763623
0.061954347257156886      0.06195434725715687      0.6536652392487089       0.09258424585395113      520170.26976889203       73676.2019004582
0.06010166296922631       0.06271578009817164      0.6107549387533068       0.1162019177252484       486023.33760188305       92470.54801365508
0.05942689359064022       0.0594268935906402       0.6623455043787146       0.18134401235882727      527077.8052828352        144308.97983512562
0.05891212931632417       0.06111050533422237      0.621988249252785        0.1637422410996762       494962.52206827304       130301.93531979185
0.05839294575857042       0.0583929457585704       0.6651624943948422       0.21836198208187466      529319.4947113714        173766.94415837116
0.05798172681399245       0.05992345926628924      0.6290570875480308       0.2006999327408734       500587.7248513014        159711.93186960462
0.06792611352235182       0.08611472290931767      0.2864355652022449       0.12035932988182292      227938.18039629082       95778.91148960094
0.06743620358324663       0.08379460452164184      0.2664308705608249       0.03122923386555841      212018.95021016104       24851.434693382198
0.06787384074437919       0.06787384074437917      0.6132737765928077       -0.11465258222953541     488027.7650669001        -91237.6260004028
0.06723879899200477       0.07015783436035787      0.5505498185125816       -0.12621904319065094     438113.62517311604       -100441.92318060766
0.06564204045869587       0.06564204045869586      0.6331619051839991       -0.0350530733468033      503854.234937577         -27894.34946853256
0.06501489065048772       0.0683618842140673       0.56728979957485         -0.056232856575916035    451434.8788397399        -44748.68544117315
0.06361014411108964       0.06361014411108963      0.6459280576210457       0.0353227521157934       514013.21626068006       28108.953014191124
0.0631343110773387        0.06631179977427003      0.5858129000928284       0.007171734935295514     466175.0938838613        5707.085327485576
0.06146976476843495       0.06436775089419182      0.600188936456658        0.06591042774066341      477615.1801307229        52449.85188113883
0.05748693231581662       0.057486932315816607     0.6674396329369602       0.2511606896900506       531131.583986787         199867.32637270595
0.0571059452728065        0.058832586782410844     0.6350443455613918       0.2356625608346146       505352.23339326616       187534.30729261704
0.06548102040546212       0.0879882853944742       0.39583847408642997      0.11927672101746818      314998.2490840422        94917.39872861514
0.06515522260782142       0.08508476746097343      0.34664370181806814      0.04270939233367866      275850.2931800929        33987.05453178028
0.056685696366668516      0.0566856963666685       0.6693869200511093       0.2804108734455775       532681.185835967         223143.8830278978
0.05633343050318122       0.057907951576045766     0.6395894468655272       0.26630558309975233      508969.11009029904       211919.24961647543
0.055874858756071996      0.05587485875607199      0.6713835088334309       0.31017350141632555      534270.0207061084        246828.22983264606
0.05565333579860537       0.056986251996999034     0.6457794151485746       0.29541716417200065      513894.9303394442        235085.5097608193
0.0551350865388907        0.05513508653889069      0.6732827064785941       0.3373725961189269       535781.3541717896        268472.58168036403
0.05489741581635646       0.05609751759677118      0.650233904648136        0.325597385810365        517439.700453475         259102.16704759267
0.05220067478192679       0.056767807358673913     0.5910623783974581       0.3694219737313971       470352.4959880388        293976.6660305808
0.052792272809220456      0.05621806054673926      0.6120111056564589       0.36579223024428753      487022.9634618082        291088.20793993527
0.05292179536497423       0.05700344081666451      0.5978170974578183       0.349800875006727        475727.73062630557       278362.69177595415
0.06237546132490254       0.09021642990334729      0.5277069245163973       0.08316692079952435      419935.82770303154       66182.13273488233
0.062349706622095775      0.08669726283283478      0.42507715547406594      0.02105145127642298      338265.65244569856       16752.212649504534
0.0509234197566139        0.057916316529037844     0.5366135485250746       0.37111842178139237      427023.49388924125       295326.6564948575
0.05160335236239515       0.05731132894081664      0.5644138560999802       0.37604867610760945      449146.27573934774       299250.02822844585
0.051792874180751784      0.05821075818191961      0.5499251794693659       0.34987045417324825      437616.55321623624       278418.06111739454
0.05234825825094197       0.05754228784407357      0.575660209023178        0.3525765300662463       458095.8390367623        280571.48789115675
0.053378081568885745      0.055662148790945686     0.6330276776901324       0.3632341276219095       503747.42009183834       289052.5345534963
0.053476322439875955      0.056485325334691174     0.6180835245267402       0.3473166351472379       491855.2408604571        276385.79650863615
0.053958036820348686      0.05510013305332294      0.6539851419718943       0.36118063203661216      520424.8402674096        287418.414688409
0.054045669156547724      0.05586394742170822      0.640287566351005        0.34649330056472744      509524.6559252118        275730.6076655109
0.05453207496510654       0.054532074965106536     0.6749050714636935       0.3594797457062374       537072.3912061786        286064.89235282614
0.05450964832021683       0.05534290155351703      0.6585283178327186       0.3461672579244274       524040.1847453395        275471.15117619844
0.050067805429770185      0.05865755926942983      0.5071023480895306       0.3712526604093606       403539.2267597786        295433.48020083265
0.051114129485492314      0.05901758448196434      0.5213709483184799       0.3457691790910453       414893.8180469758        275154.37010583346
0.05872162115012587       0.0926362434984336       0.7355614495700685       -0.0011492118852561573   585341.2032345814        -914.5137609923646
0.05886023540732091       0.08841987596032412      0.4946990240642262       -0.07567082754674158     393668.9751127905        -60216.931259591416
0.04896342612058653       0.059582525143987125     0.46906159477353687      0.3729740430714655       373267.3571138797        296803.3129989661
0.05024781614281131       0.05998587826153374      0.4869955788860065       0.34207363958655757      387538.76821803494       272213.5532081804
0.054840000000000014      0.09498566628707723      0.359479569540641        -1.118987897145259       286064.75216469873       -890462.2754533665
0.05491023109543042       0.09045331912641197      0.4411061479649851       -0.26234108486274527     351021.1193842618        -208764.40215998152
0.047665189035051354      0.06062610126218584      0.42408563017624784      0.3761262074361031       337476.6216839565        299311.725699317
0.0492133865873845        0.06118425062946273      0.4450895599244063       0.33669890705238736      354191.0179028281        267936.47695513035
0.050713401899232353      0.09725149493867398      -0.12451974440204557     -0.27707596574240956     -99089.66417062457       -220490.0477993257
0.05036887452546959       0.09200535239029209      0.16377570817035778      -0.28732055088065567     130328.56756844075       -228642.4296227139
0.04548266308455727       0.09980495858792113      -0.0513097163395402      -0.11928134641615906     -40830.97492040406       -94921.07950394224
0.04570862496277411       0.09349621621202185      0.05122082514488072      -0.1673495995839478      40760.23755526707        -133172.57999117344
0.04608196523604814       0.061838069827442395     0.36804103311316644      0.38127468573284634      292877.74840304186       303408.7545509572
0.04790287745607621       0.0625947887928482       0.392853452886504        0.3308380048960731       312622.84468803066       263272.51920935354
0.03880708864882814       0.1025851464423675       -0.02067779602963955     -0.05538709509859291     -16454.867251815507      -44075.64984220974
0.04001481459271339       0.09580097001720926      0.019713993028284905     -0.08490771773776536     15687.897192653529       -67567.41492308381
0.006669218854033167      0.10947704745688482      -1.3495054458032216E-4   -0.0022706778290301883   -107.39023121450731      -1806.9480032966403
2.0816681710429214E-17    0.10968                  7.194043217035193E-6     1.598712700978778E-5     5.724837694039358        12.722151447228384
0.004330404274917499      0.10501717756428264      0.0016048949168744806    -0.0015373511934462635   1277.1347958181505       -1223.3852085259873
0.04399125279385274       0.06334243504655736      0.2888887441874943       0.390685295617543        229890.35820524883       310897.4799542518
0.04615847261331936       0.06425802329538888      0.32353913872143536      0.3240870497349023       257464.26605605436       257900.27978689314
0.04139005573163333       0.06507194239095897      0.17903393835320233      0.41616805640483717      142470.68135060905       331176.01666888274
0.04403931407603892       0.06615684800828503      0.23038730185865067      0.30838590902259994      183336.38958204433       245405.7090041715
0.03090383635163447       0.10523618816144657      -0.007733113112920439    -0.025989880531599268    -6153.815887050209       -20682.089784859196
0.033260629740059486      0.09771594824626474      0.012186649778063482     -0.04147291236159618     9697.827759542763        -33003.09503382501
0.02275709453884743       0.10729313607193125      -0.0026814408143038654   -0.012602093097815188    -2133.822801024086       -10028.427049107717
0.025706474536999993      0.09956781746103802      0.007462790960359028     -0.019554241907273118    5938.700353013261        -15560.771289786042
0.014462692218510024      0.10872227432220428      -7.634033922448504E-4    -0.005869143107083319    -607.4971172444451       -4670.515686030177
0.01760523005910649       0.10140397137951822      0.0042903559761497635    -0.008813862565737894    3414.156806140443        -7013.848975349006
0.009969102682785995      0.10339757265140725      0.002413339692467186     -0.0038866988127083655   1920.474707080136        -3092.936641759686
1.9580738683760978E-17    0.10316800000000005      0.002237750119750458     1.8821441379812416E-6    1780.7449648138306       1.4977627158557445
0.038560000000000004      0.0667878791398559       -0.1350690846157945      0.17590858910999904      -107484.56237750588      139983.6074458875
0.04147580606985738       0.06819401074841891      0.11799134362383522      0.2521877842133881       93894.52789893882        200684.66222476485
1.8344795655800256E-17    0.09665600000000003      0.004132569139063785     -3.512843237517016E-6    3288.5940307550977       -2.79543182778885
0.0050136998377682904     0.09936326771312108      0.003646742078742799     -0.0014970850829648984   2901.9851400656516       -1191.3424559150192
0.03553304102010235       0.0684463103159237       0.05144716383801318      0.1032913161467869       40940.35216439202        82196.6177161442
0.03856321633548696       0.07030322814560223      0.07316467012152794      0.1333685477972619       58222.59454764536        106131.3181746097
0.031792906366999524      0.07026169301076654      0.03793518017858627      0.08321027370158096      30187.85721251847        66216.63187818078
0.0351495825421812        0.07256432236323067      0.06924989720346929      0.08243426526690385      55107.31724268879        65599.10398688144
1.7108852627839534E-17    0.090144                 0.0047921312537042475    -1.3591132443289921E-5   3813.4568848609633       -10.815479552831098
0.005379983046152721      0.092710893124332        0.0053253770348095945    -5.28882289546789E-4     4237.800394590037        -420.87115347565265
0.027269360042037363      0.0721378985201103       0.02135992479833203      0.0547767789140027       16997.688078628493       43589.97565407716
0.03099718031688478       0.07507095469265487      0.04955053979379401      0.051581123672570915     39431.06670526991        41046.95401362019
1.5872909599878815E-17    0.083632                 0.003523111781425591     1.0925203313275208E-5    2803.6032753958802       8.69400055795851
0.005322834724231016      0.08664698065276959      0.005130448132187043     0.0010551718905460795    4082.680902570748        839.6791109601445
0.021916678413331947      0.07394020291645531      0.00999024650475779      0.031175192905771986     7949.985569693662        24808.430263984996
0.025739459676969178      0.0778073633873331       0.029705302398986267     0.027786909876529653     23638.72856419101        22112.12030049351
0.015241742426430149      0.07559883390506997      0.0035380034231637576    0.014624842703722815     2815.453667362794        11638.080041194626
0.01912573619576227       0.08049356791967222      0.014939796964926573     0.012755417476752934     11888.712678786798       10150.438713129903
0.0073056893171290415     0.07677318088760933      8.125442142018772E-4     0.005154686268195933     646.6021408547427        4101.96899835649
0.011155537032496254      0.0826208215323815       0.006634826965441874     0.004945485304626284     5279.82754054737         3935.492161098005
2.0816681710429214E-17    0.07712                  2.3786855032722468E-4    3.8017831007104965E-5    189.2897779534054        30.253628652065427
0.004708010265677966      0.08148566556363084      0.0030768407971221573    0.002249409342108002     2448.472109843994        1790.0230791678841
0.07470526744872119       0.07791597602786848      0.3629851002762523       -0.5405942529698737      288854.36488836433       -430191.2378361297
0.07393316620628987       0.0770766942093667       0.37978849205543036      -0.4644188449549263      302226.0792001938        -369572.7741980253
0.07374470020176138       0.07837980192719711      0.2884573995562067       -0.4979317094343401      229547.10505402097       -396241.46439336287
0.07285361842683437       0.07912127269363886      0.1911819564579299       -0.4391910211256073      152137.76700129523       -349497.10986858717
0.07215904868128453       0.08004732319189578      0.08420395364273825      -0.3495193784267465      67007.37725061299        -278138.6839151174
0.07276656050475667       0.07629610009451217      0.39410792151785196      -0.382241408557262       313621.1191061944        -304178.0481314848
0.07263090906442346       0.07771671298024356      0.30778493499877785      -0.3973709098953118      244927.46907136598       -316217.7227538151
0.07202198587664478       0.07532885602060618      0.4304545185638561       -0.3321324775826783      342544.8220283986        -264302.62784320686
0.07096458275959326       0.08036201821507637      0.12546140554372265      -0.2118220141752373      99839.01429770188        -168562.60305835272
0.07132113198567291       0.07876921024012253      0.23004983675792287      -0.30155558828504264     183067.8433875351        -239970.31246274497
0.07116627706122552       0.07665719871662402      0.3593977401190185       -0.3021334746818134      285999.6343799909        -240430.17984570307
0.0706548508349119        0.07481242224323133      0.4384955378578756       -0.26929990503891005     348943.6618691011        -214302.05530560273
0.06986011481907213       0.07952766550761807      0.22542028453232343      -0.18911675011372558     179383.76278250394       -150494.32801037095
0.0693775531025416        0.08095181637919474      0.1939320764729141       -0.10681108210277096     154326.24297369868       -84997.55846825137
0.06944374017237953       0.07791725229230169      0.3100326501807948       -0.2100837416450109      246716.14398076944       -167179.32973022075
0.0690093842383142        0.07590647471278257      0.3926977959505345       -0.20909633457186194     312498.97683410026       -166393.57614754295
0.06885553312579773       0.0738971679266206       0.46021692163111455      -0.2005377791127059      366228.9898606365        -159582.89411228895
0.05529694057918777       0.058122765095631704     0.6174606292102266       0.2826089330918049       491359.5565171976        224893.04331743732
0.055876379542359716      0.05908614671390779      0.609121117891772        0.2547061538919142       484723.1842706834        202688.7171391157
0.05475532106324601       0.05922913068844826      0.5866992342307038       0.27343351265766475      466880.41618023114       217591.47573223838
0.05434050794642445       0.058232050467081686     0.5984213356232125       0.2992239952760651       476208.56808044197       238114.8896994585
0.05390790843060079       0.05901055455963794      0.5755647308046568       0.293482881592004        458019.859884586         233546.2565911042
0.05346720928917488       0.05830186860198637      0.5811934298610536       0.3150730112724018       462499.0362745972        250727.13589425595
0.05473827078296638       0.05713373718752379      0.6270143758488712       0.31082404665697266      498962.18653013697       247345.91728641556
0.05656266645928783       0.06019879052661022      0.6000265395312141       0.22266706506736578      477485.9487635863        177192.8203461798
0.055203973376449014      0.060225655614299926     0.5760244286431869       0.247388587665292        458385.6758012396        196865.58295726954
0.05387925342528938       0.060035830326199226     0.5557905214670762       0.27526154880373743      442284.0440755367        219046.180676229
0.05313816905318077       0.05925952536935956      0.5565339716575787       0.30349726970104046      442875.66293934215       241515.45343907352
0.05737253506347607       0.061547538858276775     0.5887702379793324       0.18509988582259684      468528.4685990115        147297.80897205864
0.0583668404654923        0.06293237277078126      0.579779689491777        0.14462575353382007      461374.01743450266       115089.51786648808
0.0680289592284474        0.07949328914295677      0.28480209518464034      -0.12541025375040518     226638.30625782          -99798.30899392943
0.06750225219791045       0.08171459809038928      0.2627273321994301       -0.04395490176451653     209071.7680244289        -34978.199444707396
0.06724999807787144       0.07713933119880051      0.3644127620306046       -0.14492965850552356     289990.46201470634       -115331.35775887214
0.06668590615769904       0.07501547589911732      0.42359423481584774      -0.13942942580616288     337085.581680856         -110954.41164757746
0.06684684281135396       0.07273403949712379      0.482994224311035        -0.13746986488175097     384354.5914196845        -109395.04261052811
0.059335854785940494      0.06480520590294948      0.5610749751008184       0.09865097872357358      446489.2786622867        78503.95452355065
0.05262179058626572       0.058321705601789        0.5647853478416258       0.33143406510975154      449441.89947435126       263746.84885629016
0.052987460226594785      0.057675836457119864     0.5849135692891941       0.33634446875772916      465459.4291694954        267654.4239220508
0.05373451933182351       0.0573409194680103       0.6052392588144967       0.3271485216295212       481634.0989680107        260336.52171272066
0.05417476015059834       0.05658116905028787      0.6281853168751255       0.33160595400035764      499893.9917921241        263883.63368930295
0.055748033548177214      0.06163161211573705      0.5599030373727865       0.21304613733306652      445556.6802502259        169536.7293159616
0.054262439503554354      0.061359346039240516     0.5387108419698129       0.24434265695865245      428692.466983463         194441.70831588423
0.05320322653936842       0.061017532727039206     0.5255039649858182       0.2694730159924083       418182.76820941624       214439.81262536574
0.05265615843927944       0.060180096018812426     0.5303535381027297       0.2950293418511219       422041.93587662646       234776.8905637732
0.05214591144855804       0.059155347384556384     0.5393909223581504       0.3241677266461305       429233.65776098194       257964.48043296995
0.05637223637680876       0.063179903551797        0.5431422104584397       0.1759877177957793       432218.83798159607       140046.57605329895
0.05766412875475523       0.06459228034907386      0.539548505664655        0.13098746843158385      429359.0585718766        104236.51541990084
0.06594112287302392       0.07878925928822952      0.34292428145049125      -0.09376117038415233     272890.4724954101        -74612.76868359632
0.06613510473805183       0.08048681837121048      0.31389533330291314      -0.06484801102915738     249789.9695431833        -51604.40752484072
0.0651874812924298        0.0823351985478435       0.32543188016535096      -0.01983831634017336     258970.46184002468       -15786.830540796544
0.06452993511286353       0.07690978179957379      0.38900212536545364      -0.08721240982914631     309558.0556258256        -69401.43061632417
0.06416046034691142       0.07105171351649384      0.5023852384337779       -0.06489067350176968     399785.4701656809        -51638.35724184456
0.06429164192406515       0.07379499484573615      0.44812970791738077      -0.08415158648839073     356610.2908068921        -66965.70479326269
0.058051408415250055      0.06675491039376434      0.5092438546144948       0.09214194995439261      405243.3835053367        73324.23400683812
0.0620398922835964        0.06913407643020708      0.5187897524818633       -0.006053250728514988    412839.76766454714       -4817.023876088885
0.06060623210370497       0.0669413681315614       0.540913523893204        0.04626103989133073      430445.3055642972        36813.36585638321
0.05445919103964437       0.06295171193395471      0.5144328304346654       0.21258661062156117      409372.63926215906       169171.0495778674
0.05308095909239773       0.06229373351821297      0.5008982025477438       0.24803847536318568      398602.12460659404       197382.74715514155
0.05212233956293227       0.06132096636104925      0.49981175096817304      0.28290435254681007      397737.5539100007        225128.13065018525
0.05150684242738002       0.06017960398486105      0.5082315927857536       0.3158059869636356       404437.85113659967       251310.41941638628
0.055107195012178145      0.06570656551195808      0.4805628392394325       0.1551534919920467       382419.7566561576        123467.22594251516
0.05639210584202734       0.0684515788585904       0.4594833900651409       0.09336458166230818      365645.26398744324       74297.17340631636
0.06376161720788542       0.0799170759286062       0.35754014942389756      -0.05286919550872513     284521.4106731409        -42071.96901252718
0.06250812787316733       0.083083225619766        0.37039490896577654      -0.01818727778257458     294750.90328987956       -14472.975802410749
0.06216059896466096       0.07759388712139446      0.3872768439492903       -0.05216393175477648     308185.1202977906        -41510.73794940482
0.062301643805804996      0.07545759324129539      0.41453856119024124      -0.054070257785523324    329879.3055781451        -43027.744004095366
0.06089815270104513       0.07273217447446367      0.44768636518214555      -0.019999780260634602    356257.48986790923       -15915.319446158563
0.05903163357405129       0.06989863383087885      0.4722141642729132       0.03568278776704275      375776.0922102121        28395.46028211934
0.05281716028214739       0.06423637527205092      0.4638669719689205       0.21676225248891165      369133.60762961674       172493.91979671887
0.05154191640722328       0.06284100975640107      0.46263569515167524      0.26378688781229864      368153.7886707215        209914.9355907728
0.050744934471944725      0.06141382216096879      0.4715277260095618       0.3051838676390139       375229.84199651313       242857.60543325884
0.052034429318115694      0.06680607348013544      0.41106727581717223      0.1813585104878471       327116.94444811245       144320.517079621
0.059275986564491547      0.08447527132960915      0.39930829886578717      -0.045270898900648476    317759.4479105294        -36025.436691258285
0.053718284648961154      0.06905369036712125      0.41050582875294045      0.12026373239235445      326670.1590703279        95702.83742462052
0.05605200755969604       0.07084409418922946      0.422261102786545        0.06508156593192965      336024.7089195677        51790.26461113848
0.05986894960833678       0.0802213607014632       0.37512632784437366      -0.03760709632550701     298516.04680171475       -29926.77637768747
0.05962789032639018       0.07625712796530883      0.3964454100432644       -0.02574301515381075     315481.2333723943        -20485.640559092746
0.05737439664726457       0.07344962742113344      0.40745724113481274      0.019382229972636843     324244.17012595903       15423.888541445223
0.05065513178546241       0.06480182163507134      0.4137908111885014       0.23973108395662082      329284.26503327576       190771.9351223718
0.0497593746151704        0.06294125285452223      0.42564920501947917      0.2916085932719073       338720.8750099284        232054.74533649036
0.05061653149639777       0.06987978744914511      0.3476067529531834       0.1417038897133154       276616.6649231121        112764.37251611463
0.04929227268354727       0.06715820064546582      0.3526023129755939       0.21083494646881126      280592.00527850655       167777.11953513228
0.05552840726329813       0.08604072728264689      0.3789443740688186       -0.11553435734814484     301554.3514495836        -91939.32034451346
0.05654049261273035       0.08238917558061995      0.362523145547169        -0.055536245555986054    288486.7529952729        -44194.340005002436
0.05328655926718558       0.07315162887534486      0.35998902493211155      0.06248297301611823      286470.16388388554       49722.37007296365
0.05532595615486467       0.07780719743208217      0.353200273509294        -0.009091524773660832    281067.84715206776       -7234.805539852731
0.04883845746964531       0.07330524628459101      0.2871557601895819       0.09375972799837264      228511.29335741422       74611.62086946292
0.048403720109720494      0.06476262363204258      0.3673191570588383       0.2752621201144388       292303.2976913118        219046.63531083983
0.04741635083273541       0.06980450547371905      0.2837661026869856       0.17324405649399618      225813.8896227806        137863.23976155533
0.04662579672651676       0.0668931060134679       0.29472287038625716      0.25088078616590787      234533.0083210241        199644.58622542516
0.05198364946194621       0.0877759306145385       0.2894623689508055       -0.19239536548538286     230346.8342880533        -153103.36722485258
0.05179097247132601       0.08265585432845637      0.29476427876349404      -0.06740573818103049     234565.96006063736       -53639.78212134552
0.050378891639063         0.07754594353205167      0.28905965593539223      0.01697139823335579      230026.365452801         13505.409600098172
0.04641905691338491       0.07674421040255767      0.22979154757866657      0.04644135222735595      182862.30338940618       36956.85385427752
0.04525108381650054       0.07263845557126729      0.2218092707174313       0.12373034905104098      176510.20929143796       98461.48330979387
0.04444375712797186       0.06921828785820013      0.2144392326025133       0.20857649085470417      170645.31930761356       165979.89766143833
0.04707287425463471       0.08710783166850657      0.18052042904823093      -0.12126573271130921     143653.5930604786        -96500.20394332704
0.04685708545263766       0.08114515543119252      0.2184986654498288       -0.023578564034992422    173875.71332661292       -18763.225085889146
0.04124795310657092       0.08956953163335957      0.08616767122519702      -0.08135382470315039     68570.05405103689        -64739.31670468965
0.04362994821325156       0.07859416972739966      0.18091596675202254      0.026004821222612728     143968.35196416688       20693.979208999204
0.04262750293094325       0.07520994546324772      0.17045188890411156      0.07923125486634647      135641.3033921997        63050.22929676415
0.041862050547831604      0.07162859138240855      0.14776540030475385      0.1429396039507637       117587.96938227117       113747.72266180925
0.04187205164731213       0.08332041314980762      0.1401606846427824       -0.028027076108951925    111536.3289402156        -22303.238515762314
0.03548003430773259       0.09127723500519036      0.04704890870882019      -0.044963420033461994    37440.33194044028        -35780.752783213145
0.03733931887425862       0.08641452374742181      0.08307010510942145      -0.03159672520963588     66105.08925663869        -25143.875013149267
0.03945344877348472       0.078434020574676        0.12657699588758728      0.0353110226660355       100726.7728861601        28099.61901464753
0.03881093700622961       0.07420762050771511      0.1118969081202066       0.08508048323985735      89044.7302201526         67704.89734135226
0.036047900654770315      0.08182267430886936      0.08908745969757825      0.006740651712402244     70893.54789184793        5364.04019844833
0.028731799115318844      0.09227484800813411      0.02720972145703801      -0.0207178400628308      21652.808350206044       -16486.733280934128
0.03219744440712575       0.08626580032779478      0.054778169466063335     -0.011720840018471906    43591.08222024754        -9327.14813064553
0.02098627805430452       0.0935709746108158       0.014128440265034778     -0.008686370064165791    11243.055531794264       -6912.39366618725
0.012191251324318341      0.09538525510610889      0.00680678297596501      -0.003278277240226667    5416.665785892967        -2608.7701380386547
0.03521337830726828       0.07710832755192287      0.08352590128988074      0.04589464913391798      66467.8003324512         36521.80135565609
0.030825480421689994      0.08055394839996473      0.05531253897378768      0.01950537332782552      44016.31996320711        15521.882909881218
0.024760133068984107      0.08525157249718815      0.02914712676593859      0.0027574632982513693    23194.546508626077       2194.319571555933
0.016384589465054646      0.0883063766567652       0.012564647942410625     4.1773875670285876E-4    9998.629141220314        332.425940251613
0.010049976831552128      0.08906092119783351      0.007302242877814315     4.988982048264822E-4     5810.940248308676        397.01057698903765
0.07961471514196611       0.07544003932172609      0.6312751820293259       -0.6032327245155247      502352.82835601614       -480037.3497071865
0.0784743107279771        0.07662561553272433      0.5692129271955362       -0.6148473553309403      452965.25517488364       -489279.97923949064
0.07822665624810493       0.07526004435162141      0.5947059511004165       -0.5641750199236172      473251.9590189913        -448956.21594906104
0.07755465754938316       0.07631053263610883      0.5444175889269147       -0.5807431114849951      433233.7519194499        -462140.68429702317
0.08104607164821816       0.07390018044898043      0.7022859171434296       -0.5967600095799438      558861.3758860104        -474886.52682107437
0.0790924593491646        0.0735821910136603       0.6625734789562948       -0.5404155278300581      527259.2216874411        -430049.0128888473
0.10958379200524364       0.004592921700996916     1.3238121588555913       -0.061332530099984746    1053456.2440351036       -48806.87668872516
0.10929533680248649       0.009177785856677556     1.2928416138456749       -0.015204926614393969    1028810.6673922125       -12099.696150151585
0.10594576289323111       0.00679770291692774      1.3273839966246195       -0.01736117744570056     1056298.6222194196       -13815.586041893848
0.10968                   0                        1.4537489470083282       -0.08610619327577926     1156856.6546550663       -68521.13145333194
0.10655650321743897       0.0032328316852621754    1.3493038991257396       -0.02382962218811164     1073741.926395148        -18963.01081625137
0.10500453776721458       0                        1.354526582137537        0.004360694217997286     1077898.0054827959       3470.1302005325756
0.08265101749833327       0.07210070531201615      0.7797981380737254       -0.5990872978932735      620543.6414414486        -476738.52401640656
0.08029848546729103       0.07160470452343708      0.7437302714776202       -0.5254244233550303      591841.7451637025        -418119.47099080874
0.1072832288484838        0.022803754248891844     1.4876280512335767       0.01702036677616856      1183816.7891799354       13544.377528321464
0.10623420111259363       0.027276306824220223     1.3461185638842739       -0.06621657615884814     1071207.1171497274       -52693.47705150815
0.10324519120456832       0.023612972456507272     1.3769043025391217       -0.011275312729518072    1095705.6295679987       -8972.608779048858
0.10814404534588931       0.01829119613984349      1.3353255414410865       0.07928016033806341      1062618.3027860522       63089.1470346041
0.10415577020945323       0.019387085029094593     1.3642677558401715       0.027676376265140485     1085649.7852142514       22024.160447341583
0.10881514044017052       0.013746549057343627     1.295855034664035        0.03143326923784536      1031208.6714865029       25013.800883707514
0.10546313216285083       0.010981570692756857     1.319667183204339        0.005280740412802832     1050157.7772156417       4202.279699413532
0.10483738257628801       0.015119436069837204     1.3324151842588419       0.02657938935060966      1060302.3141274662       21151.20599756805
0.09947701510103815       0                        1.34413205541751         5.162222343156618E-4     1069626.3039398305       410.7966016264011
0.10196414878221145       0.0040076158780022395    1.3430536631075785       -0.006410586452107956    1068768.146606241        -5101.382609854585
0.07681890282189231       0.07541358534725696      0.5461016657234771       -0.528433914957903       434573.89765304624       -420514.3483147626
0.07592939464235833       0.07414791444843671      0.5617498956660096       -0.46238112750418764     447026.3633830095        -367951.21017347695
0.08449308223003715       0.06993297830972288      0.8755792380936743       -0.6151836947624711      696763.8190562191        -489547.6296549151
0.08180476791258622       0.06934918867896792      0.8410571613912299       -0.517920663274256       669292.023291261         -412148.16844765446
0.10499880248932021       0.03170100748885926      1.3155944205749073       -0.025066894413018837    1046916.775693072        -19947.60076897281
0.10198659066355303       0.027703151997436018     1.3506787313128814       -0.02445562633910771     1074835.9830876752       -19461.16909138672
0.10357920028764332       0.03607009381429802      1.32295887877826         0.014857320687946353     1052777.225324358        11823.080142940706
0.10049001602137109       0.031862121942180084     1.33870004342844         -0.011899519071411686    1065303.646144856        -9469.336403157251
0.09395417838707851       0                        1.3417443943587495       1.2400621005348596E-4    1067726.2636401819       98.6810065205209
0.09672020627819393       0.0041677794415029765    1.3419713110834455       -0.0012542693904339511   1067906.83823221         -998.1158672821088
0.07490309867969007       0.07305068024684501      0.5738321363935222       -0.401076993322327       456641.1050600587        -319166.9302384172
0.08661529373808943       0.06728665016676401      1.0115963584720726       -0.659909847277058       805002.8043229565        -525139.5709458076
0.08343593130269245       0.06685147166429625      0.9631434126699069       -0.5090518660935305      766445.1751640644        -405090.60389469477
0.08873298394304424       0.06446828647143846      1.4691654102920515       -0.54213963398868        1169124.6863380626       -431421.0129766467
0.0852029435030448        0.06383950043877445      1.1223963649688002       -0.4452602213577299      893174.647965798         -354326.82595637115
0.0910585127001286        0.06113959163128676      1.3020746844663476       -0.18951832902577706     1036158.1115381956       -150813.8943548432
0.08704463617136161       0.06042268358194561      1.2200585768302652       -0.28480499553995636     970891.7668209984        -226640.61428724625
0.09358065300717897       0.05720457833731449      1.2518504318033858       -0.1848895401487849      996190.9211661624        -147130.4212033328
0.08901689651541644       0.05622863351056687      1.2246210773529655       -0.19342950740380835     974522.4893762339        -153926.31121573233
0.09596732271760036       0.05310344028795054      1.2667192110802794       -0.19881420814593587     1008023.1197644621       -158211.31991663328
0.09136520601397762       0.05238370452783209      1.2538021856389243       -0.16348755492595854     997744.077519285         -130099.26250237024
0.10197788497221537       0.040375900938475665     1.3775290641032998       0.05466159870020528      1096202.7990239626       43498.31815221595
0.09911245556201065       0.03616108236232842      1.3487505631047798       -0.003176528565473061    1073301.5955805152       -2527.801115338225
0.10019766579424047       0.04461087501255375      1.5669420012320723       -0.08537053486074601     1246932.8251719552       -67935.71308743348
0.09756822545160722       0.040096069308414216     1.3774633251358164       -0.024449583715915088    1096150.4856158188       -19456.360524634987
0.09817436832335995       0.04890292224713407      1.331859189929765        -0.22635319686051839     1059859.8678984477       -180126.15082502193
0.09565118361123233       0.044080632584816794     1.3699690459468046       -0.09784996298985628     1090186.7277266092       -77866.5264559732
0.09348144283784002       0.04795884840672228      1.309290851369405        -0.1430388937299175      1041900.5547021843       -113826.73495756339
0.08924793460019745       0                        1.3398516364415896       8.471162393491908E-5     1066220.0547472201       67.41136843292043
0.09182951643132194       0.004202316783826124     1.3415854130954183       -0.0013399034141697303   1067599.750370591        -1066.2612581540986
0.0738992578366342        0.07205505941279464      0.5860020613862544       -0.3470693953010428      466325.6236583134        -276189.04929038
0.08453038680388966       0                        1.3343611809063922       2.8627838478626643E-4    1061850.8890559555       227.81310019548982
0.08728403605253504       0.003937537641845829     1.340038863503912        -0.0033819332439009773   1066369.045309466        -2691.256964868245
0.07293472339919953       0.07088461852826096      0.6053315835657557       -0.29532058658935784     481707.56867067376       -235008.65576247204
0.0804074875218206        0                        1.319063991483427        0.002697743042107382     1049677.7724955657       2146.7957017157846
0.08252002771183414       0.003339961538397161     1.3345067279011862       -0.010632818298248432    1061966.7116743235       -8461.327955820963
0.07190523090710862       0.06923625070732503      0.6361085850234721       -0.23797007184625188     506199.12824838376       -189370.56621132232
0.07022915604597388       0.06681970909980367      0.6723653497869426       -0.1564461746100109      535051.3449115158        -124495.91008500502
0.06802723743895489       0.06491647486959916      0.6830973107115222       -0.07651852919380948     543591.5680625953        -60891.510796581395
0.06602455406175807       0.06293378099534504      0.6954432579912639       -0.0038768872338096846   553416.1607462096        -3085.1288353533796
0.06409700724904223       0.06145072112817116      0.6964072067902182       0.05797375982507502      554183.2468274148        46134.05222891512
0.06255205876563237       0.06010800278145857      0.6991330845117472       0.10957171517080073      556352.4313956419        87194.40046245077
0.061119699985151175      0.058977691535853465     0.6985621351610808       0.1557611273621547       555898.0843385734        123950.76680626596
0.07684952930532236       0.006453235277780576     1.3666707775328522       -0.030146741349519446    1087562.0491179873       -23990.014519444278
0.07705235265722454       0.003229450415580619     1.337264847706761        -0.05696157023822438     1064161.5536778083       -45328.57734844801
0.07939534867254976       0.005051996879217007     1.3433948870581853       -0.025324340691715495    1069039.6839984434       -20152.470008148743
0.07712                   0                        1.2367511014094021       -0.06450551495998821     984175.2558182613        -51331.85781285164
0.07927878286716479       0.0023381247584186526    1.3220592551591017       -0.024234194442182767    1052061.3275948018       -19284.959186617623
0.059818456541946424      0.058019408717896986     0.6960899117657643       0.1968715533378346       553930.7514696134        156665.40433948053
0.058887613492306264      0.05720993134111356      0.6964435198906745       0.22854053979543099      554212.1438745979        181866.78302666428
0.07651188576537153       0.009665698972486692     1.3712938317339958       -0.0025051998092614105   1091240.9587594557       -1993.5746653841343
0.07916657840123895       0.008215072243452559     1.3555438714253591       -0.013082414334358985    1078707.5385763524       -10410.6545444475
0.07604001437887475       0.012861205746760855     1.3528319513738822       0.022113012941636184     1076549.4611690398       17596.976581582257
0.07891905224970466       0.011512303908076435     1.3531271781120544       -2.0664817753750459E-4   1076784.3951426048       -164.44539468012712
0.05784985314784072       0.05640513704773457      0.694698413529777        0.262426254312385        552823.4323568082        208832.17785453438
0.0746971333862438        0.019178964098138802     1.3849807988829974       -0.054496847577726       1102132.7011479558       -43367.21337460339
0.0754347429685911        0.016034149595865597     1.2837523823335675       -0.03127989391410764     1021577.68677192         -24891.748679101624
0.07763828138425315       0.01827231859332939      1.3524970605971258       -0.024056651731654288    1076282.9635564564       -19143.675186664914
0.07837300714876132       0.014891112463358495     1.3408406654031217       -0.0025738641743665858   1067007.0989876646       -2048.216030987911
0.0738284796496752        0.022290132180350343     1.4152852535271514       -0.016053115062031997    1126248.2199195623       -12774.663070726752
0.07675599555589138       0.02154411532619041      1.3810738378853664       -0.014567883973433912    1099023.640371755        -11592.753723806041
0.05698227824747564       0.0555838506506933       0.6960289732102197       0.293420820252641        553882.2581079144        233496.86974643168
0.05602228032465695       0.054997680121730126     0.6911319130261694       0.3222801388954396       549985.3014333638        256462.38582775908
0.05541013373772274       0.054521040174561226     0.6900419383809815       0.3424372832476095       549117.9271702314        272502.9316390827
0.072830305672712         0.02536219579648672      1.4289691201374104       0.023792960945777788     1137137.4949777264       18933.836726564758
0.0758890383683968        0.024740674221001763     1.3942963672007416       0.01319062365855059      1109545.7948753522       10496.764788616138
0.0717043625916963        0.02838976550305654      1.4396493818409557       0.06947597700399188      1145636.577195898        55287.22583162078
0.07480829651951991       0.027930214833079756     1.3974056099753425       0.049333038328267596     1112020.0516596045       39257.9845384286
0.05515338579731943       0.05390360317355449      0.697796834286469        0.3579426999509551       555289.0772528384        284841.75020426814
0.06902997160008678       0.03438542454138384      1.3235027287186074       0.22466947124949058      1053210.0073558907       178786.28455599444
0.07045262569339739       0.03136752991400571      1.4443153795471726       0.18574698472532536      1149349.6601928973       147812.75391725157
0.07218414150756955       0.03429157373260141      1.3330062282868265       0.15472444545154743      1060772.6520206595       123125.80155383046
0.07359710448606348       0.031146264911158458     1.384331242379868        0.10179038602896907      1101615.8005065036       81002.21547871316
0.05591785175951656       0.05311015208602515      0.7263508429998023       0.35650260348894625      578011.6354119187        283695.7578519788
0.056081604285716735      0.054001445006180364     0.7116877690995606       0.338138063349742        566343.1319511925        269081.7211481594
0.06747811750530033       0.037338961661257684     1.261300266598268        0.24282963723625894      1003710.8607611988       193237.68547681192
0.07064748821738258       0.03736387418740899      1.2700268767747855       0.18324137324661924      1010655.2764913429       145818.85165573217
0.06402655451708528       0.04298947216087563      1.1457907121529072       0.3052080157311863       911791.2779395909        242876.82187443625
0.06579996316478523       0.04022262109202852      1.2021358418134112       0.2679151419165063       956629.3074627058        213200.0958258931
0.06738080684727624       0.042685560964894204     1.1545083147522255       0.229529989954683        918728.5256675523        182654.16244560442
0.06902976668715573       0.040236162666825635     1.2105121027971457       0.2047155969273413       963294.9241636513        162907.49589497191
0.05687064143811599       0.052088622005359644     0.7626060923060075       0.3554522325739094       606862.6461124765        282859.89923593844
0.05712830221840377       0.053336318220562506     0.7426486874664308       0.32903944143958147      590981.0479549528        261841.26788652808
0.05805173991211934       0.05076898554408627      0.8087823206706961       0.3556079762831657       643608.5211003785        282983.83614185656
0.05849369501202909       0.052327038002320365     0.7861141965224788       0.3197416500747809       625569.8010563307        254442.32060880229
0.05946125533050312       0.049110625271123406     0.8662803461442236       0.35897540666651023      689363.9959610564        285663.5520969921
0.060097747815735465      0.051031377601125166     0.8404147424280484       0.31103344220169554      668780.8025236296        247512.54896643586
0.06095542332148301       0.04724331452913523      0.9326726467605764       0.3701883033637856       742197.3100927348        294586.4917757429
0.061867603820286256      0.049398525082148786     0.908141474936479        0.30539746562426906      722676.023814526         243027.58130919802
0.06239139060619595       0.045329998656795524     1.062432899359609        0.4024496692266178       845457.2381826798        320259.2710155723
0.06330528310475472       0.04755244888477902      0.9831752946306785       0.3058980708079026       782386.0403315155        243425.95025676154
0.0645354762978005        0.04575895992985217      1.0623390069887417       0.2930309536227234       845382.5210079687        233186.6237399419
0.07738447509647046       0.0737387251246076       0.6135404515657555       -0.49711424661668824     488239.978267618         -395590.9481522472
0.07627132162354397       0.07248592633935762      0.6236176549349328       -0.4320623847041174      496259.1619113523        -343824.32124866196
0.07797173341893004       0.07154875347532745      0.6913147818678999       -0.4599325353408027      550130.8238338582        -366002.68244138296
0.10276506504146343       0.008565405552538654     1.3325707338203638       -0.002653049345055479    1060426.0965355262       -2111.229587661475
0.0762664535101459        0.07095762893221019      0.6693660689505648       -0.3971742565308608      532664.5930573641        -316061.23097867495
0.07518332353194729       0.07146894021804223      0.6306258391986622       -0.3757439863264563      501836.0977497091        -299007.56380454527
0.07709849285740204       0.0694109282280794       0.7318509443499716       -0.386838299276931       582388.4769988479        -307836.13753592764
0.07922486297651388       0.06914720821167025      0.7874297516313863       -0.43974655469068163     626616.6865487928        -349939.1894332624
0.09974462878852243       0.024396510962010166     1.3571050135974958       -0.007912117001139248    1079949.8560441763       -6296.262655263674
0.10000663621104477       0.020753647464704896     1.3590445513975082       0.004293490409867484     1081493.2911851043       3416.6511092402893
0.10033861154972079       0.016410915011836516     1.347184730678652        0.010893830678075749     1072055.545727156        8669.035008109446
0.10130477613103965       0.012253759509277673     1.3367380168124272       0.007119775477566309     1063742.3149727744       5665.737304795689
0.09883702786404928       0.008237381927819133     1.339599805032547        -2.549923581915144E-4    1066019.6536793455       -202.9164712841933
0.07528065942434993       0.06994443310397057      0.6778613513479453       -0.3468979463372565      539424.9239898875        -276052.61454000714
0.0742124748019042        0.07078028449233541      0.6318882700048744       -0.33218899039152416     502840.70826530986       -264347.599307586
0.0752625124152758        0.06779223118166637      0.7369133480698017       -0.3024523836115513      586417.0098785367        -240683.95950852273
0.08041510588496073       0.06647588072736235      0.889713195040791        -0.40767550798526964     708011.2646241275        -324417.8613667755
0.07766253776093274       0.06667566189428753      0.8175510421868912       -0.34079123049947796     650586.4479698719        -271193.0444818069
0.09720670436494265       0.027369992310839097     1.3480192541161797       -0.008885717087792249    1072719.6383781987       -7071.028987191285
0.09612098831967751       0.03217762215593231      1.3426601740285582       -0.010056426385072722    1068455.0179463474       -8002.64984512042
0.09603824150269598       0.022480014296735594     1.3510737864495141       -0.0015210256122277714   1075150.3579766199       -1210.3937237771308
0.09338537948365289       0.024997300401283777     1.3473570331233624       -0.0024504257372417538   1072192.6596560683       -1949.986843808135
0.0960215547376439        0.017840057837738156     1.3487397995604462       0.002887152232948304     1073293.0302240856       2297.5227466626293
0.09711176839151447       0.012913024756480596     1.3431537283799473       0.0034533614863427736    1068847.7760198878       2748.097754173136
0.09433347214330412       0.008674916522117682     1.3424561528979222       -3.512209601485073E-4    1068292.6630891676       -279.49275962558266
0.07371832480438828       0.06930251386196584      0.6656603208262967       -0.2898341673468295      529715.6523982101        -230642.70205085757
0.07294577638221851       0.06704629023093683      0.7119935195286072       -0.22821578796169148     566586.4404118686        -181608.35372857528
0.0818307596473361        0.06369250833990785      0.9989584214414133       -0.3634633946267591      794945.8535783887        -289234.97943904466
0.07198108356073682       0.06482952577214782      0.7486192724375458       -0.1652711880453786      595732.2885114684        -131518.63264046083
0.07486928326236336       0.06437355977075802      0.8134822915832115       -0.22378751489169008     647348.6391159532        -178084.44598631802
0.07841337038989867       0.06363594193328094      0.907574788259708        -0.2871750029860142      722225.0688855639        -228526.60628826986
0.08355805621574508       0.0603154024082946       1.1078766147602859       -0.28036330142025134     881620.1978750747        -223106.02641298002
0.08497238338970285       0.056465629057562534     1.161746829545194        -0.19382868493112196     924488.752717276         -154243.96659894814
0.0895407603785521        0.04811405882967472      1.2647855194297246       -0.1123259075357768      1006484.3368414557       -89386.11710801026
0.0865523495667479        0.05138072670381893      1.2110047849998389       -0.12660670665607773     963686.9882033116        -100750.41596450169
0.0949384183195493        0.03638468601467026      1.3451736818933842       -0.018174026596498704    1070455.2039522843       -14462.430843581717
0.09385214163435013       0.040195324305767804     1.3467747884243293       -0.0429112504524725      1071729.3240463673       -34147.68811882664
0.09065188813736119       0.04321698579973263      1.307623796824506        -0.06745352012560399     1040573.9548460618       -53677.80578469259
0.09272424817490055       0.028918257991140294     1.3426077612118263       -0.00460835503638644     1068413.3091520264       -3667.2124178166655
0.09248024204681231       0.033027253184443134     1.3374772110229087       -0.010091626106608747    1064330.5470352897       -8030.660893510003
0.09084340643270307       0.02053771617660915      1.3481636597007916       2.9876991745210196E-5    1072834.552691204        23.775354604829772
0.08996354211846724       0.02566982942647163      1.3453793604877466       8.789153811579523E-5     1070618.877777189        69.94186373539269
0.0918351679233291        0.014061117730094408     1.3458565900564814       2.2228966468346137E-5    1070998.6450014578       17.689249466306396
0.0895836734137169        0.00849130575354934      1.3433781297207277       -0.002384397181393235    1069026.3489329957       -1897.4429885655798
0.08788233686149094       0.016416411407140605     1.3478805077853928       -0.0013042505894143741   1072609.227556296        -1037.8896416790783
0.08468790499246547       0.007153035010576279     1.343195215846485        -0.006678756398393634    1068880.790696767        -5314.785472554853
0.08633947596707435       0.019380628750128213     1.3494318235856104       -7.97800251072793E-4     1073843.7254458019       -634.8692677909509
0.06992870432147902       0.06412454463597596      0.7303454733089296       -0.1066495200573285      581190.4612095304        -84868.99147751034
0.06848915621274561       0.06211458779271246      0.7507489036832865       -0.04301532055717158     597426.9952100813        -34230.50447678139
0.0719324977916494        0.06178352512326457      0.81548572465548         -0.11057290140250209     648942.9204989796        -87991.11915110487
0.07975547844443778       0.060279504001667296     1.0045541756762766       -0.23078408252836        799398.8133124182        -183652.13760658205
0.0759470573393613        0.06031853686570264      0.9207092861580776       -0.16439329265996963     732677.1702133421        -130820.0256899338
0.08184669255848617       0.057226153643897645     1.092489078467791        -0.18818349394254993     869375.1855602923        -149751.66634630284
0.08217370853666627       0.05336986417255992      1.1356242598975665       -0.12122150404425669     903701.0722888648        -96465.00788838818
0.08565291521085339       0.04563002899193944      1.2446640201622123       -0.0582712807791056      990472.1564872329        -46370.811881452035
0.08271794531650019       0.04951981494931823      1.1795963797383782       -0.07320356167111326     938692.9734433368        -58253.543459450404
0.08947191812353072       0.037200811268465694     1.3200388155862595       -0.01782538040827007     1050453.5128686202       -14184.987022348048
0.08649438822471114       0.040595859745570506     1.2875237269223847       -0.024097054962161087    1024578.8274389857       -19175.827055925107
0.08718861763950246       0.03026754949953855      1.3362887930630598       0.005420725902184319     1063384.8340714439       4313.676612394542
0.08567605886157728       0.02362832306378636      1.349860123554419        0.0035591317441002733    1074184.555731612        2832.2670509441855
0.0815048210925138        0.0067361370416724655    1.345463221413687        -0.013016544398329027    1070685.6121816677       -10358.23691484593
0.08621912864514375       0.011842407897981761     1.3461564063745641       -0.003419851288625598    1071237.2312466705       -2721.43118611976
0.08417450533920438       0.01626018648088947      1.348724486021399        -0.003346787176824149    1073280.8440969076       -2663.2886133406623
0.08202438408608072       0.00983045419025896      1.3484352707015284       -0.006787724835400844    1073050.6938580314       -5401.4997995083295
0.08312115705556121       0.020060566805607662     1.3529304653212764       -0.001922926352465117    1076627.8560774962       -1530.2161709824577
0.06641950927684374       0.06048191980596997      0.7521023242805406       0.02580503111983977      598504.0131007583        20534.991296813434
0.06446125162481776       0.059232007205518813     0.7467060907514153       0.08521531042897355      594209.8268995656        67812.1894094074
0.0629087360223662        0.05829888062733205      0.7407656349061021       0.1312197935139807       589482.5623395619        104421.39384623927
0.0690561282039122        0.05922391425837026      0.8201027090654455       -0.008160656226428763    652616.9999541008        -6494.043886548956
0.08246129351825056       0.041101323408138934     1.2588736340332212       0.004044133139524597     1001779.8079222239       3218.218898385426
0.07304818408287687       0.05644906962164699      0.9399665301878333       -0.040401623388731114    748001.5981016547        -32150.590356268436
0.07789810811844013       0.05569871680319743      1.0353333048447613       -0.10838078576866496     823892.0660685595        -86246.68895633386
0.07902494078154554       0.04993062976757172      1.1299910502172787       -0.036896301888537104    899218.3064584102        -29361.144136857572
0.08115178133385062       0.04548143350732221      1.2050181189893385       -0.01501166080305226     958922.9507622545        -11945.90010412309
0.08437137788608007       0.03602439623089548      1.3064139004491682       0.01019257396121942      1039611.1499022417       8110.992643789055
0.08259294441945694       0.03141961784138804      1.333273642181068        0.024333725823935618     1060985.4532362595       19364.163743611287
0.08196591234557268       0.02310724272329164      1.35740315802001         0.003843513719750593     1080187.1118371687       3058.5710366991234
0.08214404332172036       0.02699626818334932      1.3519778519923056       0.015890765670565524     1075869.7904766914       12645.4695299275
0.08164881913541766       0.013523769039794272     1.3478484121606373       -0.003793010509060732    1072583.6866696386       -3018.3818585826084
0.08078942629224951       0.017284918723250445     1.348868950047437        -0.007666174210344347    1073395.8049161222       -6100.547600899551
0.07978198710351428       0.02070240200926074      1.3610420390056925       -0.006971953650158592    1083082.841318141        -5548.104432151614
0.06140476523378143       0.0574057015539182       0.7342450900283377       0.17566115032473775      584293.6775948182        139786.70191695253
0.06275950377748601       0.0568213359893935       0.7680166951339398       0.15804979157960566      611168.2670383386        125772.0279226903
0.06646014536811506       0.05786564565173086      0.8060495140274151       0.06634013462453875      641433.8226714156        52791.8017543857
0.06433198597854105       0.057139718283905544     0.7869079215451831       0.12110992034129715      626201.4273604263        96376.21239891562
0.06878555293796615       0.055729620656528145     0.8857528475658211       0.053046507941487304     704859.7202391125        42213.069763255924
0.07065056703927639       0.05315462222411644      0.964958590792083        0.0551139019150202       767889.6480177474        43858.2496142867
0.08051480433338801       0.03761787327782988      1.2841525566378311       0.03741793443412362      1021896.1353650296       29776.246127396076
0.0790552540030928        0.039998225300201404     1.2531302098190378       0.04486853939257464      997209.3361524191        35705.24916820841
0.07906284639307552       0.042745695216923854     1.2204681474963448       0.029750730130750906     971217.6928012585        23674.878804509983
0.0746717828643142        0.05113456429038407      1.0567878364511332       0.01117122993773854      840965.0398529364        8889.782325036274
0.07127036432226971       0.05009409092772723      1.0315868159490282       0.08465661268359101      820910.7049335855        67367.59187004776
0.0765580782979421        0.045860326625522085     1.1594700108647673       0.03995171389733603      922676.9179797067        31792.563758771
0.07955020811600534       0.033878782470044035     1.3189956552267597       0.04885770348083457      1049623.3922303608       38879.72508546461
0.079722271348772         0.029954731245669913     1.348856890648339        0.03665846405615715      1073386.2083512363       29171.878803469903
0.07918729874618013       0.02419041855170299      1.3693312855811557       0.008314037092480442     1089679.2141531033       6616.100501588157
0.07799736692680787       0.02724226609479033      1.3712516870205402       0.029693837045916407     1091207.421062098        23629.604726114194
0.06012885281115219       0.056562832486058846     0.7299130288413039       0.214901393707378        580846.3328363536        171013.0954293337
0.05893425267633496       0.05615932599924757      0.7178643156934744       0.24528283015722843      571258.2715594865        195189.8743754636
0.061693342264586545      0.05575405996697441      0.7720834308473701       0.19705242092602934      614404.4724935425        156809.334193012
0.06357789354275632       0.05533135904266529      0.811601907481796        0.16566408792816728      645852.2769926946        131831.29243289106
0.06584797380552403       0.05526955868413285      0.849254158337671        0.11994509123764231      675814.9862039377        95449.27085039578
0.0676344906454738        0.05307711657107791      0.9221788258636426       0.11689112130644919      733846.5927543946        93018.99879737878
0.0689073106160488        0.05071396684504172      0.989278450909722        0.12389613337598221      787242.7777828759        98593.41028380161
0.07721685822014274       0.03723635321031759      1.282314437390588        0.07550093021553206      1020433.406544074        60081.73125919083
0.06974040257653867       0.04838185842005828      1.0482991076463613       0.13497319719698592      834209.9241037066        107408.2575940873
0.07608782481224147       0.041287167243434626     1.222572175302491        0.07850205945807355      972892.0249300133        62469.95402823139
0.07242403204674303       0.04696891621986578      1.1030133608386679       0.09727256851087769      877750.1433693921        77407.05052875614
0.07358843190902334       0.043584473636837394     1.171804782234851        0.10399266037858537      932492.6171569924        82754.72972264276
0.07553679983591836       0.03410384751575932      1.3266318257200354       0.09551282128221901      1055700.0636318473       76006.68817858968
0.07689640076827928       0.030794657968448002     1.3576608040172637       0.06155190606565306      1080392.1400073227       48981.450535383505
0.05828502557689594       0.05508356728199633      0.7280845679738729       0.2763271206894588       579391.2899098448        219894.1358403905
0.060000732365677545      0.054881889955384        0.7612419903973014       0.24569285863211027      605777.1283042183        195516.164668393
0.06211501970551183       0.053867989480921835     0.8175657865038928       0.21993335485853047      650598.1811245385        175017.4028825952
0.06474267507573721       0.05285482052197149      0.8822312548929121       0.18146067084513723      702057.325831864         144401.81370887486
0.06678679449828685       0.0509930192939029       0.9540214920225344       0.16570113590051358      759186.1813564578        131860.77427254326
0.06737558517616418       0.04843006087621056      1.02009959779628         0.18651341891949333      811769.4671766611        148422.662870034
0.07388406389135342       0.03745458169868836      1.2748514221015121       0.12457967780089517      1014494.5276759401       99137.35765404064
0.06872472072146757       0.04570225723144615      1.0955846972797998       0.182462531906038        871838.6007395895        145199.0694095431
0.07230203692927777       0.0405351082622479       1.217505415494711        0.1426487160789497       968860.0255856756        113516.24144838587
0.07057464605851009       0.04328439014029237      1.1581921556614634       0.16079166910091844      921660.033118899         127953.94472703768
0.05717947720205358       0.05447128737381746      0.7212490349275371       0.3085612462560001       573951.745544883         245545.23794119002
0.058577372559172496      0.05382486296174218      0.7579652322968946       0.29209797200604765      603169.5670592375        232444.1805594027
0.06028492593273225       0.05293149974050684      0.8053349231847414       0.2734245455843913       640865.1693469171        217584.33996205567
0.06242726688674273       0.05165159196656534      0.8693380274356081       0.2513484494900269       691797.2214206738        200016.7408741068
0.06639674084491028       0.046451109809243524     1.0582837727490735       0.23172131603089036      842155.4681347754        184397.96433037726
0.06480928644586503       0.04979310861453432      0.9519621696029722       0.22887753672159186      757547.4246439913        182134.95665969068
0.06528447437389893       0.04759713762292392      1.015457347292238        0.2493917899921177       808075.2816027156        198459.680718907
0.06627572679255185       0.04468778338494824      1.1036436384452861       0.24701222143281817      878251.7023524592        196566.08022571416
