% Model:              
% Version:            COMSOL 5.4.0.295
% Date:               Feb 21 2019, 10:46
% Dimension:          2
% Nodes:              315
% Expressions:        6
% Description:        Magnetic flux density, x component, Magnetic flux density, y component, Magnetic field, x component, Magnetic field, y component, Remanent flux density, x component, Remanent flux density, y component
% Length unit:        m
% x                       y                        mfnc.Bx (T)              mfnc.By (T)              mfnc.Hx (A/m)            mfnc.Hy (A/m)            mfnc.Brx (T)             mfnc.Bry (T)
0.019699715913148536      0.02524933940210108      1.7817943509582441       -0.5409318143159231      1582231.8954772546       -1336319.6061510276      -0.30591145066661085     1.222300365847548
0.017633557568774185      0.024270509831248403     1.411831926652093        -0.8527259588749804      1301844.5212554208       -1572622.364882851       -0.30591145066661085     1.222300365847548
0.020073918190765747      0.022294344764321822     1.696060690198355        -0.20418291116270182     1517256.010242493        -1081104.1179719367      -0.30591145066661085     1.222300365847548
0.017923760114517087      0.026551400035028934     1.961005753540277        -0.6726968613497798      1718052.7553789795       -1436181.7897804293      -0.30591145066661085     1.222300365847548
0.015000000000000003      0.025980762113533156     3.208889125677293        -1.234339417697322       2663799.4557494046       -1861839.8330827137      -0.30591145066661085     1.222300365847548
0.016684999750133336      0.02889926729150495      2.249172775137655        -0.27034658562941244     1936448.9740613208       -1131248.288660032       -0.30591145066661085     1.222300365847548
0.022352657434547174      0.024825141086497884     1.7203673289289079       -0.5120928681586293      1535677.5421659043       -1314463.1259867689      -0.30591145066661085     1.222300365847548
0.02060751440545654       0.028361339463541257     1.8601889188466587       -0.34835119452661384     1641645.624005799        -1190366.4748026016      -0.3059114506666108      1.2223003658475482
0.01878961425997639       0.03254456655289979      1.92975086649583         -0.07331010945652346     1694365.2802889673       -981918.1498394426       -0.30591145066661085     1.222300365847548
0.02520257929667575       0.027990299972863203     1.6379265540250512       -0.31408912114671655     1473197.2715074515       -1164399.9112836116      -0.30591145066661085     1.222300365847548
0.02372565221312855       0.032608039189990154     1.7103242586828211       -0.13564985708296148     1528066.0932445526       -1029164.2402482467      -0.3059114506666108      1.2223003658475482
0.021448067719452735      0.03714914301427007      1.7333246140777143       0.043078421814848854     1545497.6182634458       -893709.5304535162       -0.30591145066661085     1.222300365847548
0.0288124693209086        0.03199948901093326      1.543926603865753        -0.1591217606130737      1401956.5252300987       -1046953.1424891679      -0.30591145066661085     1.222300365847548
0.02719749366401723       0.03740748585631271      1.5744443403925459       -0.010808706393551804    1425085.3281835045       -934549.5438982481       -0.3059114506666108      1.2223003658475482
0.02467541759575735       0.042739076973830795     1.581437024886738        0.13183374259793249      1430384.948672708        -826443.5874614468       -0.30591145066661085     1.222300365847548
0.0331957620606154        0.03686762878381157      1.4407402847681092       -0.043918596299934075    1323753.6074022527       -959642.8898212443       -0.30591145066661085     1.222300365847548
0.031291253180739054      0.04303907104585164      1.4530797748024866       0.08210043370428928      1333105.4685175114       -864135.5014935393       -0.3059114506666108      1.2223003658475482
0.028391494525280576      0.04917551102059957      1.4547333893595027       0.20527617335242354      1334358.711044739        -770782.9879982969       -0.30591145066661085     1.222300365847548
0.038251051736525946      0.04248209676396464      1.3383455634499917       0.04288867339192685      1246150.626238941        -893853.3371175729       -0.30591145066661085     1.222300365847548
0.03603629950223781       0.049562626876590556     1.3402558634857258       0.1578287084094431       1247598.4057316824       -806742.5050595099       -0.3059114506666108      1.2223003658475482
0.03266688322370741       0.05658070146838061      1.3395710293199714       0.27186631229508024      1247079.3831475012       -720315.6081225829       -0.30591145066661085     1.222300365847548
0.10629698653020253       0.15355897309692368      -0.15314163043282245     0.714274432371328        115781.29545460797       -385023.0406267371       -0.3059114506666108      1.2223003658475482
0.11469922263841821       0.15734062547906216      -0.26245167986546925     0.6514061264211316       32937.320707821425       -432669.7151781056       -0.30591145066661085     1.222300365847548
0.10649554860946099       0.16300516012191116      -0.2950539918710919      0.7203186897597583       8228.658270111559        -380442.2147186971       -0.30591145066661085     1.222300365847548
0.10032647038330522       0.15855229988392522      -0.18357702924203462     0.8539098172053492       92714.89466670652        -279196.0800225773       -0.30591145066661085     1.222300365847548
0.09735500000000002       0.16862380637086805      -0.5453467719822553      1.2454536425452627       -181463.40446752892      17547.421120074694       -0.30591145066661085     1.222300365847548
0.0916115406817353        0.15867584302042867      -0.017657723459150437    1.0503231405945634       218461.93118919092       -130338.2166582895       -0.30591145066661085     1.222300365847548
0.11407020271421597       0.15008951834135897      -0.19590802242596764     0.579803895636419        83369.47315025218        -486935.662634266        -0.3059114506666108      1.2223003658475482
0.12116074204615794       0.1524206635821546       -0.3246503785060784      0.5697484442852772       -14201.87139949334       -494556.4949559532       -0.30591145066661085     1.222300365847548
0.12035669014479314       0.14668208365958163      -0.2679160339610746      0.44967201771476795      28795.992302487986       -585560.0989440843       -0.3059114506666108      1.2223003658475482
0.12617512407096235       0.14829639970571515      -0.4657451402492452      0.45375818064543477      -121134.8655699611       -582463.27499792         -0.30591145066661085     1.222300365847548
0.12475944174843938       0.14428528441327465      -0.3291654651060393      0.29337940505079957      -17623.76830840637       -704011.2507260725       -0.30591145066661085     1.222300365847548
0.1302864203641333        0.14469772896870342      -0.8600278153209844      0.06380133139615357      -419954.08801359404      -878004.0376196541       -0.30591145066661085     1.222300365847548
0.04407616854622953       0.04895154439316335      1.2351534672995517       0.11366897373605196      1167943.3300943854       -840210.3148637802       -0.30591145066661085     1.222300365847548
0.0414887824773673        0.0570475381304103       1.2305600497764253       0.22419019852397182      1164462.0676920498       -756448.4137134565       -0.3059114506666108      1.2223003658475482
0.0375840812623276        0.06509753830214882      1.2281050536338334       0.3362318841841126       1162601.4735426924       -671534.1846412673       -0.30591145066661085     1.222300365847548
0.09828450042884877       0.14808349911004012      0.024383178205967176     0.7661397612142785       250323.91838939927       -345715.30986272637      -0.3059114506666108      1.2223003658475482
0.08431359131969848       0.146035423934316        0.2574844695295722       0.8962419659026404       426986.8838906167        -247113.36232317248      -0.30591145066661085     1.222300365847548
0.1265891426418155        0.14059148605949812      -0.217072982024882       0.1313385683983864       67328.95914783562        -826818.8704212055       -0.30591145066661085     1.222300365847548
0.05078677767325231       0.05640443087176185      1.1284257104793343       0.17511797768948414      1087056.4250322552       -793639.3018768175       -0.30591145066661085     1.222300365847548
0.04778248465053092       0.06568838683701875      1.118340409531052        0.2865230639308958       1079412.9702775478       -709207.5392058673       -0.3059114506666108      1.2223003658475482
0.043236743688181326      0.07488823682176299      1.1146920892801633       0.401659880530425        1076647.9788398754       -621947.5701883432       -0.30591145066661085     1.222300365847548
0.092661386967893         0.1331395355536979       0.27252177830383223      0.6444959820408399       438383.36971072445       -437906.7801095441       -0.3059114506666108      1.2223003658475482
0.07518857920177222       0.130230439326386        0.5002767450247729       0.7566898628207318       610994.4590791428        -352877.20529629383      -0.30591145066661085     1.222300365847548
0.12024021740712654       0.14099612332222403      -0.15842997913084586     0.33763786564808823      111773.35813992219       -670468.6184513279       -0.3059114506666108      1.2223003658475482
0.12196491952074262       0.13545576598987205      -0.04193179009645411     0.23818604169458077      200065.08502600543       -745841.2345546883       -0.30591145066661085     1.222300365847548
0.05508348319417939       0.07570504160179381      0.9981722119662518       0.3480518008406846       988339.8148257318        -662576.0981516119       -0.3059114506666108      1.2223003658475482
0.04975285605514565       0.0861744745091731       0.9936507144001475       0.47146846851490326      984913.0591694297        -569040.9899597946       -0.30591145066661085     1.222300365847548
0.05851503960787762       0.06498753529423479      1.014915571440366        0.23087325425475594      1001029.2835127307       -751383.4548824426       -0.30591145066661085     1.222300365847548
0.06344648049897156       0.08712167003299819      0.8657031474697693       0.4096616052987972       887944.0699620448        -615883.2175685941       -0.3059114506666108      1.2223003658475482
0.05724529682864414       0.09915176260157314      0.8583710643717027       0.5494748508146263       882387.225827674         -509921.4597897134       -0.30591145066661085     1.222300365847548
0.06584618214654182       0.11404893296224511      0.697528856088833        0.642270689455437        760488.0234179841        -439593.28637046134      -0.30591145066661085     1.222300365847548
0.08511525804749864       0.11584856581019518      0.5005636575949521       0.5347805079965058       611211.9045733295        -521058.01833728846      -0.3059114506666108      1.2223003658475482
0.07347432441574354       0.1005234075682325       0.7053835332219283       0.4733069117754156       766440.9314757126        -567647.6693288208       -0.3059114506666108      1.2223003658475482
0.11386066567767317       0.13643865036048106      0.006376855876574994     0.40582673303676153      236677.27455307194       -618789.5931715894       -0.3059114506666108      1.2223003658475482
0.11626221614868112       0.1291222722565019       0.1074763754672628       0.3097469452511709       313298.64734866185       -691606.6082063372       -0.30591145066661085     1.222300365847548
0.10586347673013832       0.12994779672815407      0.1729671285568591       0.461398127571198        362932.8239249478        -576673.1068160393       -0.3059114506666108      1.2223003658475482
0.10924448095361942       0.12132828772310911      0.25308490826642804      0.35538863501028456      423652.5414026881        -657015.6532719102       -0.30591145066661085     1.222300365847548
0.06742707684308602       0.074885355380281        0.890264440443361        0.2825395097553354       906558.5994166894        -712226.5979587948       -0.30591145066661085     1.222300365847548
0.07769584565703061       0.08628997853693555      0.7484571001687859       0.32924515058851295      799085.5557432938        -676829.2950593907       -0.30591145066661085     1.222300365847548
0.09928886355597098       0.12228499561898895      0.3176271711011977       0.4689468599379653       472567.8755383544        -570952.0683862831       -0.30591145066661085     1.222300365847548
0.10029573108763114       0.11138969412986646      0.41003673547078606      0.37583737932490785      542603.299149729         -641517.9449971741       -0.30591145066661085     1.222300365847548
0.08933588215794412       0.09921754874791873      0.5818733101401018       0.36462706840388037      672834.9194478297        -650014.0230765959       -0.30591145066661085     1.222300365847548
0.1074965143118832        0.1469630269287523       -0.0769287880144808      0.6231717584191061       173541.53639728777       -454067.99723809597      -0.30591145066661085     1.222300365847548
0.11354766953201018       0.14344456536374528      -0.1029068302760716      0.49402438002887566      153853.28002689566       -551946.3003722131       -0.3059114506666108      1.2223003658475482
0.10528562195472167       0.13966851448245313      0.05152401847056218      0.5674918324838802       270893.43690262706       -496266.73744562845      -0.3059114506666108      1.2223003658475482
0.023051597657046428      0.022236589517892258     1.9082766153360537       -0.32077814552189        552347.0648411696        -579021.3383973294       1.1794718332585543       0.44322251133003754
0.020073918190765747      0.022294344764321822     2.4445080886502986       -0.3589512371454243      958746.5392193212        -607951.9870877357       1.1794718332585543       0.4432225113300375
0.02229434476432182       0.020073918190765736     1.843155524392951        -0.5601035789779024      502993.0480643522        -760401.4609789238       1.1794718332585543       0.4432225113300375
0.0245469526969328        0.020611810189783454     1.7423231011181017       -0.3503949837814913      426574.10240660683       -601467.3679581328       1.1794718332585543       0.44322251133003754
0.024270509831248427      0.017633557568774192     1.4766340502667124       -0.5676413460885575      225213.50350949913       -766114.1890529061       1.1794718332585543       0.4432225113300375
0.022352657434547174      0.024825141086497884     1.9643402046004865       -0.1708179218505137      594836.5760740655        -465369.38189987326      1.1794718332585543       0.4432225113300375
0.027031771461271347      0.01963973157393525      1.619479771996195        -0.21391673454843252     333473.51642748277       -498033.13943447097      1.1794718332585543       0.4432225113300375
0.02608653977077599       0.023475254097549834     1.8025152721079443       -0.16247357698674877     472192.5859707306        -459045.36412877013      1.1794718332585543       0.4432225113300375
0.02520257929667575       0.027990299972863203     1.9158397143834314       -0.004561154010009135    558078.9915006161        -339366.5894032163       1.1794718332585543       0.4432225113300375
0.030542964240570226      0.022190762452121225     1.6554480144980428       -0.07096564323097389     360733.1525631831        -389693.2689413545       1.1794718332585543       0.4432225113300375
0.03001424086968287       0.02701366267068518      1.7529687776372846       0.021836793735157383     434642.25498082256       -319360.09477881243      1.1794718332585543       0.4432225113300375
0.0288124693209086        0.03199948901093326      1.8220896596774132       0.1480118292798285       487027.6361596712        -223734.47286581248      1.1794718332585543       0.4432225113300375
0.034929829912059604      0.025378006927105057     1.6334329301727823       0.04664412259062676      344048.34545389685       -300559.0994823641       1.1794718332585543       0.4432225113300375
0.03446274112386825       0.031024966941898727     1.6847211253780072       0.1468850641845018       382918.677783295         -224588.4263640251       1.1794718332585543       0.4432225113300375
0.0331957620606154        0.03686762878381157      1.7188608680530144       0.26371343072534564      408792.52922430774       -136046.46432437227      1.1794718332585543       0.4432225113300375
0.04016955250808144       0.029184888228065572     1.5788250114058267       0.14181186733204623      302662.058769508         -228433.3042513896       1.1794718332585543       0.4432225113300375
0.039654592071861554      0.03570612603079173      1.6028345299238893       0.241423616116197        320858.40902382275       -152939.48420841017      1.1794718332585543       0.4432225113300375
0.038251051736525946      0.04248209676396464      1.6162415417537013       0.3509016059564851       331019.3242848039        -69968.23067104754       1.1794718332585543       0.4432225113300375
0.046201430355667907      0.03356730400807058      1.5072303846630668       0.2169289757186481       248401.8742698439        -171503.49896330698      1.1794718332585543       0.4432225113300375
0.04564295835543283       0.04110645275124713      1.5129994674816878       0.3157768968109825       252774.15068741553       -96588.56917186583       1.1794718332585543       0.4432225113300375
0.04407616854622953       0.04895154439316335      1.512932222300006        0.4218821065916029       252723.18686330225       -16173.480484302718      1.1794718332585543       0.4432225113300375
0.1340295194333308        0.1412376437798025       0.2216318463420132       0.07303865045479165      -725928.4219468756       -280555.196719704        1.1794718332585543       0.4432225113300375
0.1302864203641333        0.14469772896870342      -0.17759799269963683     -0.057294871218252       -1028497.0043909724      -379332.45493322576      1.1794718332585543       0.4432225113300375
0.1308852173698049        0.13931746482826468      0.14286420030952818      0.24907680999860288      -785624.8991934599       -147139.27641400282      1.1794718332585543       0.44322251133003754
0.1265891426418155        0.14059148605949812      0.041592326833590786     0.45024887224070786      -862376.895669043        5325.14319467075         1.1794718332585543       0.4432225113300375
0.13768076136483268       0.13768076136483268      0.3633063089650294       0.16231081891890858      -618556.0836785851       -212897.5448549582       1.1794718332585543       0.4432225113300375
0.13371294594005273       0.13609795149351916      0.29509513651831115      0.2423439836924461       -670252.0135309133       -152241.95540259324      1.1794718332585543       0.4432225113300375
0.05313706107858879       0.03860633468681317      1.4243365256022826       0.27755213551283336      185578.2198818121        -125558.37731047637      1.1794718332585543       0.4432225113300375
0.052537446343723294      0.0473253106246793       1.416520200637816        0.37709222827104266      179654.3781917768        -50118.8639852631        1.1794718332585543       0.4432225113300375
0.05078677767325231       0.05640443087176185      1.4061332217461573       0.48344453866840614      171782.28755178303       30483.497486089163       1.1794718332585543       0.4432225113300375
0.12196491952074262       0.13545576598987205      0.2355416774166883       0.5456762468220475       -715386.4296939814       77647.70686563307        1.1794718332585543       0.4432225113300375
0.12784216372544954       0.13374898047786532      0.27446780094526335      0.400392393576357        -685885.0726702744       -32460.118827172373      1.1794718332585543       0.4432225113300375
0.1415238416140313        0.1337272835094115       0.44436742986455496      0.20687718424883386      -557121.4261370173       -179121.55753163973      1.1794718332585543       0.4432225113300375
0.13648303211919596       0.13210277020893652      0.3932193130239349       0.26676528681825373      -595885.5957800006       -133733.52154917494      1.1794718332585543       0.4432225113300375
0.06110773570005599       0.044397368776202116     1.3320438067002944       0.3275452404131928       115631.35119303968       -87669.56890379133       1.1794718332585543       0.4432225113300375
0.060473974204135916      0.05448573189598207      1.312533641151384        0.4295262376345481       100844.9736328           -10380.141240841089      1.1794718332585543       0.4432225113300375
0.05851503960787762       0.06498753529423479      1.2925373475705417       0.5392847524392934       85690.16902847728        72803.7167477312         1.1794718332585543       0.4432225113300375
0.11626221614868112       0.1291222722565019       0.386371016034746        0.6173409849332984       -601075.787768528        131961.02741702218       1.1794718332585543       0.4432225113300375
0.12341728177434773       0.1269803351248542       0.3969707941950403       0.496251694848807        -593042.4206738217       40189.79373875924        1.1794718332585543       0.4432225113300375
0.1391016249175064        0.1271034412055648       0.46658854592130905      0.2908398841448501       -540280.4715586788       -115487.8493231047       1.1794718332585543       0.4432225113300375
0.1460365097248507        0.1287840127010474       0.5080604487252866       0.23228535198070951      -508849.7176030614       -159865.19805813502      1.1794718332585543       0.4432225113300375
0.07028383028990322       0.051064191736726036     1.2303128835359136       0.3690509808413432       38531.449826787226       -56213.17006650911       1.1794718332585543       0.4432225113300375
0.0696130005821367        0.06273555183485148      1.1989920910952119       0.47494199195535397      14794.026310153966       24039.58158965106        1.1794718332585543       0.4432225113300375
0.06742707684308602       0.074885355380281        1.1677499385713512       0.5910713720569771       -8883.797532719094       112051.7953104649        1.1794718332585543       0.4432225113300375
0.10924448095361942       0.12132828772310911      0.531231953344888        0.6636845412541098       -491288.4818931268       167083.9134594736        1.1794718332585543       0.4432225113300375
0.11720147739289434       0.11843925492807704      0.5242155797945567       0.5574752441061375       -496606.05586033844      86589.93896701765        1.1794718332585543       0.4432225113300375
0.11102048543007732       0.11050766686207776      0.6301028491672854       0.5848090148341243       -416356.1399976107       107305.67575130184       1.1794718332585543       0.44322251133003754
0.10029573108763114       0.11138969412986646      0.6887513424770835       0.6830260573053786       -371907.5799254854       181742.47482352445       1.1794718332585543       0.4432225113300375
0.15146860873364135       0.12234886459749034      0.5813395903215011       0.23482821079798147      -453312.8718384497       -157938.0144850224       1.1794718332585543       0.4432225113300375
0.14302954034526452       0.11776294601349604      0.5583509841278683       0.31923955477191024      -470735.4923646859       -93964.28759701751       1.1794718332585543       0.4432225113300375
0.08084109436005532       0.05873449306307451      1.118436455473211        0.40218208852592907      -46257.53370485082       -31103.743599310426      1.1794718332585543       0.4432225113300375
0.08013694140332149       0.07225599782509112      1.072816668577375        0.5129013015328286       -80831.8888823326        52808.208997320646       1.1794718332585543       0.4432225113300375
0.07769584565703061       0.08628997853693555      1.025668120278774        0.6380178750025666       -116564.86279342447      147631.6429517448        1.1794718332585543       0.4432225113300375
0.09221236555805852       0.08328692955770606      0.930036299018706        0.5397553393181177       -189042.37265256947      73160.36545210773        1.1794718332585543       0.4432225113300375
0.08933588215794412       0.09921754874791873      0.8586017213041842       0.6739181879781908       -243181.25908565635      174839.79661182454       1.1794718332585543       0.4432225113300375
0.1061368475643879        0.09654635512201545      0.7623054080315571       0.545378415588276        -316162.3746040579       77421.9863272432         1.1794718332585543       0.4432225113300375
0.15016486049521083       0.1158889449749708       0.6109812921112219       0.3055823648143176       -430847.9986884975       -104314.80802795016      1.1794718332585543       0.4432225113300375
0.15752369897474602       0.11444766647386742      0.7562064188262378       0.2866129388534769       -320784.6806987753       -118691.36950072886      1.1794718332585543       0.4432225113300375
0.14826453163502246       0.10772048762764001      0.5981877455278138       0.3451687824280583       -440543.9804905252       -74313.02687306012       1.1794718332585543       0.4432225113300375
0.1354248166195462        0.11107594364106892      0.5740500521697879       0.3845580619005424       -458837.47197988833      -44460.65290699356       1.1794718332585543       0.4432225113300375
0.13651999894287625       0.09918758515524652      0.6330569480359872       0.3741470096962464       -414117.2855341057       -52350.98824557211       1.1794718332585543       0.4432225113300375
0.09296726011567455       0.06754466818617413      0.9955164445855944       0.42471018626670437      -139416.23531282097      -14030.133533111673      1.1794718332585543       0.4432225113300375
0.10692298556149234       0.07768409623172734      0.8612400122067555       0.43108916037853756      -241181.74937871075      -9195.632286666516       1.1794718332585543       0.4432225113300375
0.12216147179722231       0.08875550454440949      0.7287918134644779       0.4133745083914011       -341561.6804903833       -22621.224805263835      1.1794718332585543       0.4432225113300375
0.12222389015185381       0.10483474240732074      0.6316551090670718       0.47025656094831003      -415179.7122070663       20488.583945426864       1.1794718332585543       0.4432225113300375
0.13294310144913307       0.13153071510128767      0.3604972511040746       0.320658000558498        -620685.0143643094       -92889.2749377636        1.1794718332585543       0.44322251133003754
0.1347063004077898        0.12794688554974834      0.42322681809535967      0.3281461043814417       -573143.487389656        -87214.18571011214       1.1794718332585543       0.44322251133003754
0.13003366357158197       0.12678942266047244      0.41069321034176637      0.396017685372864        -582642.4665742241       -35775.62566131798       1.1794718332585543       0.4432225113300375
0.13489437276559862       0.12183818649769024      0.489653321271897        0.3613249354667106       -522800.12389986846      -62068.590599485615      1.1794718332585543       0.4432225113300375
0.12719925037930377       0.11832631420991392      0.5079774193797477       0.4478884606263042       -508912.6439400337       3536.2328319857093       1.1794718332585543       0.4432225113300375
0.027130632443528584      0.017135718807714695     1.5104091316676624       -0.17790189533826486     513959.56375310465       -851797.4910893828       0.8322554639814956       0.9460184156098366
0.024270509831248427      0.017633557568774192     1.3420636654102318       -0.348246759603385       386373.78707700956       -980898.5728899152       0.8322554639814956       0.9460184156098366
0.025980762113533142      0.014999999999999989     1.4020395446068894       -0.08494281471623359     431828.34726953536       -781345.5997261718       0.8322554639814955       0.9460184156098365
0.027406363729278026      0.012202099292274005     1.600294064674392        0.06371156965986569      582081.6180269374        -668683.3136036061       0.8322554639814956       0.9460184156098366
0.0287461465447893        0.015495274341840504     1.5211121432370405       -0.10769368217340507     522071.1694542297        -798588.042656826        0.8322554639814957       0.9460184156098367
0.027031771461271347      0.01963973157393525      1.6428756191123242       -0.21503844529309038     614353.3555190017        -879942.564873619        0.8322554639814955       0.9460184156098365
0.030434371552296176      0.013550255234420334     1.5258197727092437       -0.10618726212934944     525638.9908863548        -797446.3560073776       0.8322554639814955       0.9460184156098365
0.02979672368413981       0.018489090310580793     1.584499520293787        -0.11472589225112217     570111.2379695204        -803917.6188222036       0.8322554639814957       0.9460184156098367
0.030542964240570226      0.022190762452121225     1.671646240432003        -0.06534722012722945     636158.0536087728        -766494.4771468156       0.8322554639814955       0.9460184156098365
0.03146455588214393       0.016480575897158237     1.5512980761184334       -0.0821928090629532      544948.504834772         -779261.4235678373       0.8322554639814956       0.9460184156098366
0.034120847676594346      0.015191580152662915     1.5284299984296084       -0.05819633236955165     527617.2305338862        -761074.9574604835       0.8322554639814955       0.9460184156098365
0.033630017709477794      0.019365993642904217     1.5841419858442574       -0.03902831307614718     569840.2695172904        -746547.8859375019       0.8322554639814957       0.9460184156098367
0.034929829912059604      0.025378006927105057     1.6471781696653078       0.05322555915883542      617614.1754638118        -676630.4583871894       0.8322554639814955       0.9460184156098365
0.03874411345766209       0.01724999069819965      1.5199787768512134       0.0020660233302438233    521212.21296547446       -715403.2822605573       0.8322554639814955       0.9460184156098365
0.03954423180633642       0.022865224906738008     1.5608959400171434       0.06222283757022903      552222.5404662143        -669811.5948941071       0.8322554639814957       0.9460184156098367
0.04016955250808144       0.029184888228065572     1.5914095667772818       0.1497069726815882       575348.2287068678        -603509.0589650973       0.8322554639814955       0.9460184156098365
0.04443774989259741       0.019784960962750682     1.4911067390327635       0.06295886626512015      499330.65327051067       -669253.7729653005       0.8322554639814955       0.9460184156098365
0.04564730547863347       0.026409599280379167     1.5092585090437574       0.13631165166272732      513087.5290948767        -613661.113986309        0.8322554639814957       0.9460184156098367
0.046201430355667907      0.03356730400807058      1.5194530016541528       0.2251637022185533       520813.73810086836       -546321.8613681629       0.8322554639814955       0.9460184156098365
0.051174227558557814      0.022784234057576545     1.4411584230959171       0.11654294632922824      461475.78955401154       -628643.433854659        0.8322554639814955       0.9460184156098365
0.052575666152036744      0.030416668761890284     1.441456700449107        0.19569850199014652      461701.8481976902        -568652.96739456         0.8322554639814957       0.9460184156098367
0.05313706107858879       0.03860633468681317      1.4363740896219734       0.28597116705927433      457849.835640782         -500237.05848108005      0.8322554639814955       0.9460184156098365
0.058935410873847335      0.026239735501481443     1.375197852758345        0.16073247620494924      411485.5475617009        -595153.0428421448       0.8322554639814955       0.9460184156098365
0.06054341165787652       0.03502430632698323      1.3610768666769613       0.24399703718451463      400783.52500844334       -532048.4406313143       0.8322554639814957       0.9460184156098367
0.06110773570005599       0.044397368776202116     1.3439737105974527       0.3360779390103789       387821.3734249862        -462262.10401252477      0.8322554639814955       0.9460184156098365
0.06787268887911778       0.0302188680380049       1.2964403415444605       0.19658647259126272      351796.7512983433        -567979.9916303317       0.8322554639814955       0.9460184156098365
0.06971201229497802       0.04034368392837209      1.2700306535388408       0.28333750970694477      331781.35895734746       -502233.0565098114       0.8322554639814957       0.9460184156098367
0.07028383028990322       0.051064191736726036     1.2421777915362007       0.3776748599907722       310672.21292412543       -430736.60119617917      0.8322554639814955       0.9460184156098365
0.0781617533697509        0.034799854694224225     1.2070370667409975       0.22483671169816485      284039.7364717994        -546569.681166563        0.8322554639814955       0.9460184156098365
0.08028062736598868       0.04649668300498981      1.1689763381787506       0.3144618361502804       255194.24557484445       -478644.5307771321       0.8322554639814957       0.9460184156098367
0.08084109436005532       0.05873449306307451      1.1302540421799627       0.41089936312986336      225847.36549829878       -405556.39211828145      0.8322554639814955       0.9460184156098365
0.1558610476190947        0.10341295956129722      0.6059785358513555       0.343827148748735        -171490.9124741016       -456389.12765578553      0.8322554639814956       0.9460184156098366
0.15752369897474602       0.11444766647386742      0.6346151929688825       0.4687197760439559       -149787.74326513914      -361735.418180699        0.8322554639814956       0.9460184156098366
0.14826453163502246       0.10772048762764001      0.6122710287709965       0.3444071510340703       -166721.95365252253      -455949.5551285679       0.8322554639814955       0.9460184156098365
0.09000429703426864       0.040072494840686396     1.1086598862718484       0.24530933565103538      209481.57190461582       -531053.8749753208       0.8322554639814955       0.9460184156098365
0.09254327746850137       0.05359527235951786      1.0578502350019212       0.3360413619757381       170973.9187789761        -462289.82504046155      0.8322554639814957       0.9460184156098367
0.09296726011567455       0.06754466818617413      1.0072354621555666       0.43350319529500864      132613.9602457818        -388425.3843949363       0.8322554639814955       0.9460184156098365
0.16329871306758217       0.10604486979798416      0.5676439528059386       0.3522381680092912       -200543.95239336285      -450014.578647411        0.8322554639814955       0.9460184156098365
0.1341622269955075        0.08501573771593719      0.7112562251083474       0.3530545339578257       -91702.9856048502        -449395.8706660721       0.8322554639814956       0.9460184156098366
0.13651999894287625       0.09918758515524652      0.6452772823393204       0.3824765298955756       -141707.15170803087      -427097.50833691703      0.8322554639814955       0.9460184156098365
0.12216147179722231       0.08875550454440949      0.740867860300639        0.42081275642667104      -69260.89934824494       -398043.22285161         0.8322554639814955       0.9460184156098365
0.14657633235579495       0.09411214967131377      0.6415543150293794       0.3392960170287688       -144528.71670968152      -459823.1848511813       0.8322554639814957       0.9460184156098367
0.10366214399824125       0.046153360088601096     1.0029593495467006       0.2567912597054483       129373.17710807423       -522351.9465492942       0.8322554639814955       0.9460184156098365
0.10740454581155887       0.06238753091163256      0.9317350783144552       0.3462788351728931       75393.67789507571        -454531.04187809007      0.8322554639814957       0.9460184156098367
0.10692298556149234       0.07768409623172734      0.8730854809343782       0.4395122286553597       30944.281069414963       -383871.2540972984       0.8322554639814955       0.9460184156098365
0.12556295907670117       0.07123425222552987      0.8017063013216844       0.3277099273991916       -23152.620212510992      -468604.05835429067      0.8322554639814957       0.9460184156098367
0.1686245930708991        0.09735363738286118      0.5749990973186813       0.3182978110081784       -194969.63045832372      -475737.3195380335       0.8322554639814955       0.9460184156098365
0.1596458186778111        0.09554634062457863      0.5995555300658956       0.3219597059956076       -176358.78447535774      -472962.0400697822       0.8322554639814957       0.9460184156098367
0.11938274082482457       0.05315262074596634      0.8927717220279715       0.2567433717134764       45864.102883434934       -522388.2399332803       0.8322554639814955       0.9460184156098365
0.13734540914055204       0.06115011594481098      0.7826541361593894       0.24158282082329083      -37591.88812766558       -533878.1285721816       0.8322554639814955       0.9460184156098365
0.1656605045168334        0.0893577394169601       0.579010547681855        0.296022208922411        -191929.42972371954      -492619.5680251669       0.8322554639814956       0.9460184156098366
0.17348730267055112       0.08839762390526416      0.5459284054096231       0.3130291626954309       -217001.74625083883      -479730.3263113028       0.8322554639814955       0.9460184156098365
0.14351185581175008       0.0760098777238325       0.7072795846143349       0.2843316426453419       -94716.80461209542       -501479.62236106675      0.8322554639814957       0.9460184156098367
0.15388403695944392       0.06851358746542338      0.690910461304541        0.21678982384362613      -107122.64693987851      -552668.2620168295       0.8322554639814955       0.9460184156098365
0.1672923341267144        0.0744833459854334       0.6106800893696406       0.18249725917253637      -167927.69589007224      -578657.9342963649       0.8322554639814955       0.9460184156098365
0.15785372143666235       0.08299668791705536      0.6249641791126528       0.2721382448635786       -157102.06022260268      -510720.7629803685       0.8322554639814957       0.9460184156098367
0.16843405976167042       0.08288621779960041      0.5648720137317195       0.24943912731437234      -202644.75146770358      -527923.9856555123       0.8322554639814956       0.9460184156098366
0.17787643605759082       0.07919569177328904      0.35107624080117855      0.2511373292182773       -364676.43753459887      -526636.9512394429       0.8322554639814956       0.9460184156098366
0.030089348124554244      0.01118551688798101      1.582770245136463        -0.10462793008334563     258871.7745110754        -243652.6066990247       1.2411969858256489       0.21686411039479125
0.027406363729278026      0.012202099292274005     1.789383799298202        -0.1745919523364106      415460.19572357927       -296676.98755696113      1.2411969858256489       0.21686411039479125
0.02857569215668153       0.009133992433025585     1.5177037986680209       -0.18878248771037817     209559.17172594802       -307431.72017547226      1.2411969858256489       0.21686411039479125
0.02934442802201417       0.006237350724532779     1.4410639076041691       -0.1065180217405528      151475.27886482235       -245085.07065207837      1.2411969858256489       0.21686411039479125
0.031144937526081846      0.00911387770159102      1.528920588384085        -0.10104897423217755     218060.1599589667        -240940.18519987678      1.2411969858256489       0.21686411039479125
0.030434371552296176      0.013550255234420334     1.5914214810082996       -0.057350634065432206    265428.3790484884        -207822.05737869279      1.2411969858256489       0.21686411039479125
0.03221491021257653       0.006847490549293749     1.4912332482504642       -0.06811468288228852     189497.6529387223        -215979.92203052682      1.2411969858256489       0.21686411039479125
0.03287281511495298       0.01186648981510963      1.5693639548396991       -0.05689052676012025     248711.40608605221       -207473.35094063045      1.2411969858256489       0.21686411039479125
0.034120847676594346      0.015191580152662915     1.5979995174227488       -0.024868776722769558    270413.74576847913       -183204.68520302358      1.2411969858256489       0.21686411039479125
0.03376991941701552       0.009400251806906474     1.5327591592113983       -0.05326828481146242     220969.3386331348        -204728.12374442228      1.2411969858256489       0.21686411039479125
0.0358851743795751        0.007627629281051653     1.5144968580885012       -0.028431776546843906    207128.6934143644        -185905.0139374854       1.2411969858256489       0.21686411039479125
0.03673175985189115       0.011545771687486318     1.5499753740176003       -0.0156272093481375      234017.17524141519       -176200.67982402604      1.2411969858256489       0.21686411039479125
0.03874411345766209       0.01724999069819965      1.5908229692988904       0.03296060935563186      264974.7785863417        -139376.9106775606       1.2411969858256489       0.21686411039479125
0.0405784537477257        0.008625216606502596     1.5175719374871977       0.006001069088531735     209459.23668437675       -159809.025425151        1.2411969858256489       0.21686411039479125
0.04245666236399831       0.013818151384712818     1.5414672636769338       0.03850666648223952      227569.04277908974       -135173.66112341944      1.2411969858256489       0.21686411039479125
0.04443774989259741       0.019784960962750682     1.5617246268792329       0.09393697704231374      242921.7070060124        -93164.09958649233       1.2411969858256489       0.21686411039479125
0.04649887840124141       0.009883641714480328     1.5012648512465656       0.037459412896196566     197100.41105284137       -135967.35438479777      1.2411969858256489       0.21686411039479125
0.04911915051847149       0.016013557586863892     1.5075310708329432       0.08462123357681921      201849.45782270437       -100224.32159177556      1.2411969858256489       0.21686411039479125
0.051174227558557814      0.022784234057576545     1.5116702037711571       0.1475493434481749       204986.42671428187       -52532.32280388909       1.2411969858256489       0.21686411039479125
0.053629725722362215      0.011399350102851653     1.464148553545111        0.0655367879369637       168970.68606018988       -114688.05425725924      1.2411969858256489       0.21686411039479125
0.056617661722046575      0.018458393553371477     1.455783107492091        0.1223108332076388       162630.6761053959        -71660.10214225455       1.2411969858256489       0.21686411039479125
0.058935410873847335      0.026239735501481443     1.4456446713904618       0.19182379968908755      154946.95124446414       -18977.567739855498      1.2411969858256489       0.21686411039479125
0.061883988241077506      0.013153847762951514     1.4094526810572672       0.08896533381324893      127517.74094988329       -96932.01194456383       1.2411969858256489       0.21686411039479125
0.06530580743566836       0.0213218542842373       1.3885834081649155       0.15364150509852975      111701.32219011437       -47915.19118118028       1.2411969858256489       0.21686411039479125
0.06787268887911778       0.0302188680380049       1.3668336269958523       0.22775401148981697      95217.58321762194        8253.245662167552        1.2411969858256489       0.21686411039479125
0.07140747549698687       0.015178127469175882     1.3404373535925604       0.10792807118785287      75212.35754457908        -82560.5196220798        1.2411969858256489       0.21686411039479125
0.07551746154799924       0.024640414871110402     1.3074143838518977       0.17865985133889042      50184.886736004926       -28954.269885285332      1.2411969858256489       0.21686411039479125
0.0781617533697509        0.034799854694224225     1.2773849148630907       0.25603041887073386      27426.132316988584       29683.38855527741        1.2411969858256489       0.21686411039479125
0.08239362416467177       0.017513305455974678     1.2599899987889438       0.12258640497622575      14242.861469992591       -71451.25162250602       1.2411969858256489       0.21686411039479125
0.0873734955019036        0.028525440603816118     1.2155724154381649       0.19746698107552527      -19420.366865591768      -14700.709585494827      1.2411969858256489       0.21686411039479125
0.09000429703426864       0.040072494840686396     1.17898259473624         0.2764624858634343       -47151.0851111038        45168.45740991094        1.2411969858256489       0.21686411039479125
0.0950783789673212        0.02020953332245314      1.170806489686499        0.13277379814676007      -53347.59717731752       -63730.42314483388       1.2411969858256489       0.21686411039479125
0.10092894746854028       0.032893495934431846     1.1171494721581678       0.20851650955850828      -94013.2141830431        -6326.4854097736925      1.2411969858256489       0.21686411039479125
0.10366214399824125       0.046153360088601096     1.0731876669518134       0.2877644039650744       -127331.01706796861      53733.96280179565        1.2411969858256489       0.21686411039479125
0.10971439527938541       0.023320514626291866     1.0760189025727103       0.13793582761043335      -125185.27828642757      -59818.22073755002       1.2411969858256489       0.21686411039479125
0.11718054393493503       0.03824850874324054      1.0101095476693394       0.21163131232403642      -175136.7050905682       -3965.8365674398133      1.2411969858256489       0.21686411039479125
0.11938274082482457       0.05315262074596634      0.962880878217295        0.287213508401589        -210930.40127602572      53316.44969676663        1.2411969858256489       0.21686411039479125
0.12657438280623465       0.0269042156047984       0.9794165047761799       0.13706453806592941      -198398.3693523677       -60478.55425122663       1.2411969858256489       0.21686411039479125
0.13734540914055204       0.06115011594481098      0.8525358131095954       0.2731644146954959       -294558.7944078704       42668.91298588117        1.2411969858256489       0.21686411039479125
0.13759019797556907       0.04287037532375323      0.8996194913830544       0.19259002566673805      -258874.9842356348       -18396.85987381504       1.2411969858256489       0.21686411039479125
0.14836807676479538       0.05500043890457191      0.8261433220261107       0.21529075508113324      -314561.15353380074      -1192.4155971836765      1.2411969858256489       0.21686411039479125
0.15388403695944392       0.06851358746542338      0.7608741313790164       0.25047876625683485      -364027.41221519286      25475.89828941521        1.2411969858256489       0.21686411039479125
0.1672923341267144        0.0744833459854334       0.6777972020313726       0.22741212803404823      -426989.8120369722       7994.138795753592        1.2411969858256489       0.21686411039479125
0.1735184299654577        0.06841640987750301      0.6968012832816196       0.15521937338916278      -412586.98598984454      -46719.355285931684      1.2411969858256489       0.21686411039479125
0.17787643605759082       0.07919569177328904      0.5329118094804319       0.019758349678471038     -536795.6520669336       -149382.64823757467      1.2411969858256489       0.21686411039479125
0.14563151985488137       0.03095493513113314      0.8874965671427639       0.12841179108371883      -268062.71431930526      -67036.30402999946       1.2411969858256489       0.21686411039479125
0.16250238249751187       0.06137882622620014      0.7569220162929735       0.190948151344763        -367022.6438895347       -19641.20470371019       1.2411969858256489       0.21686411039479125
0.1817793969601806        0.06977273780491237      0.7157968622130833       0.08293848078099536      -398190.60368586966      -101499.64742728542      1.2411969858256489       0.21686411039479125
0.15548270212574586       0.04509082390352028      0.8260712577360652       0.1620895869140945       -314615.7696670442       -41512.55317836177       1.2411969858256489       0.21686411039479125
0.16430582951875614       0.034924282184847624     0.8176092173304846       0.11424384208534998      -321028.9866155753       -77773.91887078171       1.2411969858256489       0.21686411039479125
0.18518171971610145       0.06016406554569933      0.7486407048329523       0.11383834925940145      -373298.88986165816      -78081.23405001032       1.2411969858256489       0.21686411039479125
0.1751584424302663        0.060001106055132876     0.7405268596665806       0.1382002152760424       -379448.21636504075      -59617.84643338716       1.2411969858256489       0.21686411039479125
0.16810003501313187       0.04809179195941407      0.7847903095298827       0.14095204609853132      -345901.80282197037      -57532.287014569294      1.2411969858256489       0.21686411039479125
0.17897297784089722       0.03804188080170617      0.7796480243398356       0.10142514856629697      -349799.0414257047       -87488.95904953088       1.2411969858256489       0.21686411039479125
0.18807584596831295       0.050393057689560705     0.7561447357413206       0.11490201822798563      -367611.72980365274      -77275.09988732636       1.2411969858256489       0.21686411039479125
0.17787735750224706       0.049504593228063457     0.764548331601501        0.12361270678698773      -361242.80684701307      -70673.43730685397       1.2411969858256489       0.21686411039479125
0.18384532516258412       0.04460550425961406      0.7630408359969365       0.10907957323748033      -362385.3086429928       -81687.81846408619       1.2411969858256489       0.21686411039479125
0.1904551193388793        0.04048248531912591      0.7457047094911307       0.10410496983747905      -375524.02401187585      -85457.97427852405       1.2411969858256489       0.21686411039479125
0.031564694301263234      0.0047191479725695405    1.4500445845289964       -0.05195807372225771     151055.27897749247       -154988.6519315294       1.2507318395459046       0.15254463460285117
0.02934442802201417       0.006237350724532779     1.442185085459181        -0.12033412878643546     145098.7164670769        -206809.54313432705      1.2507318395459046       0.15254463460285117
0.029820323188818297      0.0032784638040437046    1.399903308298985        -0.03352291046140935     113054.17438252829       -141016.99783786215      1.2507318395459046       0.15254463460285117
0.03                      0                        1.4642481278715347       0.04842485221898011      161819.87008408736       -78910.3716192644        1.2507318395459046       0.15254463460285117
0.0324890517071504        0.002554649384259878     1.4525824498995592       -0.02051910849663251     152978.67811381072       -131161.66754413676      1.2507318395459046       0.15254463460285117
0.03221491021257653       0.006847490549293749     1.4864322702614434       -0.06768836720023476     178632.80303460374       -166910.33747108295      1.2507318395459046       0.15254463460285117
0.03334435082012214       0                        1.4603994144133787       -0.0025646359889976897   158903.00450594537       -117554.31968605286      1.2507318395459046       0.15254463460285117
0.0346603981608201        0.004919763993005875     1.4836152443877895       -0.029705545690043546    176497.83354598578       -138123.89082382535      1.2507318395459046       0.15254463460285117
0.0358851743795751        0.007627629281051653     1.510355033579933        -0.02891846868591416     196763.40319915177       -137527.38036762938      1.2507318395459046       0.15254463460285117
0.03525412693585425       0.002361833202391463     1.4757865928483929       -0.012125922423615033    170564.64978294316       -124800.6339640854       1.2507318395459046       0.15254463460285117
0.03747780233453778       0                        1.4825773131766802       -3.6997349684024977E-4   175711.20553247444       -115891.02738107555      1.2507318395459046       0.15254463460285117
0.038299031656640836      0.004334752634691565     1.4930012003780337       -0.008235285656560778    183611.26826736843       -121851.99552002942      1.2507318395459046       0.15254463460285117
0.0405784537477257        0.008625216606502596     1.513573243040315        0.0050945243864806795    199202.4219778419        -111749.59000181018      1.2507318395459046       0.15254463460285117
0.04268502883149626       0                        1.4862033357833306       8.363911807976835E-4     178459.298016338         -114976.7468971825       1.2507318395459046       0.15254463460285117
0.04474656828890053       0.004692820474069973     1.488459393859505        0.01178329885179788      180169.12084836452       -106680.29705237171      1.2507318395459046       0.15254463460285117
0.04649887840124141       0.009883641714480328     1.4971769629201102       0.036727454823393714     186775.99802807998       -87775.60312792077       1.2507318395459046       0.15254463460285117
0.04903987676745661       0                        1.4691253474686488       3.996927409055477E-4     165516.22059563702       -115307.7122083699       1.2507318395459046       0.15254463460285117
0.05161732821309855       0.005356276847020194     1.4613519028723687       0.026387486113285508     159624.877108261         -95612.06565948862       1.2507318395459046       0.15254463460285117
0.053629725722362215      0.011399350102851653     1.4600887512051752       0.06462638260115638      158667.55886202957       -66631.54473366022       1.2507318395459046       0.15254463460285117
0.0564356993950052        0                        1.432206109602486        2.9086050508247974E-4    137535.8434452309        -115390.19405741268      1.2507318395459046       0.15254463460285117
0.05942577788903436       0.006166705526071674     1.4164587029202889       0.038594998819191186     125601.188138802         -86360.22761186003       1.2507318395459046       0.15254463460285117
0.061883988241077506      0.013153847762951514     1.4054232700887106       0.08794899123883755      117237.64678497224       -48955.79020754263       1.2507318395459046       0.15254463460285117
0.06494928905778874       0                        1.3788621952165372       2.0769892434737333E-4    97107.52126239939        -115453.22061288566      1.2507318395459046       0.15254463460285117
0.06850997093973962       0.007115737686130102     1.355719073420875        0.04876133594245049      79567.79634641141        -78655.35710564403       1.2507318395459046       0.15254463460285117
0.07140747549698687       0.015178127469175882     1.3364167607399728       0.10683654924476943      64938.94645940699        -34641.27487621425       1.2507318395459046       0.15254463460285117
0.07474446376431594       0                        1.3121163073245015       1.4129633465690775E-4    46522.10226680416        -115503.54585280635      1.2507318395459046       0.15254463460285117
0.07902572481963337       0.008152170215353667     1.2821604854906752       0.056391805677141665     23819.163603787          -72872.37150379068       1.2507318395459046       0.15254463460285117
0.08239362416467177       0.017513305455974678     1.2559671467433313       0.12141320897128205      3967.738186071627        -23593.906070295023      1.2507318395459046       0.15254463460285117
0.08600979297684687       0                        1.2348644022807396       1.016186022916125E-4     -12025.624166436028      -115533.61683964737      1.2507318395459046       0.15254463460285117
0.09116242017588984       0.009434215399019131     1.1988851896012303       0.062390192416535824     -39293.57438785746       -68326.31007449802       1.2507318395459046       0.15254463460285117
0.0950783789673212        0.02020953332245314      1.1667884044462646       0.13148708488553082      -63619.107791530434      -15959.110128166076      1.2507318395459046       0.15254463460285117
0.09898501801508527       0                        1.1499234128468003       8.909200910959629E-5     -76400.75911656876       -115543.11050262365      1.2507318395459046       0.15254463460285117
0.10548198211178055       0.0107302834003333       1.1071833929139738       0.0647240671693207       -108792.59454588052      -66557.51148657856       1.2507318395459046       0.15254463460285117
0.10971439527938541       0.023320514626291866     1.071979228869354        0.1364166863401219       -135473.1503797817       -12223.060418779574      1.2507318395459046       0.15254463460285117
0.11389060638594013       0                        1.0607523287194678       1.439183894024846E-4     -143981.80111527457      -115501.55864816911      1.2507318395459046       0.15254463460285117
0.12233852125324635       0.012442032370465973     1.0108645441735666       0.06523492579541525      -181790.78925995855      -66170.34160294008       1.2507318395459046       0.15254463460285117
0.12657438280623465       0.0269042156047984       0.9752998117460604       0.13516987613879264      -208744.61290556923      -13167.993783726959      1.2507318395459046       0.15254463460285117
0.13081081190462224       0                        0.9721586084599981       3.888180333707821E-4     -211125.2701923946       -115315.95393912627      1.2507318395459046       0.15254463460285117
0.1424172188875631        0.015595818249867695     0.9134476820359793       0.06702027826264957      -255621.1471156668       -64817.257458551256      1.2507318395459046       0.15254463460285117
0.14563151985488137       0.03095493513113314      0.8834068005180938       0.12690200898674542      -278388.5508699974       -19434.05057456232       1.2507318395459046       0.15254463460285117
0.1486458696336963        0                        0.8929239204424101       -3.726122235786962E-4    -271175.7095368865       -115893.02722109407      1.2507318395459046       0.15254463460285117
0.15831169782434523       0.021426582937953506     0.8477401447170974       0.07731406212794766      -305419.6202713583       -57015.79752863797       1.2507318395459046       0.15254463460285117
0.16430582951875614       0.034924282184847624     0.8134905980189499       0.11371647910654055      -331376.6900602483       -29427.108944659896      1.2507318395459046       0.15254463460285117
0.15650144888815337       0.009671232834405203     0.860829453480326        0.03621828531655254      -295499.4860269589       -88161.49286070856       1.2507318395459046       0.15254463460285117
0.16434777311301266       0                        0.8338540456095332       -1.7130726732322854E-4   -315943.6265248479       -115740.46208368002      1.2507318395459046       0.15254463460285117
0.1713399586415616        0.025402300850383096     0.8046438806093148       0.07978406168541516      -338081.44627872715      -55143.83258099158       1.2507318395459046       0.15254463460285117
0.17897297784089722       0.03804188080170617      0.7750805090301065       0.10266352588326912      -360486.95447536255      -37803.92866488441       1.2507318395459046       0.15254463460285117
0.17681185681975056       0                        0.7900317104107488       -2.6850371958172153E-4   -349155.7277854027       -115814.12539714637      1.2507318395459046       0.15254463460285117
0.16967421115515596       0.012010928377084281     0.8148132341564739       0.040787879270530535     -330374.2896831106       -84698.28588119219       1.2507318395459046       0.15254463460285117
0.1862434896700366        0.03401438502170761      0.7661015242717351       0.086062853440366        -367291.9535622273       -50385.25760744364       1.2507318395459046       0.15254463460285117
0.1904551193388793        0.04048248531912591      0.7467492480448741       0.08048390422484172      -381958.6698554879       -54613.43544034526       1.2507318395459046       0.15254463460285117
0.19213197621474665       0.031579864087991016     0.7628557553845657       0.07694062768969435      -369751.8590980696       -57298.81627515587       1.2507318395459046       0.15254463460285117
0.18290851981691308       0.02650064711125845      0.7774174386785998       0.07543388945920358      -358715.8406410021       -58440.74407195656       1.2507318395459046       0.15254463460285117
0.19338550837814053       0.022672213154610273     0.7631514138847221       0.06866076018611138      -369527.7852325125       -63573.967900590076      1.2507318395459046       0.15254463460285117
0.1867058681235471        0                        0.7492390528993149       -0.0018029062712649202   -380071.6948558762       -116977.01944854255      1.2507318395459046       0.15254463460285117
0.18206745525734297       0.009432270344285747     0.7753116640834181       0.03610211849631335      -360311.7665260519       -88249.53344958635       1.2507318395459046       0.15254463460285117
0.19419718871432187       0.01412218097370222      0.7581693707669361       0.06271714314818637      -373303.5794653343       -68078.52043121375       1.2507318395459046       0.15254463460285117
0.1857308100393779        0.017367432104936846     0.7721468120469134       0.058513899788095874     -362710.34674397676      -71264.07737300705       1.2507318395459046       0.15254463460285117
0.1945959674190268        0.006662849559537543     0.7360940804988272       0.06397794763714168      -390034.0154956103       -67122.98106602477       1.2507318395459046       0.15254463460285117
0.18978680449103594       0.006711938857471612     0.7475486961244832       0.03976340859519937      -381352.7836001778       -85474.71241467622       1.2507318395459046       0.15254463460285117
0.19471                   0                        0.6676166895811818       0.054143648521995755     -441931.7071840832       -74576.20638040442       1.2507318395459046       0.15254463460285117
0.1783441909820703        0.018142715757589682     0.7891933502490712       0.05815083112000484      -349791.1047559851       -71539.24010257123       1.2507318395459046       0.15254463460285117
0.18783926168144385       0.011797907301502191     0.7618005802859775       0.048713041175717134     -370551.55592077336      -78691.95877636348       1.2507318395459046       0.15254463460285117
