% Model:              
% Version:            COMSOL 5.4.0.295
% Date:               Apr 16 2019, 15:38
% Dimension:          2
% Nodes:              158
% Expressions:        1
% Description:        Magnetic flux density norm
% Length unit:        m
% x                       y                        mfnc.normB (T)
0.0046634773123270775     0.14942288847038165      2.1438601652151704E-4
0                         0.15200000000000002      1.7320423050134578E-4
0                         0.14600000000000002      2.1546327056598763E-4
0.0038848850741499165     0.1441631795632208       2.2368048415337326E-4
4.286263799224919E-18     0.14                     2.2154344643773437E-4
0.006455638962440695      0.1398510805306367       2.2358739477854235E-4
0.004354694876705074      0.15500953432391446      1.5959882353848185E-4
0                         0.15800000000000003      8.537541305619765E-5
0.010808976510930332      0.1454442668022054       2.8374379182625814E-4
0.014023776387711979      0.13929584952835983      2.7896725882751815E-4
0.004495541360795388      0.160662855193439        1.015236370322592E-4
0                         0.16400000000000003      3.687243430878178E-5
0.004225404184876586      0.16561128253994126      1.2030395052896361E-4
2.7755575615628914E-17    0.17                     1.714386774113841E-4
0.02213326266617897       0.1382393528766318       6.762809853504435E-4
0.019142906031975365      0.14677865349730482      5.525395488887201E-4
0.00675218934644892       0.1698658527751523       2.3326097058980582E-4
0.03015969973309813       0.13671281034346916      0.001985955488987953
0.028141143468069004      0.1450503268824244       0.0014220523334711114
0.010104156549830955      0.16362337426083684      2.4174185328525727E-4
0.014690092568643507      0.16936410830020834      4.286158960439442E-4
0.017860952232170768      0.16206235829689744      5.166372214331648E-4
0.022994253423032584      0.16843771641030217      8.1691414331292E-4
0.035690340948923316      0.14139159162926643      0.00348177713357021
0.03807393223009734       0.1347233301419541       0.005582840644796263
0.02568932329416918       0.15911323663948948      0.0010426425668251219
0.031220787448709094      0.16710853488401645      0.0015482568780051838
0.044151491956332764      0.13941037027514613      0.009293023740607495
0.04585926654844507       0.13227595273381582      0.01469714602200338
0.05185548088013747       0.1360087589500949       0.02339987707060404
0.053497322823257254      0.12937556357652788      0.0379304171928864
0.03936147442814028       0.16538039282467218      0.0030534049273886997
0.03461153074215864       0.15930106978772857      0.0022859469467212093
0.07508411937997113       0.1252727675826594       0.2504943704911046
0.06824401593813026       0.12224055909818242      0.18159226125017355
0.07529320967662272       0.11802937166905586      0.31719958095465195
0.060966486876081576      0.12602812177442216      0.08782828365444817
0.06010060302173026       0.13487796124913293      0.055277447380210405
0.04224003354290686       0.15851839952824268      0.0045708637102466355
0.047399272079676376      0.16325841174750175      0.006331956114816403
0.08231339345446284       0.12102429712308585      0.3930732592134684
0.08207721374772112       0.11341662569222777      0.46556530914302496
0.11243363086955206       0.1275095237599502       0.5590925736427829
0.11082465592472185       0.12891041710880852      0.6125905353240714
0.11040959556209155       0.12677702083208728      0.5837775741458856
0.06868647769735751       0.13088067435398107      0.13647047119501923
0.048969450252018584      0.156381747086026        0.008929544556213394
0.05531601403443261       0.16074868146066534      0.013635584298514428
0.08940010519421245       0.11610580563660572      0.5274326822438102
0.08857519259648614       0.10841787332582847      0.6008877894037598
0.10888516554024238       0.13055275073805983      0.6445592002801099
0.1083751438140276        0.12792005646486354      0.6166549462660876
0.11375220308100592       0.12633462033115703      0.38625763843731714
0.11196071877960674       0.12561453192557773      0.5421404163047763
0.11506891484605235       0.12513650481035488      0.5336395804080821
0.11335850330388829       0.12457105379498046      0.5284246264485825
0.1147518423786721        0.12346250816953225      0.5782643652974312
0.11637300800787705       0.12392466666164         0.5991255051326094
0.056098704469534966      0.1536191354333306       0.018850694270063882
0.0631004203394881        0.15785543054637025      0.03082972332143881
0.09586649265100786       0.11050084765302651      0.642561252856705
0.09432482131224525       0.10345447348671305      0.714916113316245
0.106639771864541         0.13239319867983632      0.667551230090333
0.10596260389979717       0.12919394479436916      0.635464817721446
0.11542182525438505       0.11542182525438505      0.7103727224201247
0.11313931375190535       0.11627135140773148      0.6870377876474789
0.11382048348128021       0.11382048348128021      0.7200477725394133
0.11607448491920919       0.12231568378915447      0.620341754225833
0.11766433955796912       0.12269923877672159      0.6388951411881907
0.11497690550552896       0.11771679321443512      0.6788229381524475
0.11722937680762849       0.11722937680762849      0.7008416987568683
0.116793483951938         0.1192936528190256       0.6716506188595078
0.11889095520827861       0.11889095520827861      0.6957372672069955
0.06323884664536404       0.15011703058962272      0.042243134624480434
0.07074671756113658       0.15457975919998318      0.0764591526342173
0.07034848811504157       0.1452708110673161       0.10615262968471274
0.07825916849479349       0.15091554772952834      0.21633479302468772
0.11111794581835187       0.11471055820198439      0.6957994585277286
0.11194017624670519       0.11194017624670519      0.7315138985398879
0.09897787869094564       0.10457218843337986      0.7351675483099345
0.09899494936611666       0.09899494936611666      0.81213205957671
0.10293587730824186       0.10293587730824186      0.7837639593313562
0.1065752481836876        0.1065752481836876       0.762092601636645
0.1018630810211504        0.10846317306190968      0.7097403969649788
0.10955882205799378       0.10955882205799378      0.7454025063064416
0.10853339623655678       0.11293440827388677      0.7027274258129047
0.10539747050621714       0.11073155259780032      0.7084351253052725
0.10386539690857734       0.13458075391757787      0.6892511914152099
0.10301437869233071       0.13075935286955653      0.6455328308344088
0.11728809444903023       0.12116159863846798      0.652539985940997
0.11894276788727208       0.12146035553757659      0.6695045579256403
0.11841469149922368       0.12029126612429958      0.67557544440319
0.1202081528017131        0.1202081528017131       0.6956034414152862
0.10033659038511358       0.13723180618898045      0.7176111463242744
0.09942297221998558       0.13283182046437336      0.6501194759928877
0.09582062709791053       0.14042224689330082      0.7715093161301287
0.09496986508397454       0.13535604578784302      0.6487149248632769
0.09026814124607395       0.13791244390463925      0.6444634413508347
0.09055659638726164       0.14387321797594776      0.9259795319121586
0.08500000000000002       0.14722431864335456      1.418893768920838
0.07904359106303377       0.14294468924063958      0.32372737610080377
0.08480214742308505       0.14074224928820148      0.5623480941309903
0.00938239885373329       0.15271927696404117      2.5557570958428485E-4
0.014534949510799719      0.15137760160085845      3.91389029892353E-4
0.00828899255335971       0.15773294003594168      2.0065132756353238E-4
0.01374932981564364       0.15740112021792302      3.4951320504045545E-4
0.019591136341715967      0.15454469052281775      6.068262264067331E-4
0.024726408410069418      0.15162658374695212      9.925072680115564E-4
0.031067532914417568      0.15264601119272428      0.0017981948038693467
0.03501872068143975       0.14781396070251993      0.0028144174180195713
0.03827815780408445       0.15293917575268892      0.003615387373514738
0.0424759551769063        0.14640603058885499      0.006358317605517675
0.0442551737666776        0.15294958271606307      0.006334330877375763
0.11027559235760492       0.12179570248825419      0.6125952218515887
0.10903939805207112       0.12347412080054047      0.6042649975102267
0.10761829352487379       0.12088986827482426      0.6268011145269518
0.1050027062531646        0.12211381579574093      0.6211540429265955
0.10479190310869417       0.11997524732941478      0.6300167439451811
0.10664180602521407       0.12380481233735569      0.6151485664477705
0.10854433710267652       0.12566846604175722      0.6032629762537428
0.1103190868819645        0.12503912969156658      0.5817185881517882
0.1114912879947871        0.1234558364164572       0.5812218084951598
0.1134002844879856        0.12291151483374724      0.5820937017660502
0.11244836638403394       0.12112763614703603      0.6177007832611238
0.10231771108643006       0.12124182766877922      0.6173877782641043
0.05011278973826411       0.1432131976342454       0.015264492804102641
0.049699042533477206      0.1498772075065305       0.011739113416112307
0.05621210179185571       0.14086967253308857      0.030684570033825347
0.1103776851347947        0.11967461973167368      0.6369457709077522
0.10864393570152456       0.11832663355485847      0.6491765002928048
0.10619783176605978       0.1179136352402689       0.646965432013298
0.10282297291294272       0.11771708966746058      0.6351926175720238
0.0973540412955683        0.11909521487262492      0.59236081687564
0.10368834138019134       0.12422507871837621      0.6166613260365063
0.10602420346363473       0.1263066256080264       0.6187383034885138
0.114510631297971         0.12173782812077273      0.6140587455494381
0.11270759182081631       0.11857242161314238      0.6558193118960366
0.11454288565398733       0.11970937778664911      0.648473163354986
0.10024630170624262       0.12432451931149255      0.603518370650562
0.09641509919805379       0.1252848260646572       0.5768532703917592
0.0905494381233698        0.12409976747542258      0.5052787467029469
0.056268448129524605      0.14673475587693885      0.024624479671238143
0.07595560102770949       0.13181460851495502      0.23565549159158378
0.082668905210884         0.12907398237349976      0.36937767965253293
0.06224920359865157       0.14271229156481544      0.051610803703913265
0.06707099144714196       0.13832215761646569      0.09425507858091772
0.11071988857256589       0.1172423941717603       0.6656458910240641
0.10833285920800265       0.11589878052117135      0.6717217011120806
0.10541626015428214       0.11477882905464949      0.6697637405017373
0.10121303029591383       0.11347750802730905      0.6567802071179257
0.10288921083730528       0.12722985691243752      0.6219769900168953
0.11584592396393778       0.1209002479985174       0.6404816610405001
0.09963382612996849       0.12827276011486935      0.6130876594017943
0.0946255684145135        0.12962588163334565      0.5756659848624025
0.08969278039871027       0.13150269912803308      0.5166238444653625
0.0733835261907381        0.13760854464205013      0.17693203264442925
0.08005274716945443       0.13623329049478689      0.322314332552373
0.08576683108550166       0.13557820435450926      0.47676870207579947
