% Model:              
% Version:            COMSOL 5.2.1.229
% Date:               Aug 28 2017, 17:39
% Dimension:          2
% Nodes:              204
% Expressions:        1
% Description:        Magnetic flux density norm
% Length unit:        m
% x                       y                        mfnc.normB (T)
0.043917588960307424      0.043917588960307404     0.22558504178467217
0.04242640687119286       0.04242640687119286      0.5197095066111437
0.04445511273243143       0.04228940623521511      0.24508114584460677
0.04386371283482245       0.040938669938631794     0.2421875377725382
0.04526994115202985       0.03937807039573878      0.21101244470156952
0.04577043462850841       0.0411487168178326       0.22692588954378637
0.045794895026466914      0.0457948950264669       0.19106734935226952
0.04626581086827087       0.04332135920568128      0.2202154475591789
0.04662067893918744       0.03776919770460064      0.19156629292359387
0.04727981484609558       0.039638388965443604     0.20688365154827285
0.04789057884352979       0.04789057884352978      0.18278839186736906
0.04830646761475587       0.04522607681437837      0.20547307703395448
0.0479142680115028        0.03611402665062264      0.17873430107869417
0.0486811696028027        0.038070015229857035     0.19500188048222014
0.0491491226573395        0.03441458618106276      0.16860326127313052
0.04998654685012335       0.03632046301736262      0.18473443230144734
0.05032023407672365       0.032678342100904416     0.15978624116083873
0.05120449610683744       0.0345581906141326       0.17575575136846308
0.05143003804212592       0.030902284494604682     0.15178423105285124
0.052477182428364584      0.029088577214778803     0.14458663407341396
0.053450821193743295      0.030960865949042314     0.16003867268608027
0.0523537040598144        0.03276840677463682      0.16748076726102404
0.053460391451303595      0.027239429984369873     0.13848109477295903
0.05449857207787878       0.02911290776256345      0.15357965898374412
0.054378467222198995      0.02535709570444197      0.13401978225033206
0.055486321229781414      0.027221119809370864     0.14857155620774123
0.04965870477998682       0.04965870477998681      0.1904951167398173
0.05026716386200177       0.047083006736385914     0.2105916571888391
0.05524082327981411       0.023419040188879414     0.13217081261013527
0.05642538140090605       0.02530231579833502      0.14595811042004458
0.056034132648544295      0.021451712713099313     0.13485312020971055
0.05729717271267613       0.023327070455566035     0.14683877257665837
0.05675740375400889       0.019457572281875814     0.14633326633798624
0.058128924047896297      0.02127594781122538      0.1541382248646849
0.051578511448212294      0.05157851144821228      0.2120012824023647
0.05230520993292161       0.04890043684788616      0.23248797623200748
0.05740966070688842       0.017439347967167656     0.17461679689867626
0.058920410055942174      0.019139106752150394     0.1745709538082673
0.0579555495773441        0.015529142706151244     0.39623746159603107
0.05945403419584819       0.017032016594603037     0.2083594835139447
0.05392445233162509       0.05392445233162507      0.2664315813738278
0.05461187396484135       0.05093630602851099      0.28251373969219784
0.058457108547620755      0.013519114625288294     0.24133927702505567
0.06005771048054967       0.015126400445343718     0.22684828561687143
0.056459182747113694      0.05645918274711367      0.38637591607565686
0.05679342895151034       0.05337717196302163      0.38005695680379487
0.058975221691593464      0.011041885093923134     0.20482418673850455
0.06047780113356382       0.011852229911849142     0.200474885945041
0.060901461818125974      0.056391594661042724     0.7296248552812558
0.05868986283848343       0.05868986283848343      1.5467367491558313
0.0586301100509009        0.055631532643759335     0.5508762812333237
0.06309860893333573       0.053921846692022414     0.6292101534952192
0.060068016973521         0.05343362853038191      0.5221048970223999
0.05942258292253147       0.008304013416106017     0.1875046627458892
0.06109026971521897       0.009779000887106037     0.1861313603302597
0.05974314098102197       0.005545908917547334     0.17786200890345757
0.06159817739601792       0.00715312600308225      0.17499735814964265
0.06519568146326946       0.051366556420884474     0.6048838693846376
0.061688615609769036      0.05030866736913542      0.4736874186240591
0.06718933177936727       0.0487298029448315       0.6502972732301505
0.06397401515014786       0.04792941015580944      0.48477116590293035
0.05993575084564128       0.0027759269747615316    0.17263609395957727
0.06190538667870902       0.0044630636682252405    0.1683165636704914
0.05999999999999999       0                        0.17105050665486013
0.06164756562553953       0.0019464303591089284    0.16655018359625998
0.06901197782111125       0.046112329340626985     0.7308077934322696
0.06606499735612789       0.04527544185336249      0.4714306841626224
0.07073271166768312       0.04342676018466502      0.3720225085083748
0.06761539310192155       0.04282839286315943      0.3781799867980085
0.07240581729058641       0.04057582559212101      0.2857528601407398
0.06924698753483707       0.03965596818010544      0.29264768925611
0.06319048589170444       0                        0.16048904742695227
0.07396408275804238       0.0376605159518754       0.23628065790747996
0.07091574183000765       0.03690758633688988      0.24436527578998865
0.07540502055762205       0.03468548507235549      0.2030292137119322
0.07246016518969917       0.034064366761956025     0.21022448293119703
0.06710568279427157       0                        0.14470615488282926
0.0648482300392175        0.0032652877173013294    0.1553812856813375
0.07893051069501002       0.02567049826989952      0.14239485111209213
0.07784574307521291       0.02879305966839824      0.15935065657667194
0.07568052871364019       0.0258388914995778       0.15381294927112676
0.0766820011984368        0.03176272488630245      0.1788498204653601
0.07379716537655537       0.031592079658738045     0.18819942473467677
0.07479900987462228       0.028767477126750506     0.1694089383345384
0.07135366654112035       0                        0.12621722484708267
0.06910407144468814       0.0033519727705000084    0.1370659516630995
0.07989008583195925       0.022507202975096396     0.1278030510334875
0.07657621334180176       0.022679216856764974     0.13966117051848784
0.08072293668347016       0.019308223460392977     0.11503825809744928
0.07757030978756517       0.01967690456584032      0.12726443341259044
0.07560173845949698       0                        0.10755145302355613
0.0731951557382243        0.003093867325326418     0.11883208721080023
0.08242364468341523       0.009764363630166587     0.08691406816897025
0.08196833682318677       0.013045756338388614     0.09489775534365452
0.07945678220955638       0.01084640209718006      0.10045867786835921
0.08140517827346812       0.01619249672733864      0.10423987853148352
0.07895279737004354       0.013912876726963685     0.10822157779232798
0.07841804373313081       0.016815272660431035     0.11676335733828237
0.08274764414119827       0.006467409766020769     0.08092526260636025
0.08000844903346628       0.007890161949456319     0.09380061893261576
0.07961420406717144       0                        0.09025196822995522
0.07742955714786545       0.0029096875837418524    0.10029580143765064
0.0829398158897557        0.0031602120456438085    0.07721555102409859
0.08034300625625383       0.004835098597998852     0.08918218921565298
0.083                     0                        0.07603567005593684
0.08080606982375238       0.0022869430967881093    0.08567295019952059
0.04750937035896112       0.04139306076177168      0.21559448826643432
0.048853206666429505      0.04284176143187653      0.21456347895561922
0.049474239854682064      0.04034612084025909      0.20941006045373972
0.05075258226033575       0.04453744476775381      0.22049748706400996
0.05082426712701878       0.03826576698805056      0.20014272848992942
0.05125821773349775       0.04209632010342674      0.2201837606419376
0.05164203792694365       0.04008818200958935      0.21308947172078163
0.05213516097596988       0.03650606847991731      0.19240644469455762
0.05327513129268286       0.03466336320046184      0.183786867255322
0.05311473003671117       0.04368964596584284      0.2366926735445698
0.05552181427270955       0.031044257725963805     0.16910516162343395
0.054420997877076806      0.032863339981955536     0.17610965673347714
0.05660111827823535       0.02915086326119058      0.1631917067900295
0.05761698210901475       0.027260885207135505     0.15910026280647702
0.05268943974048078       0.04628479836478058      0.23803373548958007
0.05461725925696935       0.045351393066553856     0.25846874876343473
0.05308499207080983       0.03861730860494556      0.210073400650004
0.053490530724990215      0.041074940582491413     0.2271346866381951
0.054430915613911265      0.03661183544885173      0.2021069411574202
0.055105513122487376      0.03467233790327701      0.19110004908993952
0.05585776182415349       0.04280142541650433      0.2560870625059828
0.05739932028680008       0.030996751166300313     0.17653482679580848
0.05675993486768409       0.033180933407279393     0.1877172293540375
0.06038389154642123       0.021067354381337725     0.1672150007729145
0.05857244352959265       0.02529824319890545      0.15749156852746213
0.05938596171795196       0.023224748660367917     0.15895670552414726
0.05906574400799938       0.02941460392590376      0.17447176101607664
0.05955161237868537       0.027179389005306337     0.1669131303429041
0.0549067342373474        0.04794176843500003      0.27464236066056497
0.057081334606744055      0.045909218582584954     0.2969233572465083
0.055985444757825395      0.03915676139463968      0.22904062192941482
0.05694742675814276       0.036052012632717984     0.20919143623102973
0.05817360773640876       0.041234034857193715     0.26317009131401725
0.05851922156808721       0.043575129900826674     0.2924213745565317
0.05904787282681576       0.03219316279639979      0.19012467563328517
0.05875942522511567       0.03447153220322566      0.20506154625943038
0.061396540810312906      0.018566060185963015     0.18204925357566973
0.06126524037386437       0.01642439362458676      0.20081810512910123
0.06146834395838384       0.022986709436785588     0.16644593511367525
0.06300316868804018       0.021211553441534085     0.1700324048376264
0.06087117512051626       0.03103190962062027      0.18911311915615345
0.06115755085832162       0.025495050066721904     0.16769994531939902
0.06137135049840196       0.02847460319101019      0.17749529371279904
0.058022662075699984      0.0496810648754846       0.35976169676913544
0.06062875250716751       0.0461726056491911       0.362797278129117
0.05990853040826301       0.03770678823552148      0.23887855616383696
0.0612673868642172        0.04198509307840936      0.30250602904105844
0.061431637452779145      0.03406324645506934      0.21140900409519262
0.06369380303259017       0.01855822124146411      0.17474971593651226
0.06312275083942297       0.016727416585583996     0.18243981364984005
0.062314004382266766      0.01468407797313741      0.19252217926263293
0.06090032580635392       0.013569657148295567     0.2070085505628419
0.06346090127592323       0.024172601824101494     0.17002771042553189
0.06497502683713904       0.022372808564819453     0.16849920525746076
0.06547081751245908       0.020149824327583818     0.1675650657803648
0.06336834481908385       0.03104733425005147      0.19511743379876131
0.06364684944047425       0.02756425238345666      0.17844903919590682
0.06349445591234863       0.0450404120681438       0.3978095417805977
0.06453211437246958       0.04224203616050593      0.34272274183312396
0.06359060326311536       0.037986735508800044     0.2593000624517629
0.06447539332598781       0.03400532785610244      0.2188404200727406
0.066454161889421         0.039741725257871216     0.29654122509434405
0.0655203136142531        0.017267843871605074     0.16840171902157663
0.0647164342339236        0.014770395662037417     0.1733549484665351
0.0631395966236943        0.012094642675441398     0.18093945927541896
0.06651446787318041       0.025405237051291264     0.17244430825328974
0.06712802120439301       0.022015969167341994     0.1651216036710233
0.06850457169833894       0.019472549678738175     0.15817029643972932
0.06701711533019152       0.030850331917603863     0.1962130621027602
0.06983634413829985       0.02779456757583251      0.17723345751984423
0.06732946716251222       0.03596560087103112      0.2402023741530313
0.06998678527839605       0.0338633920839951       0.21550083079916563
0.06804858193314271       0.0151043812594186       0.15550258959433627
0.06615335801076176       0.012744011607038025     0.16264327878855195
0.06376810364661231       0.008735088247759624     0.16854581401958954
0.06591055346332929       0.010265024149894263     0.16022183101433018
0.06365945518481594       0.00609170203755007      0.16386285708716886
0.06974821665994112       0.023194647424234882     0.16159315820789624
0.07106324766907651       0.017588629668017188     0.14617206556813847
0.07099025826112679       0.014562325239291275     0.14171250424556586
0.07135191067129698       0.020539516619926063     0.15093584098521085
0.07262915596918941       0.026261049855564485     0.1645021005425805
0.07097927060359766       0.031156943269070377     0.1933969667619194
0.07240828582119861       0.029108650702556034     0.17810945814984447
0.06944383900411416       0.0110853526047683       0.14376423053507104
0.06702728156583215       0.007057396485890945     0.14986825560791342
0.07311572982881592       0.012735722805255313     0.12968062285666457
0.0735156816002183        0.01618786514279122      0.13411961785491014
0.07330255060743437       0.02286206480443518      0.15088918105504154
0.07414096672169394       0.019579691524204884     0.13917648406320032
0.07338383842746474       0.009510243647326598     0.12384370490037706
0.0709550146255487        0.00669748554858743      0.131425037240959
0.07629590835629357       0.01175457980625579      0.11479836510329729
0.07604306157472199       0.014820085878739514     0.12144174938605856
0.07594333933252016       0.017392841168424766     0.12737489579111977
0.07702049328161184       0.008703351029025466     0.10723666222744492
0.07493925993864713       0.0060182319687255405    0.1131909951278356
0.07803872172424295       0.006200486705208474     0.10007788804319703
