% Model:              
% Version:            COMSOL 5.2.1.229
% Date:               Sep 1 2017, 13:33
% Dimension:          2
% Nodes:              202
% Expressions:        1
% Description:        Magnetic flux density norm
% Length unit:        m
% x                       y                        mfnc.normB (T)
0.08140517827346812       0.01619249672733864      1.2582250621135638
0.08071259033848477       0.01935142787630769      1.1930338569874652
0.07874008360877652       0.01715430602421475      1.220838474915935
0.07988606743321694       0.022521461543503797     1.1920467114912274
0.07760386754203699       0.019954441702262855     1.2214173450710575
0.08197762870761638       0.012987239563363503     1.1550435628369922
0.07901485633738907       0.01405085171982298      1.2043497019092062
0.08242886115149116       0.009720228869126164     1.1214238894563453
0.07936209965031336       0.011040135507695911     1.1783127929262036
0.08274994749914841       0.00643787145632683      1.1093731592637799
0.08000961659347114       0.007881085090112577     1.156513704976028
0.07893509115473829       0.02565641020082819      1.220112399977063
0.07662214259915766       0.022500828370793896     1.2327540815100855
0.08294037654741021       0.0031454631095927366    1.1150537362321964
0.08035667379098595       0.004818056161910505     1.1505967448136163
0.083                     0                        1.1564438295573258
0.08087582279222666       0.0022439587770561875    1.1503364359126436
0.07786114349117637       0.028751388388153446     1.2902374605226143
0.0757682867252124        0.02572024861476539      1.2620711732710992
0.0766820011984368        0.03176272488630245      1.5020703728818834
0.07479687736338357       0.02852683063249358      1.306478879936605
0.07961420406717146       0                        1.1675886098531547
0.07538644425134111       0.03472584085575816      1.347046372016183
0.07368349527904725       0.0318072164614062       1.346462216450594
0.07560173845949696       0                        1.217418121816605
0.07743919175141974       0.0029078453302936107    1.1929237432137028
0.073957359863003         0.03767371659518439      1.3108625201946766
0.0725702182475621        0.03451183158411407      1.3217436417424318
0.05675740375400889       0.019457572281875814     1.3437796016112886
0.05740966070688842       0.017439347967167656     1.3490933982861353
0.058901410090591015      0.019019570269121894     1.3199075160287348
0.07135366654112034       0                        1.2754101318650435
0.07319418391558603       0.003127518011512259     1.2490565020786872
0.07241305818399707       0.04056290182470993      1.3293276575298696
0.0709220667905446        0.03728931891233439      1.304991805837334
0.07075594583245391       0.04338889407849489      1.4199777142629222
0.0694126664163291        0.03975104237598781      1.3133967671247468
0.056034132648544295      0.021451712713099313     1.325994348671254
0.058229469962856266      0.021111058531771452     1.3108441661296302
0.05524082327981411       0.023419040188879414     1.2956459971418604
0.05740861535495554       0.023163229790450702     1.2917976290691087
0.0579555495773441        0.015529142706151244     1.250094389947985
0.05942618369363196       0.016998138066672094     1.3167836611978325
0.06710568279427155       0                        1.3405824176387018
0.06913250512120672       0.0033684966926181715    1.306346134285612
0.06901197782111125       0.046112329340626985     1.7670011282879987
0.06775804391476023       0.04292472227326275      1.3710030887624916
0.0671632393888234        0.04876575924559775      1.4173439819092337
0.06603877431643755       0.04561495717215555      1.362802120678442
0.054378467222198995      0.02535709570444197      1.2552565305022665
0.05646130337939033       0.025140783817470008     1.2665754081364144
0.058457108547620755      0.013519114625288294     1.3644674763281246
0.0600370062801991        0.015125361169253731     1.3238042621801174
0.06319048589170444       0                        1.4120194899261322
0.06483594337281345       0.003280992327442099     1.3763472472773224
0.06518651242901918       0.05137819184577566      1.3229497351869461
0.06413630388511943       0.04826793194968069      1.2594412589945434
0.053460391451303595      0.027239429984369873     1.2628500529983893
0.05550256442735624       0.02710874072109714      1.245772813843989
0.058975221691593464      0.011041885093923134     1.4212938830299455
0.060463336078919246      0.011825051642597777     1.3819547524236333
0.05942258292253147       0.008304013416106017     1.453294934064531
0.06106982811002421       0.009776990372913023     1.4022558332710153
0.05974314098102197       0.005545908917547334     1.471325768302082
0.06158828588080037       0.007154825270364244     1.4188700466416526
0.05993575084564128       0.0027759269747615316    1.4809306552474195
0.06189722923145561       0.004466958235060937     1.4294281560495676
0.05999999999999999       0                        1.4835744316668968
0.06164825574540636       0.0019430324005482898    1.4431363654651925
0.06310823199695575       0.05391058387940544      1.3216629585592499
0.06213755664507219       0.05078308385538147      1.1767203693425
0.052477182428364584      0.029088577214778803     1.2337731475530804
0.05451192376203134       0.029030368649904253     1.2198346341301942
0.060931636855781894      0.05635898890217179      1.439502093294376
0.06025107306811578       0.053381259707727786     1.159497571661322
0.05143003804212592       0.030902284494604682     1.1959126891805887
0.05347743575220082       0.030871702673957373     1.183062579111651
0.05032023407672365       0.032678342100904416     1.1557855202967249
0.052365682541271406      0.032695024704411525     1.1355389418986486
0.05868986283848343       0.05868986283848343      2.870264009580088
0.05877147987999871       0.055532272358116974     1.1493294225488284
0.056379967197255576      0.05637996719725556      0.8068105495848856
0.0491491226573395        0.03441458618106276      1.1052461347335598
0.05119679270084368       0.03447883434153761      1.0749818392123303
0.04791426801181261       0.03611402665021159      0.9734311790552522
0.050007103296264274      0.0362650057101044       0.9832645762211749
0.05380575425920084       0.05380575425920082      0.5863367505435253
0.05704057129062443       0.05279522744852655      0.8681686517959015
0.051488866774435454      0.05148886677443544      0.4824775581174696
0.05470013804165689       0.050687719640989684     0.6853464055752404
0.049600305518534206      0.049600305518534185     0.4359556187875821
0.05261292339858032       0.048784761085550896     0.5948064052917833
0.04662067893983545       0.03776919770380075      0.8888003479269017
0.04883949813823847       0.038111569539585        0.8779676669110064
0.0478399355902263        0.04783993559022628      0.41090136009616973
0.050497054400825504      0.047084250721450095     0.5380032664615308
0.045269941153043294      0.03937807039457371      0.8079355679393898
0.04747291085429907       0.039622596984924194     0.782675677486996
0.04575966149229957       0.04575966149229954      0.3963474209407047
0.04846978808041447       0.04534526858921789      0.5127456684928712
0.04390366016722154       0.043903660167221525     0.3986904738410492
0.04637326010955125       0.043478517265707686     0.5201739077929945
0.04386371283622668       0.04093866993712723      0.7465709560067969
0.04584632262397725       0.041199578746704484     0.6667873886695094
0.04242640687119286       0.04242640687119286      0.6037160428059506
0.04442895734892225       0.04229586171822798      0.5698880230314174
0.07617567241575712       0.017728092948627972     1.2317954886641467
0.07668943433957282       0.015512991537009205     1.2272871349258971
0.07410830785658556       0.019994766519295097     1.2468665056338968
0.07360120125401524       0.01597848773708839      1.2474298057131883
0.07096620580785251       0.018044488936523967     1.2645822834967977
0.07576877256559814       0.0126480830303809       1.2249162290634834
0.07697286254631429       0.008953324773369326     1.2015112065574263
0.07807116195442025       0.006244018637956466     1.1830658691355924
0.07404444417707351       0.023189983658012746     1.2551210397313366
0.0709704532148005        0.022021471993966875     1.2654815869119438
0.06799077576211812       0.019566438816624232     1.2776345747510178
0.06870472493741697       0.016640565779057745     1.2800641222532274
0.07061841932662782       0.0147582270689569       1.2697589009913566
0.07264967395723011       0.012747756965724296     1.2535378056393198
0.07332123753317035       0.009614186319258231     1.2461931784156492
0.0748816777842443        0.006062019423624259     1.2259436705673594
0.06803039701378628       0.02270785952493955      1.273159155992141
0.06522680325600905       0.021987508129873594     1.2793622768119328
0.06291777785460359       0.0199874290366067       1.2940410550371704
0.06506539925463717       0.019026747864718        1.2907075491564703
0.06226522668944153       0.022651331298386094     1.2814578115153283
0.07229731579942542       0.025860577859723427     1.2765469995973804
0.06935586403147902       0.024786628219577375     1.2722358521433559
0.07210515566873765       0.02931173013432064      1.3045629439088553
0.060523601490684996      0.02068535235351652      1.2998584422334136
0.059765403762077125      0.022916730070526317     1.2857082800549973
0.0662934812004123        0.01690135899276973      1.2933697621540368
0.06781484377750671       0.014414245246726147     1.2925640019791274
0.06336308192441927       0.01714738220588426      1.3059534740206942
0.061063221966221305      0.01842834961820947      1.3081877702988314
0.06925812130490008       0.011015810816843127     1.2893711719187442
0.07099108353681335       0.006700549703847506     1.2763064035101788
0.06660808880452476       0.025177250464655677     1.2694408902307062
0.06130386429212526       0.0250829588085998       1.2647486930447693
0.06385493283048607       0.02525104293576991      1.2655708255935265
0.06884013177649796       0.028310949422021482     1.27583614183309
0.07056027494482223       0.03200434067544829      1.2977353709162358
0.058720559097051074      0.024940053420957703     1.2672486016840254
0.05984967482679861       0.026867268220318707     1.2465323282003404
0.06483595540214933       0.01462778158194796      1.3132897115985067
0.06612096198244502       0.012532106859928529     1.3153219966256793
0.06119028274987383       0.016447114780027288     1.314450094381327
0.06230705256139594       0.01471232992377018      1.3271325387802293
0.06591759746594848       0.010219370449700718     1.3301244922210336
0.06700200994683837       0.007081716877040877     1.3297162529080968
0.06551692593053451       0.028421212346802262     1.2565196206691613
0.062284566958426754      0.028028093022462442     1.2429819186245576
0.06989363585630029       0.03463143225783485      1.2905643969960299
0.06725429441429508       0.03229116470769656      1.2609841895360692
0.05930123278808197       0.02926191463100191      1.2175489582717383
0.05763815099830791       0.027023321218571678     1.2427996116308373
0.06317241548615238       0.012061665158615249     1.3476027808393414
0.06088586055132803       0.013546326913613271     1.347693618550749
0.0637645352012946        0.00873400940886193      1.3689358192537036
0.06363199856305027       0.0061010635197021245    1.3873590912800373
0.06391109830880534       0.03136699027517605      1.2299727693681801
0.061216604068777665      0.030977910943553687     1.2089769100502779
0.06731755445023585       0.036642818705135596     1.2623128330088307
0.06662350151202054       0.04007168312279583      1.2726953308651665
0.06469215860816184       0.03465045378560609      1.222180278197475
0.059032599533712586      0.032256378831574374     1.1729792442397482
0.05734243805782173       0.030867322663401964     1.1849919580252901
0.05663271408649151       0.02900508000150046      1.2150976797167379
0.05666804557936441       0.032712908805902274     1.14517196822119
0.06470539759020905       0.042609427549515445     1.2448136796354738
0.06152748509986549       0.03449447681607819      1.174679291434296
0.06339735302280994       0.038558940587390914     1.1850369720172051
0.058139791608364216      0.03522373912950821      1.1106412510354537
0.06356313074863959       0.04549269588369899      1.2112290996600623
0.05552305844815841       0.030874651189168035     1.1800274062192364
0.05569463398031525       0.03493858306607515      1.0827876317410452
0.0545057934510407        0.032760524340341886     1.132855746588804
0.060865698460405585      0.04299197535236691      1.0817805316099458
0.059690798387751424      0.03881072483191491      1.0837672629065784
0.05398598898943466       0.03633713530278639      1.0191510117608324
0.056225187062425915      0.038129362507919796     1.007608514942931
0.06072860978272462       0.04757290369547474      1.063590034569714
0.05326300439130902       0.03450235546177365      1.0753467085585597
0.057739471719320645      0.04567740148384101      0.9130251622839244
0.053208447542940976      0.038179096560298595     0.9415939809929187
0.05207621957704183       0.036317981934535726     0.9984673390270995
0.056235127971383796      0.04222173343473233      0.9072771725988312
0.054024718249896284      0.04007035221373968      0.8947699460285291
0.05951696174026176       0.05090740180276457      1.0236656876722177
0.057535868202290195      0.04923935139548818      0.8770025582891751
0.055352023330437296      0.04549057455301215      0.7986312389196889
0.055489456639152834      0.047795454301332516     0.7667443954742647
0.052103805750715396      0.03975086114202527      0.857291372779277
0.05090950283055122       0.03819941233413316      0.9004429014499898
0.05366462176403928       0.0441808296419485       0.7562383106465568
0.052351022922015364      0.042070707423722445     0.7750610289284718
0.05314302146792552       0.04635114663622745      0.6755647555728627
0.04982964339157697       0.040489534307274574     0.7721473636830378
0.05124186541196482       0.044769695025598785     0.6399186647703216
0.04935736837123705       0.04301188797344809      0.640982868007997
0.04766915344182087       0.0414837561796661       0.6740802637410483
