% Model:              
% Version:            COMSOL 5.4.0.295
% Date:               Apr 4 2019, 15:33
% Dimension:          2
% Nodes:              157
% Expressions:        1
% Description:        Magnetic flux density norm
% Length unit:        m
% x                       y                        mfnc.normB (T)
0.18922226826734947       0.004421614120028387     1.3406690665184782
0.18487810328331084       0.00671467991533874      1.371104994689132
0.185                     0                        1.3717211059679941
0.19099999999999986       0                        1.3290850399968737
0.19416558531563086       0.005088670361735965     1.3070304439310167
0.1969999999999999        0                        1.2908654857710937
0.19028697739059683       0.01075944370368434      1.3302102125021957
0.1844230154509893        0.014599704516330868     1.3701675799607609
0.20299999999999993       0                        1.2591877526842439
0.1999094185699939        0.0051939425096953215    1.2716450957408647
0.20592218247043792       0.004686116920620346     1.2419873654671434
0.20899999999999996       0                        1.2390905191036492
0.210959239918657         0.003993596099224925     1.2262485942864825
0.215                     0                        1.3044422423254969
0.18989346144563418       0.019340806068879605     1.3275759969358647
0.18358592808618826       0.022829958579308078     1.3711519259466585
0.21491495285989048       0.006046737734600284     1.186765212756817
0.18890072920535417       0.027932158572069005     1.329763315632943
0.18238014228156185       0.03102392143745312      1.3735766566949834
0.2099590642629567        0.009235125840903994     1.2028464071916263
0.2146079215352673        0.01297844421772086      1.1474702968296144
0.18744812021749013       0.03632800415242862      1.332710963885691
0.18080542668073535       0.03917138857376923      1.373324440861882
0.20837262567852066       0.016299495295436887     1.1936449888056528
0.2139941503003111        0.020772665626919984     1.1359906751069049
0.18550839427076704       0.044550443814721806     1.3310157626825943
0.17886403751459143       0.04725099029627654      1.3676277952216616
0.20755017571107595       0.024340330449731922     1.194092813072985
0.21306443157012356       0.028784509717903747     1.1476196067955164
0.1834217248129379        0.05265587014429503      1.3225950433845293
0.17656519703148588       0.05522437140640508      1.3572363895292954
0.20685573028030066       0.03202786863756274      1.2104294281067487
0.21183409208948564       0.0367602697028094       1.190626631086105
0.18100796238733052       0.06077822622827251      1.3106739104854106
0.17391512541100387       0.06307558286115791      1.3412759199625144
0.20549411248243377       0.038878945891344704     1.243023465750308
0.21030173415776823       0.044701013525818255     1.3261777503102306
0.20376561307355237       0.0464216215928456       1.249445877271824
0.20861355892316064       0.05201329669818059      1.184275213633746
0.14300006035581067       0.14300006035581067      0.6078423439815185
0.14566705445519826       0.14190846479786665      0.6353128771306343
0.14487099699787942       0.14487099699787942      0.6028629884018705
0.14081813047934208       0.14081813047934208      0.6159257895491487
0.14409440957994266       0.13975687371313214      0.6441663106637775
0.13468130607437662       0.13468130607437662      0.6433684321168996
0.1308147545195113        0.1308147545195113       0.6623698623370716
0.13657545030621066       0.1303992548661574       0.6923431776797606
0.13547655458182517       0.1259805665911919       0.732170435967545
0.13810379772378878       0.13810379772378878      0.6275347884538603
0.13986626209967926       0.13321754547134085      0.680941743997156
0.14198167020449848       0.13642982540352938      0.6621394544734759
0.1473749112965527        0.1440445136906575       0.6298240762466046
0.14661108138380127       0.14661108138380127      0.6012046850049594
0.14918812944269613       0.14590952275924016      0.6311806901219006
0.1485904471266036        0.1485904471266036       0.6051030595403595
0.1749727754204639        0.07692357442119223      1.2581604262283899
0.16757096895839096       0.07838986134919478      1.268014848998017
0.17091559405695922       0.07080155159427452      1.3136837126839769
0.17828057251086427       0.06903949044605828      1.291231824363387
0.1710428633425921        0.08457889857685222      1.205608027358691
0.16388849940609101       0.08582283939849403      1.2062962063779388
0.16728272467754102       0.0922892251367381       1.1380116889563043
0.15987991387950817       0.09307745773215463      1.1368490671488152
0.20205651666473076       0.053940627019660375     1.2137837001411511
0.20667246806660772       0.05925783444623142      1.1529527359420007
0.20001656324703065       0.061378488648082305     1.1989194650478834
0.20448707906258112       0.06640809059484887      1.1528870298729477
0.15065213471762035       0.14809951656351564      0.6318428842190787
0.15045747836038695       0.15045747836038695      0.6168396337786954
0.15203980238637513       0.1497046643252386       0.6401784911870964
0.15202795795510773       0.15202795795510773      0.6333939768163389
0.14203839275708693       0.12730211700470948      0.7477053584831771
0.14073125709925025       0.12008211055467304      0.817366755827785
0.16292401471568713       0.09971721669032134      1.068757592741121
0.15555401094549998       0.10013965088199216      1.0643555325815226
0.14791559099352167       0.12093638332040722      0.8350975987957353
0.14596353845057475       0.11366461825470398      0.9051118772748078
0.15814100309585302       0.10689876883830707      0.9977488780143808
0.15091259157949327       0.1070064937410859       0.9877496549721595
0.1532933030234679        0.11407699579730575      0.9195481984319311
0.1976434650662064        0.06853989533179597      1.2064125922265811
0.20205204686402012       0.07348449059536168      1.1782315223066782
0.15376965435742518       0.1502660753423672       0.6589023669546021
0.19624304682913374       0.07491544830331257      1.224066839404412
0.1993576257321954        0.08050799377963583      1.251743522981584
0.15331536059161344       0.14778799042389407      0.6617800321820652
0.15591520852040652       0.14803866978610053      0.6861967019209251
0.15495866599998828       0.1446862349943553       0.690273913437777
0.15859210710086358       0.14516729509537674      0.716655013082109
0.1964122733931592        0.08744837826129705      1.4227166644909015
0.19145355063196973       0.08019274817159508      1.2502211249187423
0.18956752092114537       0.08807534644483668      1.2144870667697478
0.19316201607078487       0.09441099272579331      1.1190598064532216
0.18629291576067372       0.09515692327488993      1.1104050767585916
0.18967932321939265       0.10122625323024223      1.029589551360762
0.15720246289560724       0.1408882961883364       0.72587842037031
0.16185104605357029       0.14152469357453143      0.7510794433373108
0.1828916216413694        0.10210162483753771      1.0370092023108664
0.18595764013263855       0.10791087098295528      0.9776000661704934
0.17941933278321748       0.10794730813861997      0.9940646656706189
0.18200642033529638       0.11444939037291267      0.946602209877167
0.17529401019181134       0.11415962915289034      0.960301409636989
0.17783597868926          0.1208278307495133       0.9371935636078604
0.16011523314998033       0.13603779923268697      0.7712247595219183
0.1657277881137935        0.13696459486637244      0.7923362610591188
0.16364008694207688       0.1311851515376521       0.8221662097452186
0.1699148403062013        0.13173438064422704      0.8440575773897768
0.17119801763636167       0.12019998335859046      0.9327336721172618
0.1739386537906137        0.1263738292428817       0.9596725444285227
0.16746647062274808       0.12587905237758618      0.8820283123733518
0.19666734867956875       0.00975121917011456      1.2873800454593258
0.1962008309586647        0.016123903291724223     1.2847072692094506
0.2027013936009425        0.01163764887544826      1.2447988264314074
0.19512922605709687       0.024591827866823193     1.2878752970643472
0.20187828458645454       0.020173739099642488     1.2403303837362258
0.20113583185074532       0.027983704320925673     1.2460254116290084
0.1949674971441537        0.033478433327521435     1.2881391233693498
0.20168031727125071       0.03459541422233136      1.2500583453591148
0.1921404028398795        0.041856570117420895     1.2979394176085723
0.1990050203718165        0.040751763407013857     1.2687813988145624
0.19034450507112527       0.05023528508544382      1.2890999222830122
0.19712273584140425       0.048244083015055846     1.2610462709700478
0.19526267209756737       0.056116638582544405     1.244684233826255
0.18814388867454904       0.05848501200278623      1.278454584341322
0.1455703065554264        0.13635351261982592      0.6826371641687561
0.1480451697730674        0.14181520462035885      0.6530662066162274
0.19281688684574091       0.06392776243422639      1.2399367208776566
0.18535690792087223       0.06672671222672737      1.270742099506111
0.17861496561427273       0.08305434064914796      1.2127117851082454
0.1474753498404963        0.13926005715759046      0.6698366286057169
0.14446047657443156       0.13192603728507077      0.7157218872768003
0.1486046653458951        0.13626426006060305      0.7013557803808924
0.14769796733557966       0.1339057730403863       0.7157188268354118
0.1499127529096793        0.14316696649916458      0.6573007313913983
0.14979578036341026       0.14069602095651504      0.6745170350810149
0.15198744922191967       0.14494461129169828      0.6633799835818532
0.18351506986855587       0.0759312953447252       1.2492759892348482
0.19070854585127708       0.07185211363817438      1.24261652270534
0.1852005335415517        0.08361294387259419      1.2223606647654752
0.17459722479579307       0.09103004040073304      1.1456755723743433
0.17136454285927177       0.09950907391735955      1.0693227130977883
0.18235046873115496       0.08969803158537015      1.1633316466213672
0.15085342854034878       0.137969251320618        0.7021686096721353
0.1492431576446901        0.12857292094412504      0.7698197224241973
0.15142627445762444       0.13383270616459453      0.7373760601706972
0.1527810376668373        0.14128969080256928      0.6923001885902913
0.16564344611187157       0.10660020993027923      1.007881057796975
0.15625967013174608       0.12200119437775857      0.8580948827944187
0.16059160853720783       0.11398766175331658      0.9393285712708651
0.17894939391214018       0.09657257455870552      1.0935817316924876
0.1728052709127741        0.10751634807668009      1.0031328780523892
0.17734972488909526       0.10283790262805974      1.0374211976100587
0.15492932333722975       0.1366654924245438       0.7372684567558364
0.15677871540268226       0.13059883693313848      0.7914728706277483
0.1618372268384904        0.12589665196372624      0.8520787310897363
0.16848877765225612       0.11402354745727697      0.9565064326100651
0.16415808848216246       0.11993890993229048      0.9062280627571329
