% Model:              
% Version:            COMSOL 5.4.0.295
% Date:               Apr 18 2019, 20:53
% Dimension:          2
% Nodes:              142
% Expressions:        1
% Description:        Magnetic flux density norm
% Length unit:        m
% x                       y                        mfnc.normB (T)
0.1592462766377782        0.0045615652502785636    1.6549515644660686
0.1548507116162492        0.006801258114585636     1.7007195599392346
0.155                     0                        1.7011042138857122
0.16099999999999998       0                        1.6378213486170514
0.16699999999999998       0                        1.5802797270083218
0.16429634979696342       0.005156118019051562     1.6041494500735451
0.16973628880820163       0.00474502579657253      1.554123783744713
0.173                     0                        1.5300992247950032
0.1602489502774306        0.010685817658599866     1.6411380032708214
0.15429373800617574       0.014779797430330338     1.7008987159854023
0.17549976322536132       0.004680618622148466     1.507531152576932
0.179                     0                        1.4921705558058456
0.15947335383418915       0.019734894327931667     1.6411397144856041
0.1532710733430101        0.023086317945519654     1.7024182277397149
0.15825840268051244       0.028097083328914297     1.6433099887437628
0.15180028685763178       0.03133165986571265      1.7030930775834967
0.185                     0                        1.5314141889192552
0.18054402222153826       0.0043448258734087725    1.4723848319420865
0.15692539053449175       0.036487599135998174     1.6393695224593188
0.14988653563374688       0.0394845088067906       1.6983666331225695
0.15417126069419518       0.044571787174980504     1.6381305273314435
0.14753556509664828       0.04752112195237667      1.683328358759473
0.11710048961102698       0.11710048961102698      0.7773135901409476
0.12065696728071462       0.11603067465435928      0.8095337984534986
0.11980290257174264       0.11980290257174264      0.7689176152848463
0.18486748196016464       0.00700100804942884      1.4154456811415503
0.1784467756019799        0.010340537161353339     1.4655261142293685
0.18439717706243686       0.014922502853216961     1.3852985655982757
0.15244664977436842       0.05344284487860795      1.609522473099174
0.14475396006900937       0.055419229914711314     1.6509170038098684
0.1227254226056221        0.1187548485628675       0.7947469306503843
0.12191795942021316       0.12191795942021316      0.7636498379149751
0.12440667552229727       0.1208607692487216       0.784898039812233
0.1237357467636994        0.1237357467636994       0.7597122754693669
0.12600641132582846       0.12308019250092506      0.7746779185201982
0.12545004309060045       0.12545004309060045      0.75622386068363
0.12788720537600354       0.12492881909297045      0.7685672062922949
0.1274028606236749        0.1274028606236749       0.7519825376762713
0.11828059668385468       0.1123871388735157       0.835435796905515
0.11364064996464604       0.11364064996464604      0.7921843654616603
0.10960155108391487       0.10960155108391487      0.8175970305878201
0.11550578089347766       0.10942678805489797      0.8555100015598122
0.11430520241126205       0.10468677424450717      0.9139663240409673
0.14856498383532235       0.061476120444458805     1.5741346245797312
0.14154975616802803       0.0631558906894029       1.5907620302878316
0.1454180317263898        0.06959315982763752      1.497941640960543
0.1379320651747899        0.07070887777795307      1.5015747944150597
0.14103878731666653       0.07706146413106042      1.4034459292588213
0.13391130275101967       0.07805615283579345      1.3933341692365893
0.17783992575401358       0.017828499619407037     1.4563674584275859
0.18358761990882697       0.022816349756524117     1.3879338895970275
0.17695871416631787       0.025835409081455016     1.4673407270697059
0.18244029263734401       0.030668218441902564     1.4218117975759859
0.1294783429499843        0.12702721472293171      0.7595758930493234
0.1293033943524142        0.1293033943524142       0.746906408562464
0.13077825260146342       0.12865817476447006      0.7524702161986138
0.1308147545195113        0.1308147545195113       0.7415269337733417
0.11955534854153138       0.09864845987197644      1.0293799281640907
0.12162976496761754       0.10700709303987072      0.9200281112848754
0.12470907542304906       0.09204697989140254      1.1536080574727205
0.12850134090379312       0.099423433332088        1.055613015180279
0.13279715665229613       0.09186375829326571      1.1798844660981176
0.12949939198531132       0.08517574464267792      1.2767667535831357
0.13833110408407165       0.08512240414496063      1.2876730940471188
0.1756415114733686        0.03372077990323141      1.4976574594531573
0.18095730613575403       0.03846366280128547      1.533289245464301
0.17441170459106414       0.04115873185189338      1.4983989689733954
0.17918788480880585       0.04600762912546262      1.4338104396216433
0.1725308021347827        0.04797599937899805      1.486155916424262
0.1771041070434377        0.053470882434709724     1.429357341783349
0.1323594521990962        0.12925159733463693      0.7504740051798904
0.16982266551888836       0.055102775720673076     1.4970606746380914
0.17470962849392796       0.06084032964665513      1.4622931800746966
0.16728160485878094       0.06257814115885428      1.5251825765822355
0.17200864988931297       0.06810304224669947      1.5541477402311343
0.13193531898631108       0.12689391289285618      0.764621059853457
0.13427519987694375       0.12726024790957605      0.763842900186921
0.1333395336501971        0.12408784189600745      0.7870686086642488
0.13667846315050053       0.12467556982351116      0.78457018502609
0.162258741892748         0.07610581561466004      1.4771574354447736
0.16900590966388118       0.07524627896902303      1.7834955469129434
0.1655931632004157        0.08248578241903544      1.3396695057934906
0.16509354683717525       0.06985332960694328      1.5627676344760257
0.13526977592600378       0.12078221834372567      0.8197728245874162
0.13939349911383406       0.1216324479931301       0.8138770030370542
0.15859355894422114       0.08293068492353937      1.3395522499444843
0.16187048416079566       0.08957090128802746      1.2280009363197573
0.15444985789916024       0.08966803736179242      1.2460534886668182
0.15784482864996455       0.0964883934391245       1.1686665486013366
0.15064932665693365       0.09612512428867627      1.1836302963643828
0.15359067149456407       0.10312567880915444      1.1603499997442992
0.14610716088178988       0.11347994333388935      0.9331639349271511
0.14252079574954007       0.11795262938535041      0.8584709016112381
0.14044013747819697       0.11247913595455047      0.938269964936658
0.13770584787378926       0.11688077041235012      0.8677916624456662
0.14966814395936529       0.10874027167410753      1.1865028996769376
0.1468510498063117        0.10248728759374129      1.1313455771348995
0.14338929792445518       0.10781127686710097      1.0313831175126216
0.16748541748047263       0.010214859837008608     1.5694753386147653
0.17248129997643005       0.008696708556647871     1.5250150250932801
0.16597674922371336       0.016907498151571033     1.577963285167255
0.17246894309485403       0.014434201384274108     1.5160130058144665
0.1647912092389297        0.024852837236295805     1.5836699330479027
0.171392621416404         0.02152237846531614      1.5212943792704638
0.16328910086264395       0.03308910616387381      1.5895141440185345
0.17015185206117736       0.029326277460303463     1.5338165675470983
0.16883795520939998       0.036937153911648576     1.5418517067742936
0.1624163494675907        0.04169473474135772      1.5794238043784516
0.16882899396972417       0.04334480450079441      1.527436277018385
0.15927435924200706       0.049090295893036054     1.5818879266231312
0.1266749163741979        0.12091173163342347      0.7945515661203254
0.12397803078638008       0.11555984635831408      0.8321004355172277
0.12205436142566127       0.1125788219486886       0.8542253973352416
0.1656484954598623        0.0491632547984766       1.5361389303025543
0.15529264458367437       0.061044706264056156     1.554515727881547
0.16162898385548863       0.05657277013945222      1.5464415286151758
0.12608819313607858       0.11838846426031961      0.8144387718554145
0.12706727583899918       0.11533594262141549      0.8490083838967877
0.12853702104123005       0.12230865383425418      0.7899869436439112
0.12833946538923807       0.11989739935889851      0.8099243362693613
0.13044855322470297       0.1243039497854364       0.7800331657834979
0.12581762371174968       0.11186229012219709      0.8814745830421576
0.15337855583070276       0.06870157866010419      1.5037746795420788
0.14874864421652392       0.07621909562657916      1.4150524061106342
0.1453494807108442        0.08214642800431521      1.3350151148852898
0.1603756482008698        0.06499236177759928      1.5350575726892706
0.15953636443543043       0.07117716417152131      1.50962201658641
0.12942561179280063       0.11739883575071354      0.8375536590143025
0.1300269274941512        0.11347029723421924      0.88213049005451
0.13142989073672062       0.12061115262093919      0.8131973718867022
0.13009107015588628       0.10734890000407987      0.9567724462696102
0.13439856245805906       0.10276041270312779      1.0378842506056576
0.13622246859824963       0.09721247022006617      1.1191101785461715
0.13951955527503213       0.09220151917844996      1.195349200361624
0.15568898425644767       0.0764208961318792       1.4278870952480773
0.1516180254580926        0.08339104700447846      1.3246560519176793
0.1462020533767217        0.08935176216488323      1.2453340675157765
0.13307142968259017       0.11680561453949781      0.8562702845616514
0.1346885537828812        0.11207020036741168      0.9184068237208539
0.13696180425764196       0.10740446656305501      0.9909830462331158
0.1402161283747243        0.1024127933963499       1.077082747393437
0.14349702355291774       0.09680777517150972      1.1570524309870516
