% Model:              
% Version:            COMSOL 5.3.1.275
% Date:               Feb 13 2019, 20:25
% Dimension:          2
% Nodes:              451
% Expressions:        4
% Description:        Magnetic flux density, x component, Magnetic flux density, y component, Magnetic field, x component, Magnetic field, y component
% Length unit:        m
% x                       y                        mfnc.Bx (T)              mfnc.By (T)              mfnc.Hx (A/m)            mfnc.Hy (A/m)
0.08255327754717194       0.08430063146987449      0.8734409058842708       -0.28888126250501994     695062.1883507231        -229884.40447150668
0.08166597308496924       0.08516048931332576      0.8854842501140251       -0.3059661332656798      704645.9771783365        -243480.11263973266
0.08135223439627438       0.08407295171240203      0.8621216767110779       -0.3045073804816814      686054.6319762049        -242319.27405812065
0.08343152911220075       0.08343152911220074      0.8683840521048493       -0.2794610806270371      691038.0719732838        -222388.06191797834
0.08216876715811312       0.08347244603836838      0.862400371644416        -0.2888939053069788      686276.410357482         -229894.46529363803
0.08247778753845587       0.08247778753845586      0.8582998692287664       -0.27889555823311524     683013.3342144276        -221938.03349586917
0.08076971302852595       0.08601100834945236      0.909984126972074        -0.33576903132777147     724142.3597138425        -267196.50536496146
0.08043817659893736       0.08488772192184883      0.8661656030666448       -0.33512934131263966     689272.6863211454        -266687.45622518763
0.07986459566285711       0.08685209530925748      0.9625621971776464       -0.38774698586248507     765982.6585710902        -308559.2473449888
0.07955867885915197       0.0855893874010532       0.8672931786764536       -0.3851512125409979      690169.9824811999        -306493.59656868497
0.08126684247056452       0.08126684247056451      0.8410597312321219       -0.26790817886188645     669294.0683056656        -213194.55480308426
0.08097407162768189       0.08275252076317133      0.8423333474543304       -0.29098914813102805     670307.5798924983        -231561.80655576434
0.07895072024428168       0.08768365795807774      0.9581517831072782       -0.7405068121437655      762472.9625691846        -589276.5977295091
0.07855175913889231       0.08631361384785084      0.8339164702610592       -0.46677748843712474     663609.6418389655        -371449.7230439421
0.0799940659753593        0.07999406597535928      0.8225051096172707       -0.24529218587972457     654528.7695696494        -195197.31942287087
0.07965953965064185       0.08164906456183271      0.8136870815254612       -0.2760861580740935      647511.605773976         -219702.38388371188
0.07792297315242978       0.08859825255097134      0.5810131268433469       -0.6663296688121552      462355.55569198524       -530248.3026012001
0.07748087946677888       0.08711957611091804      0.7076305672746424       -0.5381906819679321      563114.5133234066        -428278.53680597286
0.07884923766108717       0.07884923766108716      0.8077239078082177       -0.2181731345972938      642766.2629059011        -173616.66410506354
0.07828815644537546       0.08062742077581418      0.7861073276641113       -0.25117777888398457     625564.3349925178        -199880.9255211462
0.07663370813839256       0.08971574486654864      0.4964412209781368       -0.5685337084178974      395055.371366232         -452424.7500453734
0.07618718765410426       0.08798846040345627      0.5909561232227699       -0.5085096095497766      470267.9408066352        -404659.08984788303
0.06521467630070642       0.0652146763007064       0.7381757764156278       0.22007062532680613      587421.6184362244        175126.63925042827
0.06614729840632437       0.06614729840632437      0.7396441270955932       0.1881854606140182       588590.0947807686        149753.2313737309
0.06483451014044667       0.06652879841969939      0.7097632039786869       0.2026893012440143       564811.6116897459        161295.02102413564
0.0642316216844724        0.06423162168447238      0.7369949804868162       0.25384798235917494      586481.9708919587        202005.8059318347
0.06395441554896408       0.06544988821622912      0.7117061315271606       0.23672395150137207      566357.744306791         188378.93514844732
0.06332292534647313       0.06332292534647312      0.7362403088957366       0.2852187356098967       585881.422321302         226969.85817367726
0.06309316925880883       0.06445742089790454      0.7129387558824684       0.2689854859863796       567338.6356024046        214051.8485735403
0.06723942563482725       0.06723942563482724      0.7417952465922902       0.15105636576382495      590301.9012861721        120206.83648405045
0.06573452885040772       0.0676404434983112       0.7080700944649915       0.1678343152722108       563464.2779482433        133558.30448007965
0.06846313482955152       0.0684631348295515       0.7447773750684094       0.10973621047155431      592675.0037257194        87325.3016636024
0.06676889134357535       0.06892982650284504      0.7064811723376042       0.12768403491225377      562199.8538944344        101607.72655101663
0.07744520591917112       0.0774452059191711       0.7926081595260387       -0.17960142701984746     630737.532617693         -142922.27448283508
0.07672449246570189       0.07942812258187819      0.7596045868772849       -0.2137725561822629      604474.1239839847        -170114.79506898523
0.06981370536899426       0.06981370536899424      0.7487905173357939       0.06449821808539156      595868.5608716457        51326.051144545745
0.06802527987893789       0.0703122458005564       0.7081924919120005       0.08250044824934293      563561.67874181          65651.77073090016
0.07497364099124379       0.09110759165138803      0.42593427538670037      -0.49971645811242804     338947.7268002899        -397661.7222648349
0.07455668303742521       0.08901539205349004      0.5029840003432667       -0.45935772913594186     400261.94975383236       -365545.26619726553
0.06060980075892606       0.06454288227189177      0.6668711941558513       0.310066651954239        530679.234777494         246743.20173235712
0.06128235661448578       0.06390465059582896      0.6900529627040674       0.30985954146845157      549126.7000477981        246578.38844446102
0.06141998072869206       0.06480044024601947      0.6770271819112947       0.2914006685696619       538761.113043792         231889.28411572395
0.061948192169005094      0.06325941105473566      0.7130610793515224       0.3098430797212374       567435.977526185         246565.28860225563
0.062077918955752515      0.06415194851369789      0.7000006036755654       0.2917442191147532       557042.781211385         232162.67295298996
0.06260723440625691       0.06260723440625691      0.7358911865272194       0.3100021358449466       585603.5995678346        246691.86144384247
0.06256525506167925       0.06354727985609507      0.7190323477374572       0.2941658108952564       572187.7619269345        234089.71446307894
0.05993059835570277       0.0651740360935813       0.6435152696930232       0.31047439276687266      512093.1806337939        247067.6715615119
0.060857375683086794      0.0654627734517074       0.6553754886148958       0.289094369527171        521531.2429716342        230053.98965142132
0.07565042288683545       0.07565042288683543      0.7776189181531491       -0.12539039605195465     618809.4733292282        -99782.50673959528
0.07488323744593206       0.07788474024092167      0.7359646864778083       -0.16121733731732044     585662.0889701009        -128292.68073082513
0.071496872378743         0.071496872378743        0.7549728863943183       0.008654562583526941     600788.3338500585        6887.082077332384
0.06926059373792805       0.07217612357215966      0.7030920868643905       0.02879720005634114      559502.90536632          22916.0836808645
0.07350920549508758       0.07350920549508756      0.7643731990708588       -0.05718120952035665     608268.8649954625        -45503.360735690534
0.07061541910369257       0.07410741685019054      0.7006060378611639       -0.028129507600246656    557524.5704281591        -22384.75090660147
0.07281177067745936       0.0759405073787841       0.71814671306011         -0.09498123429058976     571482.9962435674        -75583.66469158395
0.07297576778753455       0.09271557267158426      0.3644574829397116       -0.44645900308393377     290026.04978342605       -355280.78614343907
0.07249958434039888       0.09021463976170438      0.43101110553715         -0.4087149514287906      342987.73986870004       -325245.0241772796
0.059244823887013305      0.06579804284776848      0.6199816063558172       0.3110963607362607       493365.68638790975       247562.61794537655
0.060214261646393784      0.06617784234406256      0.6311748650354527       0.28713775324733737      502272.998628761         228496.96388807334
0.07051255884983051       0.09460242673657568      0.3034914216145617       -0.4022022796174509      241510.79967971996       -320062.4046197299
0.07010271208933497       0.09160411990124745      0.3650976799573706       -0.3642970090680529      290535.5023829917        -289898.3487338683
0.058464504321659984      0.06649235545852315      0.5932559532992957       0.3120581032375911       472098.0874313877        248327.94831071806
0.059488090825374616      0.06695534457898204      0.6041330496744897       0.2853886276729867       480753.80570438295       227105.05398184157
0.06726737921398605       0.09693678245991963      0.23400743557156156      -0.36558771679112195     186217.2004573612        -290925.46130493487
0.06709647861231047       0.09334071245291724      0.29350491128220607      -0.32320217473639273     233563.78726155648       -257196.11863673702
0.06327822548272696       0.09958667722018419      0.14874809735742414      -0.3485321757498305      118369.97484974272       -277353.09298579366
0.06334403803787764       0.09557887049527786      0.20773808291769705      -0.28808682930525914     165312.71382392757       -229252.21461801545
0.05748266208909964       0.06734296666431007      0.5596537569823864       0.3136735237013006       445358.30921848567       249613.45907057388
0.05867945491123791       0.06785574867267886      0.5730931201723629       0.28266908255500134      456053.01463694574       224940.90873939754
0.05899500000000001       0.10218233739252591      -0.04883640553449408     -0.31267547689941105     -38862.77671827564       -248819.238660785
0.05896299696527654       0.09704606820534926      0.11540959986769277      -0.23076700337620212     91840.04149600526        -183638.54644913334
0.056215447120596874      0.0684043500446526       0.5162129404422021       0.31648151571518957      410789.20579689316       251847.98811643888
0.057695904494438045      0.06893686596162306      0.5350719786797767       0.27942949337948436      425796.75158423843       222362.9255850449
0.0068574906559106565     0.11779055531707155      -2.4336191209385201E-4   -6.4399027871818E-4      -193.66125635015928      -512.4711808056287
2.0816681710429214E-17    0.11799000000000001      -2.0496798839480276E-4   4.0800071426102014E-6    -163.1083426431755       3.246766522983265
0.0042313436434571        0.11356767203346232      2.0592366035975256E-4    -4.014426988474877E-4    163.86884222915597       -319.45794944864394
0.05394070832182324       0.10493826797570079      -0.048356583546496495    -0.10167707360483426     -38480.946512305665      -80912.04431663925
0.05407844423960478       0.09849596774405792      0.0518811335239023       -0.14079617654608276     41285.694267698476       -112042.03732874124
0.05472465209273551       0.06960275894911815      0.4647573672124406       0.32096951255843587      369842.16165117547       255419.42252735628
0.05647598170231507       0.07031424742913574      0.4863040930022393       0.274311069742643        386988.50123563595       218289.81347183642
1.9777523687465055E-17    0.11210000000000003      3.404843699291816E-4     -3.2589260136334614E-7   270.9488525987937        -0.25933709212026546
0.014909089110336038      0.11704426155049233      -4.256259197794865E-4    -0.0017330093424208536   -338.70234520469893      -1379.0850163535695
0.010192997219663281      0.1114688662394559       5.275763894072611E-4     -0.0010663125860622899   419.83195116370126       -848.5445947645776
0.023241732660952273      0.11567826919053045      -9.833581301334582E-4    -0.003894106593194859    -782.5315362017158       -3098.8315661685106
0.018044812603219187      0.1101801875380765       0.0010482352755231958    -0.0025739398744360703   834.1591281140572        -2048.2762711891646
0.047228151258160905      0.10812558359951763      -0.018195618859948234    -0.04263474379313559     -14479.613420884392      -33927.651110670166
0.047646070943868066      0.1009914369794812       0.018953019599598286     -0.06419356043277492     15082.333778968212       -51083.612287722186
0.03941618228110704       0.11121153121139257      -0.00666887402532703     -0.018426240410512443    -5306.9213299397115      -14663.13621966345
0.04078970606433425       0.10346183139736419      0.009583638123070642     -0.029110039755732623    7626.416900453135        -23165.033603632182
0.03141218947899167       0.113731765361028        -0.0025124200511245295   -0.008422251685888704    -1999.3203512983066      -6702.214938866181
0.025684698020256205      0.10840847636414219      0.0021674574103508967    -0.0056745413898985865   1724.8078039925192       -4515.65655990957
0.03328120371682969       0.10619627498291874      0.00441590416627126      -0.012633397772379582    3514.06488141083         -10053.33851760175
0.052906030098705155      0.07099495460379483      0.40080281375536225      0.328442752981491        318948.74507153104       261366.43829857316
0.055008066205074625      0.0719703363085458       0.4258356140855702       0.26718724241726327      338869.2146314561        212620.8518089999
1.8738365663208415E-17    0.10621000000000003      8.021388532213641E-4     -1.3869638436599442E-6   638.3218176812219        -1.103710758041074
0.004372144661014595      0.10858232104208498      6.928482311830373E-4     -3.4577766918002066E-4   551.3511040262832        -275.161126303972
0.050504639220672366      0.072722850722381        0.3115390025919357       0.3426404450116956       247914.86114212676       272664.6026340905
0.05301720670843381       0.073793699167813        0.34737267582604026      0.2640712655420467       276430.3922638642        210141.23619774613
0.04751802370256288       0.07470856057643367      0.19083951512473366      0.37947165850209164      151865.26084680945       301973.9510694377
0.05061797967209523       0.07591989888841694      0.2427466139937745       0.25411644151070406      193171.61767964737       202219.4389367553
1.7699207638951776E-17    0.10032000000000002      9.98056460719558E-4      -1.0287614816083686E-6   794.2280960415986        -0.8186623753025691
0.004217263228474815      0.10288744034561137      0.0010451939206343808    -1.3868607978142735E-4   831.738894792799         -110.36287567625563
0.044270000000000004      0.07667788925107417      -0.1556164021768667      0.1416590408929063       -123835.59816312359      112728.68295881488
0.0475200904463296        0.07824098118008233      0.10586572870590107      0.20718482954683845      84245.27013784858        164872.44878015554
1.666004961469514E-17     0.09443                  7.89536924722394E-4      1.360983011640619E-6     628.2935216157133        1.0830358688334953
0.00448761678646648       0.09724968491160302      0.0010774592044444553    1.5964572571522756E-4    857.4147918359804        127.04203195535688
0.04099956528045627       0.07847526519110085      0.030037856141319663     0.06176776297105724      23903.366423871343       49153.224002861476
0.04417668831734371       0.08067816795635904      0.051439451349476646     0.08781665402087684      40934.214761021365       69882.27286606656
0.036933125351110804      0.08046909873857873      0.021593357230591848     0.046417563763037094     17183.447705989063       36937.92359585295
0.040546655500063304      0.08316209321125854      0.04566817824873149      0.044687506207777394     36341.58155143696        35561.18753708765
0.005922552017316881      0.0883416944460665       2.593174417264256E-4     8.005290940787834E-4     206.3582634035257        637.0408120575765
0.012799425811237228      0.08760996689248682      5.826873382659227E-4     0.0023614321149137596    463.6878508104044        1879.167969322367
0.009447203343351838      0.09315385017480615      0.0012306451996931067    9.291442698392286E-4     979.3163336173528        739.3895169521154
9.536788967271126E-18     0.08854000000000001      1.9927864824672155E-4    6.115801654945771E-6     158.58090960568398       4.866800321771067
0.003957202978266322      0.09237268748769878      6.822700462099351E-4     3.838956504042594E-4     542.9332518892352        305.4944519665803
0.03204602185737191       0.08253716788887804      0.011063971509912578     0.027176177605465795     8804.428780152439        21626.115001265745
0.036032504463244915      0.08575017626963143      0.028977187167645174     0.023994337091390937     23059.312873148836       19094.086771540387
0.020031448680170226      0.08624426162808578      0.0017444839048754068    0.006150292088699105     1388.2161830258635       4894.246936877201
0.017060555415189724      0.09221927149471384      0.002899998271702535     0.00238811444617469      2307.745299497059        1900.4010938893298
0.026551850082153605      0.08446496822479033      0.004853666646512718     0.014004144198100608     3862.42519456381         11144.143864496995
0.024227927095307304      0.09040297655894745      0.006985232346965031     0.005652948789454962     5558.671283324431        4498.473714435514
0.03062488558693772       0.08826372720500213      0.015421266931554432     0.012057387406127648     12271.854304482365       9594.964032295908
0.08031283172094719       0.08386210857021839      0.8426393031641976       -0.31751173480040046     670551.051710461         -252667.8104158335
0.07932283778668928       0.08434486253595834      0.8247734853911588       -0.345972817707273       656333.8856556703        -275316.42056771857
0.07841958596069708       0.08514352279139463      0.8008297841073256       -0.3931105313622412      637280.0935794812        -312827.42123891116
0.07942899902218761       0.08297469528893767      0.8131380770321092       -0.3063970877860384      647074.7218794927        -243823.05535054705
0.07730293890868928       0.08579167230765268      0.734758575823297        -0.4332992160720666      584702.2966071945        -344808.5603785631
0.06282621703126301       0.06561529597083426      0.6885649737635097       0.2526684288377876       547942.596072019         201067.1470639835
0.06221848443651151       0.06493703648148491      0.6890956914622601       0.27523756199954175      548364.9277977312        219027.0925839454
0.061820600974276524      0.06565890358970608      0.6695571595985158       0.2689528876962926       532816.6581633644        214025.90767852182
0.06351875687336868       0.06668099127113962      0.6832979863712126       0.2216616113540618       543751.2606785852        176392.70570356763
0.06235286911279307       0.06667342701635826      0.662054656875178        0.24135254955987753      526846.3561934662        192062.25645143082
0.07817731863265387       0.08379892469820856      0.7797882175954203       -0.3379337600880143      620535.7469756481        -268919.1417781906
0.07739033666723676       0.08472858927099912      0.7475857850213521       -0.3765794050235918      594909.8653569159        -299672.36888054776
0.07809203152038088       0.08231142222653517      0.7762017880095207       -0.2919649087355127      617681.7569924134        -232338.29217315465
0.07620818587662817       0.08499488896237778      0.6917369725893217       -0.3764482526592114      550466.7925350672        -299568.0011451011
0.07605679828797222       0.08639948497065707      0.6524471203911818       -0.436318601756675       519200.92158164765       -347211.3111625948
0.06423967857963361       0.0679140114334461       0.6761742854815123       0.18710125155289395      538082.3996300654        148890.44521661615
0.06124867885331272       0.0664644483718322       0.6452912603396673       0.26398657558358135      513506.4690852859        210073.84207014603
0.06288813303119489       0.06788171302469878      0.6516732475847234       0.21004053502886197      518585.0931692864        167144.94699754883
0.06173138275029075       0.0676027082534821       0.6348326651255064       0.23467159306766214      505183.783454631         186745.72019984093
0.07662565059207019       0.08345705984452777      0.7253710203369863       -0.32161056320228126     577231.9173112155        -255929.5544210574
0.07518387719423536       0.08417252318022517      0.6667500195003038       -0.32885374244219356     530582.8070504548        -261693.49331972058
0.0764895242349465        0.08144424246424385      0.7369323003426942       -0.26019529211180564     586432.0916181051        -207056.83454416753
0.0746895136095653        0.08542000420020482      0.6251343907102338       -0.36157025719934793     497466.1418913696        -287728.4685414208
0.07447208428615563       0.08708230703356874      0.5715960386393842       -0.40910502895715234     454861.67500602006       -325555.43801141885
0.06605394384126151       0.0706889436782187       0.665414223317314        0.10618282020351384      529519.8142230243        84497.60353413601
0.06509703502646622       0.06923476557560528      0.670633360453332        0.1486800344694243       533673.071592383         118315.8121244113
0.06344609289816522       0.06925815118777101      0.6393311835611132       0.175071052328158        508763.5906827152        139317.11685163112
0.060516002273872424      0.06721240872050395      0.6188477839550676       0.26272159667720757      492463.4191895716        209067.20384086427
0.06190691857796369       0.06905253277261666      0.6136993589433323       0.20448305712521025      488366.4327407935        162722.4466000981
0.06080300151545515       0.06820338528426405      0.6072110740941866       0.2392062573507044       483203.21971114463       190354.29137938312
0.07359618951534985       0.08407213898798634      0.6194931887763747       -0.2973735759562383      492977.0160276035        -236642.3727917426
0.07482007229645475       0.08250604043944613      0.6793101761769229       -0.2721232829017409      540577.8621559177        -216548.82802103157
0.07438674208969578       0.0803353889172617       0.6956733944382215       -0.2103277268306796      553599.297511804         -167373.4869719226
0.0672701742179504        0.07185264229654778      0.6702584840968155       0.0652018421982219       533374.7544664436        51885.97742272372
0.07293696114650199       0.08583262584003443      0.5632874064527372       -0.3318434233135203      448249.87559183355       -264072.6057644153
0.07248313678479308       0.08785654811032953      0.4992507936209414       -0.36777911425506954     397291.1582366226        -292669.31999826635
0.06550122420221191       0.07278639315677664      0.6218413409412631       0.07486764987655925      494845.61614847305       59577.78277763866
0.0643177958103291        0.07098498496491511      0.6277839813705869       0.12821039998292497      499574.6191451962        102026.59456535782
0.06251507779571026       0.070696281532711        0.5980022256219804       0.16304707160825116      475875.05093846517       129748.737015557
0.061194974956580106      0.07029163220330667      0.5793271477068558       0.19275119727291462      461013.89612437336       153386.52916432708
0.05980964457939593       0.06819700787166348      0.5885432402903555       0.2564283242650433       468347.829577656         204059.17677776524
0.06047663979330017       0.06927599308848183      0.5826997065707037       0.22440776389101666      463697.69319462235       178578.0244572712
0.07178946793296806       0.08438922006826938      0.565864395239398        -0.27039365444611085     450300.5781102808        -215172.4334289019
0.07215227745360397       0.08205197453692435      0.616643473436158        -0.21995044800813268     490709.284613602         -175031.0051788562
0.07210243218646996       0.07892095273654877      0.6625422373483731       -0.1474361207900359      527234.3604057867        -117325.93707013987
0.06767419036394914       0.07434001401948699      0.6399203448476999       0.01112163823637566      509232.4303379087        8850.318502995078
0.06971530907695872       0.07687805992589312      0.642267627343259        -0.06998778936689633     511100.3383979152        -55694.513169079706
0.07058492227855317       0.08612209003479741      0.5017968383181225       -0.28431872112644657     399317.23623106885       -226253.6494042003
0.0700483015442651        0.08867840788367083      0.4330437515335966       -0.32090144474614263     344605.2681581522        -255365.2558833966
0.06477705280327278       0.07514286603722617      0.570746743717576        0.04030636729586832      454185.82758127694       32074.78796607477
0.06298670936060348       0.07282789953905748      0.5724344665843005       0.11408562692238565      455528.874765319         90786.45730217744
0.06114055117601332       0.07166013971039556      0.5554499158267135       0.16705145710607702      442012.9987189933        132935.3257456794
0.05996541894740844       0.07062480454561215      0.5498390520669946       0.20703574691597723      437548.015207121         164753.812592002
0.05913516724034491       0.06921777392770775      0.5579209901503804       0.24863242320728896      443979.4171857885        197855.3958317805
0.06962745432782938       0.08359901744221764      0.531839358191463        -0.21100704550243646     423224.3139349621        -167914.07159464623
0.06873713135483325       0.08048761656169018      0.566248569088068        -0.12960172813000578     450606.29394539306       -103133.77832571183
0.0665498604706517        0.07754002992763238      0.5684058386106765       -0.0348281760494719      452322.9944859164        -27715.381885741062
0.06735398486033407       0.08972472891185213      0.3673757115722773       -0.2793891021821437      292348.3023431517        -222330.7832914741
0.06808908802634395       0.08634186702698039      0.4478995237799411       -0.2368093353101033      356427.11609041766       -188446.88142454528
0.06341400270292413       0.07762891663195164      0.5047398027636892       0.012621498155419372     401659.1729253472        10043.869103301162
0.061797949878392176      0.07520829572210161      0.5108241439038528       0.08618994865807246      406500.9377649192        68587.78186884453
0.06085731385829475       0.07331633564927628      0.5225799975758973       0.1390155371783632       415855.94887577376       110625.04954255829
0.0593161911522154        0.07216238826316439      0.5109853751390291       0.1876506746285447       406629.24150521477       149327.66220830902
0.058291582749296696      0.07063742114421098      0.5166996266906801       0.23560558010964436      411176.4984077939        187488.96347241718
0.0663340180565788        0.08368189593628127      0.46354411259068024      -0.15359631001520796     368876.68429976417       -122228.05989797768
0.06490212472736226       0.08062032839650135      0.48663638393405656      -0.06990586094566463     387252.9299573524        -55629.316602986015
0.06406951276106042       0.09137572418157877      0.28825147574814347      -0.24232169213824464     229383.23609425314       -192833.47561097055
0.06472742044910815       0.08722451734674738      0.37181162484792174      -0.18939441557051392     295878.2899678806        -150715.28716023962
0.0618600018114261        0.0798133134553228       0.43997342186694866      -0.006329897204920405    350119.7245959033        -5037.172147133271
0.060169230618236924      0.07760294139761621      0.44049840730586265      0.06373660704463335      350537.4947341755        50719.980335295586
0.060801315781265804      0.09311455247662982      0.21233716088251212      -0.21219616397089128     168972.54378275425       -168860.34200552845
0.05898076459434948       0.0747396387341596       0.4614430236511798       0.14090787978897962      367204.6908467781        112130.92794507339
0.057150533346631435      0.07254648379481438      0.4603292771092284       0.21685420384911216      366318.3995092628        172567.09236421858
0.06192088945399585       0.08381802884355057      0.37894283056623157      -0.08298337962802056     301553.1231692516        -66036.0753113538
0.06035796827276695       0.08884072148236039      0.27484952493805165      -0.14284211445894923     218718.30250175038       -113670.14298920032
0.05861526185777282       0.08086121191503318      0.36098932950244705      0.02176143200126351      287266.18096871703       17317.197358796217
0.056953985110250314      0.07760192717840558      0.3739626657528585       0.11280778310920993      297590.0339319484        89769.58150534588
0.055869498322664184      0.09232137816726987      0.16190556155030075      -0.12452236557641978     128840.35217399737       -99091.75003491637
0.0558187982465131        0.0746319681210541       0.39623953210629126      0.1952774831662272       315317.4009156801        155396.8836022472
0.05630616048836641       0.08558581306847331      0.2555659280620439       -0.034829029143288566    203372.90368471012       -27716.06075623028
0.05448130366436128       0.08074524754683057      0.27839980784001045      0.07839248301961109      221543.52786785728       62382.75586909286
0.05361934367519363       0.07704208410573567      0.30657601732881334      0.17503238080736747      243965.44295653608       139286.3430331776
0.05130437689612091       0.08864374276689106      0.14971171376858705      -0.02835158142705785     119136.79642514797       -22561.471642943146
0.049496170118775704      0.09463117117666404      0.07914507307973764      -0.06626136813342944     62981.648010047706       -52729.12137233545
0.051580446123460855      0.08386225000187039      0.1908437497393387       0.0425575586281949       151868.63064604186       33866.2291080018
0.050826788649508035      0.07955976373189388      0.20435836588900771      0.1439383645385667       162623.22046708874       114542.51108438033
0.04824490516085539       0.08578011756534189      0.12623110967626766      0.02819888487030219      100451.52538476589       22439.959583939268
0.00814770162885214       0.10547227421369752      0.0011224157870734289    -5.335927890248976E-4    893.1901035855824        -424.6196498575164
0.04632269960808792       0.08970550190512411      0.09001765092276753      -0.007963278222653277    71633.77054939583        -6336.975461756559
0.013719866080006478      0.10495469436891278      0.0017614403801228388    -0.0011096867878049828   1401.7097172910844       -883.0606878146509
0.020463614964220445      0.1033396764400258       0.0035187517913661385    -0.0022551266589675672   2800.1337055469126       -1794.572775364996
0.04223350835905502       0.09540104478156954      0.04227438907302262      -0.023395028163814443    33640.88993580778        -18617.17188022588
0.03497949202626204       0.0988015405961724       0.017093863359631544     -0.01099984404220297     13602.864251113964       -8753.397762782688
0.027666445853021703      0.10133832567075401      0.0075830988674506624    -0.0049205036531762844   6034.438343546631        -3915.6123945236736
0.0476061274539271        0.08218308076975445      0.11859165796440457      0.08644177256446528      94372.24287249161        68788.17696630016
0.044393636636560964      0.08520592337407641      0.08002563449583479      0.03868430404181852      63682.37652038701        30783.99104162601
0.00930403116870587       0.10033413146150173      0.0015444329995871597    -6.848945228738239E-5    1229.0207307926983       -54.50217440596714
0.040744412951663166      0.08839392773780479      0.05251110428366424      0.013645573538131228     41787.009069795815       10858.802399587745
0.015388998105248379      0.09845257303129747      0.002810602022224053     1.2783664650576078E-4    2236.6060245051754       101.7291709984155
0.022342481124710416      0.09671957094073658      0.006020182844352514     3.593444043452881E-4     4790.709289978645        285.9571911198268
0.03564371435326361       0.09186253089866052      0.028484004605648875     0.002913024065342136     22666.85066020666        2318.110896724246
0.0292474827324188        0.09456476880178287      0.013329359375053343     8.524991512580157E-4     10607.167163940183       678.397269521793
0.11799000000000001       0                        1.5149835569961492       -0.09144654961243456     1205585.6089943964       -72770.85199758603
0.11788650272336522       0.004940908383484926     1.3740399253022186       -0.05598733772881804     1093426.2305873337       -44553.3077504838
0.11448263286439062       0.003286745818182872     1.409955639766254        -0.016879915082232348    1122007.0480454753       -13432.609621543577
0.11289337904982205       0                        1.4168518386998468       0.005214052449354242     1127494.868789607        4149.211104275659
0.11757619246284992       0.009873148734768283     1.340718720895584        0.0037809729379002285    1066910.0586318767       3008.802663817536
0.11705961360809372       0.014788068228263807     1.3444291902814165       0.06405523811559503      1069862.7563516088       50973.53888512667
0.11302886640859586       0.011562906823780498     1.3811612699713354       0.02880670412808863      1099093.216615089        22923.646780855062
0.1136711124572023        0.007092371443191518     1.38834767357795         -0.002961749077366392    1104811.9749003195       -2356.8850293036085
0.11541163541058173       0.02453150039958742      1.5501158819380059       0.062358777472845205     1233543.0248784323       49623.53839985421
0.11428312718157295       0.029342919786558577     1.3922788903043273       -0.008459822690518265    1107940.337772162        -6732.112994384796
0.1113173031116549        0.025525035405841865     1.4397674586836997       0.03982611908795406      1145730.539761835        31692.618585071876
0.11633767241394494       0.019677044425055922     1.3877172300694356       0.12473529537780176      1104310.2838967182       99261.19418702398
0.11242383873718667       0.016231160662327555     1.3938826190661089       0.06105820338036147      1109216.544571243        48588.57442147401
0.11185635563443776       0.020897221579223996     1.4250049991588918       0.07213316336470052      1133982.947733999        57401.7475517365
0.10734751346368639       0                        1.4186032232962995       6.200131426796144E-4     1128888.576368509        493.39078219700605
0.11034200124820465       0.0037719586379527685    1.4120586044003751       6.254009910711637E-5     1123680.5341288142       49.767829571772985
0.08948231408610921       0.07690614777633113      0.9336825763622221       -0.3085846551339859      743000.9865341183        -245563.8661344084
0.08791416271201503       0.07869396479175086      0.9028353953542408       -0.2886082454043106      718453.579844765         -229667.14436587412
0.08713661819824586       0.07634510021879945      0.9321526903081638       -0.2664660635441987      741783.5418947648        -212046.95589649156
0.08657946980408819       0.08016006180413637      0.8841998118623341       -0.2780432064565894      703623.8536940716        -221259.75350343296
0.08591528420886102       0.07823832603550356      0.899533454465315        -0.2631794359911714      715825.9787734161        -209431.54079065993
0.08535485188918376       0.08146280966782013      0.8729058320096171       -0.27370651406861723     694636.3900903709        -217808.72335235914
0.08492012234899939       0.07988984896572834      0.8792866279371299       -0.2646698931717353      699714.0661539923        -210617.60892942772
0.0843024280810749        0.08255144286828171      0.868067805013485        -0.27467634945091907     690786.4105341384        -218580.4938277529
0.08407667718681364       0.08127463700750476      0.8683174041175024       -0.2690671664952731      690985.035190117         -214116.84785726364
0.08340451560859331       0.08218779137524897      0.8639582072851045       -0.27415290571297324     687516.0965711835        -218163.95053613
0.11295412751381195       0.03410286172146703      1.3633626199150364       0.048261479118150576     1084929.500930975        38405.26481289975
0.11001097928019336       0.02992075765684012      1.408826212320635        0.0377428368353351       1121108.2782413054       30034.79524327225
0.10180657326284748       0                        1.4281378981786899       2.0753972423204336E-4    1136476.0295600418       165.15486499729255
0.10498366260481946       0.004180654300370019     1.4211693023980685       0.007683893462256151     1130930.597235566        6114.648133547821
0.11142696792431651       0.038802975648696426     1.3746064670057325       0.1020730231890747       1093877.0701502431       81227.13098437448
0.1085595884776273        0.03396748082373247      1.3975971821503217       0.0617567701038565       1112172.4999526388       49144.47615709272
0.09137660569618329       0.07464553591102568      0.9883153740840052       -0.34541543195106456     786476.3855959255        -274872.86707617063
0.08856073117301977       0.07411276050878057      0.9840338108846586       -0.27400931620851277     783069.2258592438        -218049.685639075
0.0966415366147591        0                        1.4369296011865267       2.2146130473866263E-4    1143472.2445195077       176.2333067636937
0.09963047694956788       0.004042619711685068     1.4329147587532567       0.007683628418028668     1140277.3344245574       6114.437218053111
0.10970432756994614       0.04343501597128686      1.4388035288229781       0.15341110531633864      1144963.4687511965       122080.6786814332
0.10683912596961814       0.0385383863632416       1.4094673159277986       0.08263408574367302      1121618.4522818762       65758.11606992541
0.09343236160643201       0.0720557694056827       1.0838511051060236       -0.4097857640878699      862501.3047661852        -326097.1498163689
0.09005230180122793       0.07151615182389273      1.0673801442552149       -0.2771405386842282      849394.1305817887        -220541.43331372776
0.10778922854725045       0.04799085651651367      1.6361335560434764       -0.013771698976036034    1301993.715014199        -10959.169834048642
0.10474153112984697       0.04256788114497181      1.435116365130959        0.068677244309798        1142029.3171133273       54651.61454917048
0.08270178787838313       0.08113009200439945      0.8581065382104333       -0.2661017316188187      682859.486278324         -211757.02976223952
0.09226036331360608       0                        1.4382993270784736       0.002147310501169362     1144562.2377514292       1708.775403071195
0.09461645063218367       0.0036526612522421796    1.4423436909912792       0.0023800889779452485    1147780.6402933567       1894.0146291926171
0.09545591516630005       0.0693527819179889       1.4650376066628619       -0.34639527409523474     1165839.8845795717       -275652.6006796428
0.09156388403231572       0.06864556012012753      1.1742950690286769       -0.23643923375803153     934474.3244217619        -188152.3639672542
0.10561263419468672       0.05260809441957833      1.358353864628607        -0.1368073426571234      1080943.6601181102       -108867.8241757395
0.1028009175355978        0.04732080296451955      1.4263960823202957       -8.505574538540525E-4    1135089.9365409457       -676.8521158226455
0.1032383698709853        0.057126868340401905     1.288625770959248        -0.08260370119802797     1025455.8062188443       -65733.93681676034
0.10058457894567877       0.051403316626392526     1.3592920398879842       -0.03533961332485114     1081690.2362681923       -28122.370738031343
0.08169437772638247       0.07979940651750624      0.8493463943030434       -0.2484056011190485      675888.3852530369        -197674.89654905107
0.08854                   0                        1.3892130531660276       -0.04757009886087521     1105500.6220957865       -37855.08188539215
0.09096692940987817       0.0026461312686718156    1.4440633754881627       -0.010047695356363679    1149149.1217345442       -7995.701913233812
0.08846233537695361       0.003707670381165819     1.4631817461507606       -0.029709470376927533    1164363.0377086217       -23642.04533565126
0.0882294777579518        0.007408836248634492     1.4836165095986347       0.0015651832417712837    1180624.5057768354       1245.5332488624845
0.09115969696053405       0.005797433054090104     1.4586545622530156       -0.0011885531021771799   1160760.4192305608       -945.8205066935237
0.1006708720670774        0.06153873265882323      1.273962463266799        -0.04623628828576731     1013787.1167121908       -36793.66915450882
0.0982013404321818        0.0561610966466321       1.2960632489788664       -0.036511336194397205    1031374.3631736425       -29054.798171141727
0.09795763961969521       0.06577188563617369      1.3239484417759322       -0.03293346146309336     1053564.6945372599       -26207.615924888756
0.09569362418695185       0.06043072125979494      1.266249742265752        -0.04925582218964705     1007649.5283521647       -39196.53788768896
0.0935896680844107        0.06481104412829265      1.2603196823518423       -0.11205401611572578     1002930.5366115152       -89169.7527905833
0.06761984122860096       0.06575726948087388      0.7721408400450452       0.171493680633202        614450.1572814871        136470.3349089847
0.08058985422403063       0.07843915269693937      0.8403421699062049       -0.22278796284477362     668723.0511457095        -177289.02774059618
0.0689695107026276        0.06681881920733804      0.7793782781327044       0.13141792026710664      620209.5275163498        104579.05810683298
0.08784183565438272       0.011097004499792165     1.4852750407845778       0.03292571774665769      1181944.32295941         26201.453671145562
0.09095937242265177       0.009632417184878164     1.4661315803864152       0.01951986735201465      1166710.4412081523       15533.416887856185
0.08730008912221954       0.014765704834260972     1.4691610320950088       0.06106279283102204      1169121.2022795565       48592.226590267535
0.0907489686324901        0.01359654192915166      1.4613718643353415       0.03923011297483647      1162922.7795219414       31218.33198999362
0.06648830650317797       0.06482726294972688      0.7670967177249812       0.20612870424082894      610436.1722774955        164032.01096527628
0.07938091067651583       0.07687495023579947      0.833021518640983        -0.18748085947136342     662897.4619681493        -149192.52759992238
0.07043538685779648       0.06798828669454811      0.787560798067296        0.0881190371200547       626720.9699890408        70122.9016907746
0.07196539697289345       0.0692842657935101       0.7956667629395798       0.04218856173603578      633171.491878807         33572.590711138444
0.07394669430595753       0.07086808455722911      0.808665096356829        -0.014540191340434666    643515.236955366         -11570.716626660744
0.0777276726196895        0.07481419232655398      0.8258012456698736       -0.13415574086934903     657151.7512990251        -106757.74651756154
0.07587177829458708       0.07281210584392352      0.8172194641451188       -0.07545077720983079     650322.5865480279        -60041.82076534947
0.08476106831149172       0.025590875301455124     1.5097676754131582       0.06723710901891743      1201434.9423118215       53505.59129784683
0.08575835308633331       0.02201900260955925      1.492737123217933        0.02824403108800085      1187882.4594845483       22475.885802482488
0.08832670618911216       0.025426814421502936     1.477733588236062        0.06506012071272281      1175943.0257034637       51773.199047926195
0.08660518856897115       0.01840850110500441      1.4223028520445997       0.027634769124173616     1131832.6473829935       21991.05053657759
0.0893095402518886        0.02158143116318725      1.4641265680468942       0.04462526823913481      1165114.9030841773       35511.66013530033
0.09003186850722193       0.0176392906849555       1.451723951640932        0.044588162903047956     1155245.2145427696       35482.13264703378
0.0653659351032321        0.06393097039978221      0.7620170439006801       0.24029682596581173      606393.8962853352        191222.13830875923
0.06432608620481974       0.06318622278027135      0.756180099158614        0.27068759483942284      601749.0032440649        215406.3437617518
0.06354743915020963       0.06263342021707266      0.7518897751854632       0.2935081437729917       598334.8719051018        233566.35959599167
0.08361508382082364       0.0291178529022424       1.5144997664359525       0.10677193713508958      1205200.6206990138       84966.40789273304
0.0869453343897908        0.028909829119222477     1.483361958608298        0.09405307992059599      1180421.9405349302       74845.06291189969
0.08232241006053927       0.03259374789471768      1.5186903513349694       0.1523029253592688       1208535.3822046379       121198.81709141804
0.08560357929572622       0.03229748866564914      1.4803637434779884       0.1298671088816322       1178036.0367427221       103344.96161782574
0.06325256646212525       0.06195518086451221      0.7583281009183196       0.3103103961955324       603458.3287332011        246937.1672366173
0.08088531481967588       0.03601246237793134      1.5069667126331223       0.2773641245574318       1199206.0069525258       220719.35729835718
0.084340027136294         0.035914642628010716     1.4564883631770897       0.18209208650391387      1159036.6127772878       144904.27832507447
0.06403046735397397       0.06115088593333432      0.785475322983677        0.31092403942032126      625061.401647776         247425.48899921728
0.06425264001018803       0.06211327319530788      0.7729680482913857       0.29061676446104173      615108.4286883444        231265.47304673924
0.07925199280953947       0.039477249596656196     1.3663246768726243       0.29513091726112073      1087286.630963574        234857.72170676268
0.08279126825764761       0.039592574896770635     1.3875416353677883       0.22419536667628837      1104170.5500729787       178409.00412415643
0.06494239860052184       0.06018152925949067      0.8174410845955045       0.3119598896801756       650498.9464988736        248249.79244501144
0.06531949617153127       0.061347834295386906     0.8041993859136024       0.28584618056617384      639961.5374980828        227469.16300522516
0.06595176493657498       0.05907365150175455      0.8530334784733032       0.31352818582157466      678822.4736095004        249497.80286068955
0.06648638912783597       0.06048611092341995      0.838385563968937        0.2810240045102652       667166.0336127138        223631.797226439
0.07747033874376671       0.04286814918941593      1.295304531385592        0.29683187162114394      1030770.5948967402       236211.2981786197
0.08106658883127929       0.04321672720802586      1.315630144684244        0.2366811556128452       1046945.2040360145       188344.87926243202
0.07554368177658301       0.04617882354108153      1.22712236044901         0.30251841046666506      976512.9472202723        240736.50201036353
0.07913241078171547       0.04664935461349776      1.2476816769973709       0.2417375314530635       992873.5314965857        192368.61530793787
0.07350766515745245       0.04935539244195957      1.1587877253283967       0.3122156853446357       922133.9724011392        248453.34816711294
0.07707150069673621       0.04945156194968957      1.1856864922821495       0.2507905761312029       943539.3310199725        199572.79936072626
0.06714769952971636       0.05771064068148021      0.8955525944468631       0.3160468404404249       712658.1110249487        251502.08452334578
0.06783019812291353       0.05935490614398268      0.8795793478142322       0.27775362755549876      699947.0052309027        221029.31393581443
0.06859038480602066       0.05598830870960474      0.9475024628946506       0.3204228435161493       753998.502807144         254984.39712578015
0.06936475015611272       0.05800184795638417      0.9271360195733328       0.27494129460229294      737791.4021682008        218791.33048019986
0.07012996535880023       0.05404738253397176      1.0045305620488982       0.3281210801904869       799380.0221848101        261110.45922484086
0.07120646877718549       0.05632097021683844      0.9851872796454146       0.2722836814257381       783987.1271341257        216676.46911082554
0.07163036468195784       0.05204250623797556      1.0834691340581157       0.3424597063658564       862197.3418642228        272520.7753896253
0.07307403995144686       0.054334449897609154     1.0512718199447582       0.27056445086116837      836575.5333871063        215308.34889749586
0.07495948245286674       0.05193175863786152      1.122419363922246        0.26416792098679226      893192.9499514322        210218.1521567861
0.10927076903440505       0.013643535672718143     1.4041827651517116       0.03877185059164563      1117413.1403917044       30853.65837240415
0.10819735413318383       0.008959276783127598     1.4086398926008006       0.01878299493544206      1120960.0097192698       14947.032450228198
0.10778683334685754       0.026546872557078435     1.424688290655154        0.048355895159653176     1133730.9191145534       38480.39871146129
0.10788700735441632       0.022361810837013576     1.4289352081534223       0.054504181019859314     1137110.5086783178       43373.04914243035
0.1079857158486039        0.017221954178257833     1.4159466747737426       0.04964848273952288      1126774.5622238673       39509.007225038564
0.10392748414710305       0.024722609951602276     1.42824628353246         0.05408010988812572      1136562.2798840983       43035.584058240485
0.10509924547007155       0.013342847412321768     1.4196245256312812       0.03407530745710771      1129701.3029435275       27116.26809587407
0.10256873778832068       0.008331936831065196     1.4263437471911757       0.018575181146999718     1135048.2895684615       14781.659491861938
0.08592198817235157       0.07387486465659358      0.9593317960117999       -0.22340481395649325     763411.9870025188        -177779.90225850572
0.08489678682194393       0.0761920304039316       0.914753385904406        -0.23436205058758683     727937.6153836716        -186499.3941208364
0.08404454536787374       0.0781489500286747       0.8856204305211023       -0.24454526286679454     704754.3461030293        -194602.93697478637
0.08329052673948902       0.07977408711711637      0.8674944721320815       -0.2548114261628451      690330.166723576         -202772.49015056147
0.08356226221813491       0.07438598949713646      0.9218673824340641       -0.19594953377287103     733598.75394784          -155931.68448252356
0.10516489604963539       0.030039375646362332     1.4178575236506614       0.057538005195763416     1128295.167445183        45787.28971276452
0.10232910705337786       0.018652134012955183     1.43009820504859         0.0457785729306758       1138035.99220165         36429.43084804944
0.10069556489355219       0.027490786623965976     1.4293443173648013       0.0614009840431621       1137436.0674445948       48861.35060587919
0.09970149543759983       0.02324467950599663      1.4350396517910953       0.05438197774309578      1141968.2705771257       43275.80286463564
0.10010201772889037       0.012673510589943216     1.4337573212473405       0.030414935306481258     1140947.8243535436       24203.436489233514
0.09743983033609714       0.007747297905646722     1.4400587006676764       0.01575363317358298      1145962.3027687639       12536.342956160972
0.1047678209587603        0.03485385415929129      1.4110899221836228       0.0686900234049406       1122909.6813134076       54661.783829971406
0.08395100540794984       0.07150008080425806      0.9678379480390121       -0.15984353550486374     770180.9677116286        -127199.4439844197
0.08703560969254603       0.07129575995556198      1.0196297076673684       -0.2066805984449349      811395.5404930295        -164471.19441851243
0.08305602987992508       0.07637697825750538      0.8918458338333034       -0.21542567561584294     709708.3646524167        -171430.30571586298
0.08229894832330278       0.07819331572983458      0.8660655125836697       -0.23116618728865812     689193.0368455356        -183956.20691348403
0.08164486655124208       0.07313917843822533      0.9102016714703135       -0.1532234504517105      724315.4761250289        -121931.34768492915
0.08138515890631137       0.0709549552919841       0.9349084310600089       -0.11544826898394149     743976.4907074444        -91870.81340098516
0.08190036943816616       0.07518095015311158      0.8893777287290515       -0.18670425622168868     707744.3090153566        -148574.52636988755
0.10125409023498134       0.03237375878976095      1.420298079571358        0.06880588240890816      1130237.3001385385       54753.9814958871
0.09763993768869889       0.029619645809586474     1.4319561778177035       0.07059868743982188      1139514.5199533228       56180.65040923678
0.09690707129051924       0.015650493236249775     1.4422642902660967       0.03807520627315144      1147717.4552038673       30299.286438077972
0.09703113162199578       0.020003688746387315     1.441552041144215        0.048094739452910325     1147150.6653615655       38272.577603237376
0.09648548580329457       0.024944650040487175     1.4413378648736814       0.06042367687404292      1146980.2293008235       48083.63427145686
0.09372361616358532       0.0077368819889481535    1.4520241710174069       0.012558613693516274     1155484.1215316593       9993.827238523401
0.09479634198059075       0.011945885994059477     1.449270327325815        0.028299316334849507     1153292.682351563        22519.880404062587
0.10172475402917815       0.037910036950172185     1.4145625418104475       0.07196539615831259      1125673.104208843        57268.242650809734
0.08244555574122006       0.06899733907564465      0.9789600088709582       -0.09779832087026094     779031.6225054935        -77825.43096294651
0.07963519717877372       0.06855218745673829      0.9383637814439025       -0.052170501733971295    746726.1711760001        -41515.96617272914
0.08826843932808233       0.06831652050241473      1.095362478937196        -0.17155402889773344     871661.7650012341        -136518.35853202068
0.08503763744457093       0.06821605787863479      1.0342606552993998       -0.12101142781251928     823038.4786818117        -96297.83453485253
0.100629158453389         0.042802188330673056     1.412550881970861        0.05629717650600412      1124072.2761723949       44799.86961523737
0.0811183560021158        0.07662131976126543      0.8630840631863985       -0.1995663075607946      686820.4747997652        -158809.82161448975
0.07896993073097316       0.07196646468541978      0.8819366297185318       -0.10041756945118598     701822.8705675544        -79909.76275714976
0.07659000755456845       0.0699076503802682       0.8684460666879071       -0.033842983246168114    691087.4216104709        -26931.39036301927
0.08010111117436126       0.07485233359311172      0.865624482125285        -0.16163542233680586     688842.0759580055        -128625.38221824402
0.09743121110436367       0.034151363194997245     1.4210793956329033       0.07908524727285758      1130859.051705099        62934.0401456006
0.09461977445077172       0.031069613209368584     1.435982326999507        0.0810600688968696       1142718.42767287         64505.55326153198
0.09429558969850543       0.027916804258978738     1.4445280279884973       0.07207098564330823      1149518.8804457854       57352.26809318764
0.09369351728990147       0.016584059123598657     1.4493483273581145       0.041401970089732364     1153354.752805072        32946.640967618536
0.09308612784088617       0.020956594531794465     1.4506907647922747       0.04957672836871021      1154423.030572263        39451.906911022124
0.09207732885109222       0.02505918548059541      1.4562080674519355       0.0631376965048307       1158813.5605263584       50243.38247089845
0.09641034035328747       0.04008282666826937      1.3998973215784574       0.0793302534776704       1114002.8927515806       63129.00988852133
0.07433596408923317       0.06827437789296172      0.8520940014513649       0.025828779101736563     678074.8615496868        20553.889340350095
0.07678048141550965       0.06697268238970748      0.9122206108498626       0.01354155779558572      725922.0970353194        10776.029301660286
0.08986574315169851       0.06497508317721065      1.1728394556303996       -0.11198213380110401     933315.9840839286        -89112.55066211859
0.07889929474211682       0.06548483315500489      0.9679841595612843       0.008810954873270292     770297.3191441615        7011.535107202956
0.0822348938483338        0.0657483021820364       1.0194635584792968       -0.04046845082164458     811263.3231701681        -32203.769937680045
0.08605545984613489       0.0652505100590606       1.0919965458986836       -0.08017431920305888     868983.2405952563        -63800.69605097143
0.0974123480368279        0.04650553702814113      1.3720898005807827       0.039009706479181276     1091874.3706420225       31042.938073628182
0.09625320566298964       0.0515310744141408       1.3222339178913638       0.007693686693757455     1052200.319780869        6122.441339559201
0.07070917748316909       0.0661540494593831       0.8202499845512108       0.11632008166838226      652734.19806188          92564.57989187997
0.07233833224095658       0.06703261703829488      0.8354143408765097       0.07648838791071466      664801.6094017708        60867.52512560304
0.09241235314829647       0.03439972323019224      1.4283344290895228       0.09981322942209268      1136632.4238896891       79428.84424245727
0.09110861224407642       0.02940056285499809      1.4545896472587467       0.0855666928522888       1157525.66265763         68091.81065733854
0.08841258210639942       0.03176372222365466      1.4605340421284072       0.1096357435027369       1162256.0617936125       87245.35259007863
0.09310653640497485       0.04370212415723855      1.3656439176388826       0.08574693105280724      1086744.8999780468       68235.23966007105
0.09089161025238103       0.039525995641052074     1.3937933285176396       0.11580206483261551      1109145.4894104416       92152.3551917945
0.06789590019419452       0.06439094489448137      0.7988075141295224       0.19108044877285355      635670.8222633126        152056.98975208667
0.06916344530866549       0.06526303552979475      0.8070798024607999       0.15579351972056835      642253.7001563337        123976.54382606565
0.07047703724474125       0.06458929109351078      0.8403187335253326       0.1469657721536462       668704.4010663894        116951.6455178501
0.07442105955578313       0.06560516463477555      0.8920932313109123       0.07026391631508733      709905.2373097664        55914.2480127071
0.07216300848686406       0.06488955775459068      0.864520614063503        0.11598540246865302      687963.6456652362        92298.25064694525
0.07680136537258252       0.06401188081849613      0.9545183576196976       0.0621470318322277       759581.5744356619        49455.036572942045
0.09276739185940772       0.054935866580239225     1.2683673705408476       0.009964473630604218     1009334.6833902277       7929.476168097529
0.09112095432620046       0.06047147045260691      1.2170303327483423       -0.038862699957612795    968481.9667483643        -30925.954000756337
0.08760935619707197       0.06223602597380424      1.1513073170401862       -0.04289736271151616     916181.2526240677        -34136.63660571873
0.07973029174583447       0.06214700284447695      1.0270206417037628       0.05085584924796366      817277.0589228208        40469.79896474833
0.08384082023968564       0.06159018480469458      1.09746512765176         0.0069447032232467535    873334.9996837775        5526.419231429696
0.09210169890187786       0.04869642603575401      1.316544920817894        0.06527826242014644      1047673.159753479        51946.790703081075
0.08869324194831435       0.05199825091268355      1.2578119625624855       0.07231497057942074      1000934.956609688        57546.42513629897
0.08798603826051025       0.035485137226046896     1.4364963927564511       0.13511106105148135      1143127.5082043295       107517.96616367057
0.06668618778600938       0.06352241821619294      0.7917970492239225       0.2257562569115803       630092.0715478201        179651.12110700933
0.0678124821522154        0.06314854959968695      0.817348270779741        0.2139332733961659       650425.0876110437        170242.68976414838
0.08892857774875595       0.043928875162613144     1.3452540864193976       0.12424263658349878      1070519.1878410943       98869.14877516893
0.08662154655081804       0.03965265695418271      1.3915877808443973       0.16243333513052582      1107390.3703383347       129260.34104462802
0.06921979482934386       0.06346194635092862      0.836481993239396        0.18602073821770165      665651.2201570562        148030.6000247533
0.07119290209157486       0.06309899757644485      0.8756663641545471       0.16113802668616153      696833.1517725192        128229.56733588176
0.07381905410721927       0.0628691763074791       0.9227342234030088       0.12462161844439137      734288.5640732505        99170.73295768503
0.07641018823186757       0.06148123477691986      0.9849136828798799       0.10811032838073353      783769.4057458816        86031.46580540882
0.07804698361094106       0.05967960315874571      1.0362111755193628       0.11156621409814305      824590.6533548508        88781.57227884085
0.08660670947695234       0.0569065879102664       1.1868273845147466       0.04200019103224643      944447.2242117373        33422.690067929565
0.08076545424983199       0.05831461826270764      1.0941253406678781       0.09297386723844979      870677.2816469838        73986.25274684453
0.08705481606410669       0.04782142969617306      1.2904521365406396       0.12328476005543987      1026909.1817697012       98106.89485360752
0.08474052329818989       0.051491334601349054     1.2275835648577813       0.12117457766313662      976879.9620274309        96427.66506080481
0.06547640493713686       0.06272533421551756      0.7839281206013843       0.2595080290522917       623830.1771122488        206509.92797853705
0.06842396713697027       0.06226779339099736      0.8420304649534722       0.2191188491341595       670066.5536565601        174369.23982154377
0.06700941834231941       0.062027418977445445     0.8218292096464849       0.2462243794084134       653990.9054627182        195939.1354629164
0.0848512843995745        0.04352361224029404      1.332337868407569        0.17685167168190577      1060240.788127919        140734.08871120136
0.06977843769034543       0.06178301133395398      0.8726836987357225       0.2055517822285118       694459.6220475434        163572.9110150823
0.07178473273880688       0.06100529757745204      0.9182876093018528       0.18654914639905887      730750.0610021449        148451.09389491935
0.07395343183514501       0.05991541173871116      0.9702473279219174       0.17000808373603474      772098.2913023814        135288.13446085397
0.07599252567124726       0.05907660033392925      1.0145631974256912       0.15117746719027272      807363.7397470863        120303.20593722365
0.07733855763230078       0.057313374074959504     1.061082991573983        0.15601995459389298      844383.0156986766        124156.73497295566
0.08171016758718848       0.05412893072407498      1.1620305939642803       0.13281686074727475      924714.565267132         105692.2995693835
0.07890583552508831       0.05538284990987628      1.11117403630448         0.1579042795648068       884244.2025661556        125656.2331405178
0.08296176474568712       0.04724431878121178      1.2684145490233005       0.18015977958215712      1009372.2268336773       143366.5973342331
0.08075350976961995       0.050244279946298015     1.207093316679883        0.18639506305399137      960574.34061397          148328.47826484122
0.06829970330450734       0.0609180409073042       0.8618140400477611       0.2439350032400794       685809.8224979892        194117.3077939807
0.06974952604086945       0.05994599220059677      0.9017643061689351       0.2365954171669026       717601.2341530969        188276.6507750081
0.07170668226181563       0.05871064097199976      0.9537977915685635       0.22505485960813432      759008.1661913508        179092.96686743552
0.07433633022914968       0.05693938810014312      1.024024437948518        0.20945111751037257      814892.7557320324        166675.90343948614
0.07618155523555313       0.05472476000382523      1.0871611353217454       0.20942819046100528      865135.3431192636        166657.65867329956
0.07847508562246636       0.052446739402501816     1.1510506490388401       0.1986782801996144       915977.002718329         158103.15189382635
