% Model:              
% Version:            COMSOL 5.4.0.295
% Date:               Aug 13 2019, 19:32
% Dimension:          2
% Nodes:              290
% Expressions:        4
% Description:        Magnetic flux density, x component, Magnetic flux density, y component, Magnetic field, x component, Magnetic field, y component
% Length unit:        m
% x                       y                        mfnc.Bx (T)              mfnc.By (T)              mfnc.Hx (A/m)            mfnc.Hy (A/m)
0.07427063019154134       0.0813030500959272       0.002988519673097613     -0.001027520635923958    2378.1883925043007       -817.6749416811282
0.0756604255869606        0.0756604255869606       0.005594275901658924     2.0323292797777892E-4    4451.7833138444375       161.7276254335133
0.07990306627407986       0.07990306627407986      0.004430890411314065     -0.0032947184674857045   3525.9905562955737       -2621.8536509825194
0.07133013006652622       0.07736068092077972      0.0032035783812416384    7.798405402724281E-4     2549.326674784696        620.577384039056
0.07141778489984131       0.07141778489984131      0.004141198911009657     0.003947506306267051     3295.4613850698047       3141.3257076441528
0.06661345701132804       0.07591868903636279      0.0016658353795535746    0.0016982855363442942    1325.6296751665752       1351.4526894533255
0.08414570696119916       0.08414570696119916      0.0017119101004615127    -0.005211080424730762    1362.2947730869641       -4146.846042226571
0.07817799313061428       0.0854755342922125       0.0019230604830016524    -0.002609254778165407    1530.322908672004        -2076.378978655857
0.08263976834664165       0.08947154662141579      2.2499164951765872E-4    -0.0034419296770642305   179.04266587567315       -2739.0006093973166
0.08838834764831843       0.08838834764831843      -0.0013489936897397026   -0.005219846133380994    -1073.4950696092412      -4153.821571533509
0.08668255764627056       0.09253473225442731      -0.0013965650130365332   -0.003403591327412332    -1111.3511258698077      -2708.491920111891
0.09263098833543773       0.09263098833543773      -0.0036676261715733152   -0.003657446923142225    -2918.604173095485       -2910.5037845716424
0.0682153797758631        0.08288302670368744      0.0015866741589559523    -7.549812918878071E-5    1262.6351773700771       -60.07950227292478
0.06056942581234354       0.08082292160496929      5.230611092833596E-4     5.18034867196096E-4      416.2388054078838        412.23904904106104
0.08789499076845342       0.0971363505481521       -0.0019898166182589676   -0.002201732457735368    -1583.4457532115682      -1752.0830200722564
0.06212741397865034       0.08950777001069896      5.034817970113949E-4     -2.7445203194849805E-4   400.6580837557688        -218.4019876310912
0.05362279984758514       0.0855896917654563       1.22596414197785E-4      9.767362275629803E-6     97.5591266245945         7.772619935678932
0.05384778482573643       0.09398839693332317      1.1533760464967553E-4    -2.3419186394616845E-4   91.78274952187314        -186.3639638946867
0.046301561341947746      0.08976171465217145      1.0582325920082365E-5    -1.6956720928273917E-4   8.421147397952987        -134.93729771822927
0.08177793117302075       0.09563300154873383      -6.408910162856344E-4    -0.002162181310448898    -510.00486612523554      -1720.60921709427
0.08204953943789314       0.1021218540667453       -0.0010340291920163287   -0.0012436881830753966   -822.8542860535866       -989.6956100071374
0.04624485609541529       0.09802554733779656      1.1051856711911652E-5    -2.2659222144641921E-4   8.794788130220404        -180.316360546855
0.03865103120107652       0.09331183090634013      2.1215711788675057E-6    -2.1026277448172142E-4   1.688292701190316        -167.32179953491197
0.07523824954354014       0.09913528970120072      -2.285879549153454E-4    -0.0012348068244235895   -181.90451478022268      -982.628049353102
0.07545765805984843       0.10708474139728309      -5.547857313896238E-4    -7.24146861813477E-4     -441.4844575375555       -576.2577629104926
0.004045691641691614      0.10513384796312439      4.887017633066334E-5     -2.5721263561488064E-5   38.88965066398807        -20.46833119190137
0                         0.10100000000000003      7.766259134096932E-5     -2.7046824794629944E-7   61.80192652620548        -0.2152317930502896
0.006579792665412261      0.10078544700739381      7.479619037481881E-5     -4.681433304497323E-5    59.520917112974296       -37.253662558288745
0.019150128067335157      0.10508450243137096      2.3067809770356375E-5    -1.1417449161572794E-4   18.35677975627868        -90.8571735782363
0.014321384213824466      0.09997948766722113      6.446956302522538E-5     -1.0004002755788726E-4   51.30324817219552        -79.60932446443594
0.022604006044495098      0.09843809684639594      4.5832852043683354E-5    -1.5281140442747232E-4   36.47262479375842        -121.60345187723482
0.010518634906249064      0.10642819102671983      3.378521896860077E-5     -6.357129298048004E-5    26.88542301147439        -50.588427582932525
0.03817063862500167       0.10266466261704718      -1.4989382192402113E-5   -2.0062348630054053E-4   -11.928171349072139      -159.65109772530087
0.030730969122324068      0.09621126512421903      2.2416245896713036E-5    -1.939353842520303E-4    17.838281700126476       -154.3288752206837
0.027919473475352657      0.10401888886756065      3.0708337337531217E-6    -1.5839720343014874E-4   2.443691840700753        -126.04848948920346
0.0685638835724207        0.11162434263845654      -3.327824460116596E-4    -4.5887578671444297E-4   -264.8198562848371       -365.1617486039293
0.06811047717277172       0.10322518277116134      -1.2818523291372849E-4   -6.876329773665241E-4    -102.00656724802901      -547.2009369043984
0                         0.10700000000000004      3.849180871299448E-5     -8.584559545332617E-8    30.630808126103783       -0.06831375429531998
0.06138970238776189       0.11572512450087073      -2.252159244453394E-4    -3.1561655381158633E-4   -179.22113819243296      -251.15967330371572
0.061166986886943         0.10702834677985389      -1.1072127960280846E-4   -4.313310320338409E-4    -88.10919477123407       -343.24232928557217
0.053955991525759084      0.11937232082217475      -1.6872195609645598E-4   -2.335846186493349E-4    -134.26466660442358      -185.88073344138482
0.05404494018873007       0.1107078517053111       -1.0448015219496728E-4   -2.980258227889224E-4    -83.14266338411291       -237.1614143294311
0.0046342892450275085     0.11038962409625996      1.7420619725029533E-5    -2.581497386295701E-5    13.862888704813123       -20.542903480388443
0                         0.11300000000000004      4.679590205430424E-6     -2.151045433010456E-8    3.723899564193349        -0.017117475673943023
0.04631117397657232       0.12254091220858304      -1.3539438607421483E-4   -1.8112095909731727E-4   -107.74342905301883      -144.13147968941516
0.047100365584049037      0.11430117039025525      -9.841577939143928E-5    -2.242516397999958E-4    -78.31678884194525       -178.4537848531627
0.004523030135635136      0.11584352686941987      -1.0866035937801076E-5   -2.2202350257458377E-5   -8.646916656576098       -17.66806895866058
0                         0.11900000000000005      -2.4787554417690327E-5   1.4185951911701292E-8    -19.725309063673816      0.011288821846055916
0.03849610850050097       0.12521601187674708      -1.1340832462228803E-4   -1.426478422640982E-4    -90.24747725703723       -113.51554608862106
0.03936902686956622       0.11729930471338056      -8.508944136860041E-5    -1.7283100006587146E-4   -67.71202599370382       -137.53453989999562
0.03053493255646512       0.12739159271228273      -9.761790675882837E-5    -1.099788915510829E-4    -77.68186197475637       -87.51842113061163
0.032361956229578395      0.11942538253858018      -7.33326502101767E-5     -1.3740251137099395E-4   -58.3562688548927        -109.3414443896702
0.025637804484094504      0.12250680120595471      -6.889035259954366E-5    -1.040594142423165E-4    -54.82120073780487       -82.80785075955924
0.02244891913787918       0.1290621789276044       -8.622798866947573E-5    -7.986660904118918E-5    -68.61805314809503       -63.55582808446559
0.004495355560644358      0.12161025792669176      -3.737350883898679E-5    -1.94312342882675E-5     -29.740893362066952      -15.462884936772495
0                         0.12500000000000006      -5.058894923553697E-5    5.0806638608954555E-8    -40.25740668330334       0.04043063838249327
0.017866425637211785      0.12368573373804559      -5.90556002549662E-5     -7.220733052595411E-5    -46.99495348918433       -57.46076790337952
0.014229928241441368      0.1302248407265044       -7.851556024132188E-5    -5.033333622599364E-5    -62.48069761017931       -40.05399631336626
0.009949056099886422      0.12468912493557649      -5.3570563093101386E-5   -3.997035847321962E-5    -42.6300996024167        -31.807400640839628
0.006534633796753602      0.1308369158958676       -7.44468944907529E-5     -2.297666747899152E-5    -59.242956280220575      -18.28425102530149
0.004109857296350293      0.12656937954608405      -5.744739655312138E-5    -1.594233055512039E-5    -45.7151856459479        -12.686503561261846
1.6833242620078246E-17    0.131                    -7.335040284894026E-5    1.2718367144076292E-7    -58.37039595595343       0.1012095499518647
0.07309876154732611       0.08609212240828079      0.0016434372459308414    -0.0012823957264226412   1307.8058067561215       -1020.4980943004263
0.06949784322702234       0.0891759503710788       9.351336382835481E-4     -8.567188709043315E-4    744.1557049216756        -681.7552157226586
0.07533196141158952       0.09162305057849798      5.947970897957211E-4     -0.001704292414220114    473.32448488831477       -1356.2328109857553
0.06826701613827423       0.09543227856986664      2.990424752664914E-4     -8.284300445655861E-4    237.9704406654898        -659.2436829922608
0.06087166524220885       0.09866211173793817      1.1247342655996597E-4    -4.6482419659688744E-4   89.50350901750927        -369.89534278556795
0.053810621853788154      0.1024055619456437       2.0690220136871086E-6    -3.1708705543786753E-4   1.6464754042212526       -252.32986131695233
0.04668749788369529       0.10602111717963927      -3.907267286759608E-5    -2.4403189721548086E-4   -31.093045133452488      -194.19441356968557
0.024090215013298447      0.11040244555003877      -1.4882377544613517E-5   -1.246347837029217E-4    -11.843019755925326      -99.18120953754591
0.016415595238774477      0.11182739569672612      -5.120891146950292E-6    -8.553690767885938E-5    -4.075075695363321       -68.06810836942785
0.009911695309925783      0.11348103052808485      -3.5170818667739927E-6   -5.085475482943774E-5    -2.79880482177976        -40.46892805415727
0.041102041473093445      0.11039714789256616      -5.6434654060989263E-5   -2.0112826055759995E-4   -44.909270777437726      -160.0527843160836
0.03277609118658614       0.11131551919041255      -4.020606776320577E-5    -1.603056231624779E-4    -31.994972134009508      -127.56716165867496
0.026843064277045556      0.11645191153728114      -4.751547472643299E-5    -1.2232742229023334E-4   -37.81161338034917       -97.34506966590169
0.02080379152082236       0.11711960601533548      -3.7482787009726646E-5   -9.552448205684515E-5    -29.827854167293392      -76.01596752819982
0.014129054339146865      0.11851185061729821      -3.245254106814899E-5    -6.426153027274818E-5    -25.82491163444324       -51.137700967786735
0.00839018983199429       0.11855951620907018      -2.6279598068826407E-5   -3.859344548986616E-5    -20.912639675609746      -30.71168810329907
0.12956853512694064       0.0015072988230190052    1.2067774243873843       0.0024043930264572785    960322.9615147911        1913.3551764817907
0.131                     0                        1.203898943142302        9.784156910486862E-5     958032.33892103          77.85984681453556
0.1309831126167828        0.002103380426658705     1.2045599733663372       0.004179797280612446     958558.3700594719        3326.1769916576645
0.1288225562117728        0                        1.2075929681314286       4.6902549177663474E-5    960971.9506056526        37.323862726179264
0.12934081927131527       0.0031950852317219696    1.2081883012165746       0.004807404850818467     961445.7016220881        3825.611227258574
0.13093245482108068       0.0042062185542057805    1.2066006887584255       0.008215271606447132     960182.3197699446        6537.505425042783
0.129210529529883         0.005186078281500813     1.210745993965477        0.007412891957433289     963481.0488415788        5898.991988158319
0.13084803967361977       0.006307972223377749     1.2101607295353896       0.012007802953965816     963015.3102062574        9555.505978985611
0.12743346351992468       0.0019863275516129866    1.2097263543624552       0.002065620318967945     962669.6454266126        1643.76842157403
0.12616951672141732       0                        1.2104187877325685       2.036638648775739E-6     963220.6663946895        1.6207055412232876
0.13072988893853732       0.008408099554462613     1.2154561760849545       0.015465949752380179     967229.2926774683        12307.4117635109
0.12891890941702935       0.007151091103767449     1.2147170443162452       0.009151389841522814     966641.1103045364        7282.444647196564
0.13057803307776839       0.01050605908708052      1.2228719373642705       0.01849966981439133      973130.5679994313        14721.569482641527
0.12869089366738237       0.009236498706344196     1.2204332899672825       0.010294013670881647     971189.9540609872        8191.715799881805
0.12460411635989296       0.002186990100563335     1.2117551964922961       0.0010493029539708776    964284.1466951991        835.0087596269635
0.12337929912050077       0                        1.2119152777221658       -2.3753224317469738E-5   964411.5352903492        -18.902215322479606
0.12091641459152934       0                        1.2126099080477593       -2.7414014436291686E-5   964964.3045400479        -21.815379537642002
0.12207778835890776       0.0021812979432913643    1.2124008832468198       5.063583133483764E-4     964797.9678885563        402.94714272534475
0.13039251124319268       0.012601309919763453     1.233092992938758        0.021050756826034227     981264.2255909145        16751.660023444023
0.1285105953171874        0.011357881392687492     1.2284804101505309       0.010557287918314428     977593.6488350801        8401.222789220434
0.1301733712665407        0.014693311849390692     1.2472027748380368       0.02316855301920642      992492.4332670085        18436.948686466785
0.12828955472968018       0.013438757749784582     1.2394430176448246       0.009161332616482824     986317.4146945454        7290.356856111243
0.12992066964705806       0.016781525510515802     1.2676302386954876       0.025055306139075004     1008748.0925057301       19938.379113572493
0.12809668546784755       0.01550021758502828      1.254654154942292        0.005850759475541191     998422.0531492528        4655.886456870629
0.11829167071782566       0                        1.2135259178019013       -7.585925920808708E-5    965693.2419415084        -60.36688041128218
0.11949417527839667       0.0022301113981635593    1.2127841967519026       6.659491553826992E-4     965102.9990839954        529.9454996351463
0.12963447153694713       0.018865412514347608     1.301479874187513        0.027451246630059285     1035684.7765578037       21845.007976043347
0.12784457667191534       0.017564314518966426     1.2767887768945114       -0.0020196981582716426   1016036.225635083        -1607.2247272126453
0.12931485072456142       0.02094443558763037      1.3941973352372543       -0.01473776433482204     1109466.9877427865       -11727.940220051833
0.12755065540336585       0.01957623623265431      1.3059267945238993       -0.024117547338216503    1039223.5233231625       -19192.1343706497
0.1289618896153836        0.023018058711144103     1.3595793059222787       -0.09197645157850633     1081918.835314894        -73192.53458385821
0.12721856709325127       0.021646952616257802     1.3272852895511142       -0.06642093153959361     1056220.0736260873       -52856.09789647348
0.12857567921078147       0.02508574725788129      1.36149330208461         -0.10711636312742473     1083441.9450663638       -85240.49338878039
0.12684210452675107       0.023683663924696965     1.3333975573272683       -0.10510788491753335     1061084.0617764683       -83642.19721279752
0.12815631908453845       0.02714696813093592      1.389199304315243        -0.12206656931725723     1105489.6811079655       -97137.48946555487
0.12647199372004192       0.025657789694270454     1.3471159600041354       -0.13651324050424016     1072000.8197632106       -108633.78511871281
0.12770391735719558       0.029201189900869097     1.4587514813777869       -0.13785466593008636     1160837.5450194983       -109701.25755527569
0.1260539115795154        0.027747496221757924     1.3788404424515346       -0.1794925160445484      1097246.360755889        -142835.60588245606
0.11524886737227216       0                        1.2160393923154322       -1.9392533028014816E-4   967693.4014073281        -154.32087452406995
0.11668621306778625       0.0026014853496879016    1.2136770582362002       0.001978292865731732     965813.515677607         1574.2754423231818
0.12721859066816232       0.031247882942794094     1.6736216267230926       -0.32448769324985943     1331825.7737923954       -258219.10176600888
0.12557476108511223       0.02979231398569533      1.4249610410521407       -0.2672791561513432      1133947.966984107        -212693.99443458416
0.12670046414564815       0.03328651957290506      1.4711884612347454       -0.5376568023188313      1170734.579126345        -427853.6888801201
0.12508415433490586       0.031756683561190185     1.4196358968010034       -0.39889954248504295     1129710.3518328774       -317434.16991795046
0.1261496713744053        0.0353165741845049       1.4072029190149102       -0.5856815382882797      1119816.5024728354       -466070.55948122434
0.12456207133922438       0.03380949856277746      1.3677567621826434       -0.5087781627910074      1088426.2482436683       -404872.7977270093
0.12495066349860225       0.03934884612360477      1.4385060437700188       -0.7245378088852737      1144726.7376678241       -576568.8687053114
0.12342626085997516       0.03783955739036419      1.3005027669559768       -0.6942453549274331      1034907.2193286546       -552462.8997764415
0.1255663543612763        0.037337523383567786     1.3920197975983089       -0.644538347185838       1107734.1583477526       -512907.3198345316
0.12398439157760426       0.03584020345146451      1.3242816121358745       -0.5924712143589854      1053829.8230856427       -471473.61202445225
0.11309634854274345       0.0028288682316124697    1.2176687446704737       0.005915222611313766     968989.9988140442        4707.184590397675
0.11142201714820554       0                        1.2239370218092303       -4.8191454532474495E-4   973978.1352705596        -383.495410181582
0.12430275752542903       0.04135002384007043      1.548163284475346        -1.1482130757303748      1231989.1971881771       -913718.9336261895
0.12282396914825187       0.03984102345895292      1.2744382668266743       -0.862909606880237       1014165.7491546655       -686681.6468823695
0.1236228034865866        0.043340540584040375     1.096857856220664        -1.3135449770666718      872851.7484334903        -1045285.8803684557
0.12214200181587158       0.041816030662994226     1.114854009409542        -1.0629205926277345      887172.6321167353        -845845.3321543536
0.10898974426242608       0.003553646277603215     1.228713081839052        0.016176800298318684     977778.8030818083        12873.088654439329
0.10656650439796536       0                        1.246638703284751        -2.435912049589601E-4    992043.5593871936        -193.84372181464764
0.12291097668962621       0.04531988315521399      0.9413189970235903       -1.3857427603580998      749077.8570130477        -1102739.0508239968
0.12148942762760656       0.04368058629138549      0.9360697811022889       -1.1800514854064426      744900.6637068884        -939055.1350268446
0.10479379142777227       0.003763675103042979     1.2543586368194168       0.03225532885654657      998186.8872991083        25667.975142870193
0.101                     0                        1.301012157447803        0.0024816560829397888    1035312.5794023453       1974.8391632696898
0.12216746065960694       0.047287541234277294     0.8081057685641825       -1.541261242470411       643070.1380403241        -1226496.7266756108
0.12079056349967236       0.045632431531992666     0.7428230350476164       -1.2936236740743068      591119.7893517618        -1029433.0111481245
0.10078620922680712       0.006568107009654131     1.2736693757213449       0.08092888328274482      1013553.8850541025       64401.15906677946
0.10763960308044945       0.009527605755824065     1.2029478586912172       0.045516274540921636     957275.4899625902        36220.700421577334
0.0999814754509754        0.014307500363306065     1.1747185464836785       0.1633260991317215       934811.3170730191        129970.78006365197
0.12139244709180579       0.04924300751439933      0.6981737436169336       -1.8314564720628137      555589.012168043         -1457426.7529322028
0.12003241642827343       0.04759162108889073      0.4802746986506761       -1.4558879940515688      382190.4616611277        -1158558.8542072556
0.1072855449333814        0.0186507053854088       1.0964062624670519       0.04119105906228663      872492.3815427066        32778.80330476564
0.09843833067592186       0.02260298771706656      0.9723102008493677       0.2176785915818269       773739.8734192522        173223.11927764793
0.12058613580226968       0.05118577783209486      -1.5129968324067304      -2.56961658336099        -1204004.6237995557      -2044835.9054640445
0.11930070698740139       0.049524347593075085     -0.008623477893807057    -1.5245235971349302      -6862.345667215396       -1213177.331721307
0.10548053075905854       0.027713070489049984     0.898060549257284        -0.010312646154173726    714653.8780505965        -8206.543058971864
0.09620814453023292       0.03074073723985517      0.6885721690677192       0.2163331474457002       547948.321913179         172152.4488530551
0.11965207536219136       0.05333273724008997      -0.9109708309362375      -0.4399743713290367      -724927.5537801675       -350120.48015382636
0.11820190726450715       0.05145893906507403      -0.4816816794800863      -0.9922203851757988      -383310.10143030854      -789583.8946863638
0.10264041230825872       0.03654708476029967      0.6070871832057964       -0.06687291135966004     483104.63047468784       -53215.77200918028
0.09330662265726236       0.03866360262954365      0.3958551619483843       0.16194723478574005      315011.5288626406        128873.51468107135
0.1184364572780046        0.05598040360193373      -0.48350995870009444     -0.23558039795628746     -384764.999806391        -187468.9241514949
0.11675011670417967       0.0535953166861729       -0.39148856744547816     -0.5264330701438558      -311536.7033645636       -418922.1266021855
0.09862685761036379       0.045134599460523075     0.311023102985226        -0.05984815460819347     247504.32127939173       -47625.64820410993
0.08975429616720726       0.0463159402315148       0.18416687350660252      0.09282176116230122      146555.34136177806       73865.21057737774
0.11479805566718226       0.056292529059331325     -0.2345454529484424      -0.30833315634835834     -186645.3410823608       -245363.72975983724
0.1168070936011261        0.059305167434699727     -0.2728025731058897      -0.1412018048588641      -217089.38998995247      -112364.82608392714
0.09355109569052732       0.05282718284695357      0.13414672708151534      -0.017432869113750183    106750.57357311297       -13872.636458636853
0.08557621024940568       0.053644312273991517     0.07265424906562595      0.04445087055263333      57816.41437712044        35372.87886594782
0.11226988020257508       0.05969564036676665      -0.12783869010449403     -0.18382599144619635     -101730.79724261595      -146284.0760371531
0.11460188765890462       0.06346185740281955      -0.15009682505997893     -0.08444173644388038     -119443.25825347558      -67196.59879153305
0.08858376033721506       0.060075514335684706     0.053793131180099894     -0.00305782985206149     42807.213658518296       -2433.3436804477255
0.08080767785854218       0.060589761503987385     0.026112663520726675     0.0190101486250072       20779.797383095327       15127.795612907466
0.10904529299023481       0.06380519641299152      -0.06276558633952685     -0.10735324740757583     -49947.266609984195      -85428.99990941446
0.11158634624286903       0.06862570460233218      -0.07650455833425764     -0.047626820197306054    -60880.3931397968        -37900.21929075089
0.08274603222404378       0.06747248549870977      0.019022468017071425     4.5303861772473357E-4    15137.599073622008       360.5166771120545
0.0759109566396807        0.06662226851472802      0.00989878890943244      0.008393991730576854     7877.205927797023        6679.726380968998
0.10505777758352164       0.06873495892431578      -0.027015743026496997    -0.05816973170578907     -21498.445219836995      -46290.0016965284
0.10742230859269716       0.07497631370383147      -0.03457390404262115     -0.024144608655831682    -27513.038651840103      -19213.669082974873
0.10044014192504326       0.07451144374385042      -0.01074044407671273     -0.028659300204394087    -8546.973829054496       -22806.346465419425
0.10235646359987001       0.08175667776596897      -0.0148424620867899      -0.011759013241164776    -11811.256043833304      -9357.52541607212
0.07725781891125041       0.07138306396673731      0.008765150787645861     0.0022121987008885246    6975.085373998294        1760.4117917393899
0.08138158590926724       0.07428207507531794      0.00911107176782021      -0.0033115535782940533   7250.360543567999        -2635.250606495762
0.08524000500064152       0.07838779510252115      0.005279070636988646     -0.007318513431347142    4200.950934040118        -5823.88794341663
0.08926294986974413       0.08262747555437923      4.3060486975160186E-4    -0.008543372204868416    342.664467702046         -6798.599585393567
0.09556501719913459       0.08074781706496355      -0.004497703366273144    -0.013524567365975645    -3579.158616517142       -10762.508747371792
0.09723082496040572       0.08779047031152608      -0.006895733036250019    -0.006174265712601833    -5487.449994806372       -4913.324540616927
0.09235271544463466       0.0865542693481966       -0.003194675278354787    -0.007002793674787444    -2542.241810618205       -5572.646143975402
0.12791634501496033       0.004176045750836399     1.2109041767209592       0.004598026323165747     963606.9266788133        3658.993088992406
0.12730597488119796       0.00583942704317253      1.213556684736683        0.005126017303049225     965717.7254902798        4079.154960774351
0.12589107386332146       0.0041610317331232565    1.21231966823837         0.002627721238779572     964733.339038316         2091.074121096637
0.12504236374477923       0.006420439293912676     1.21479209285087         0.002096147560664314     966700.8320308231        1668.0612286487205
0.12672832592835018       0.0079349655065906       1.2175920438881573       0.004718044089246194     968928.9622708211        3754.5001926451564
0.1266978572785982        0.010069961736819837     1.223127380273768        0.0040267071743140285    973333.843008053         3204.3517558783788
0.12309444270623368       0.00462901400084445      1.2129940887698487       7.874793130884672E-4     965270.0258448535        626.6561263031991
0.12081965858220456       0.004008247138952214     1.2124657627334519       5.04756224046354E-4      964849.59734357          401.6722405668872
0.1264399883032085        0.012307254277884688     1.2313125537993104       6.081516948315953E-4     979847.3971413277        483.9517419108112
0.12624302673233165       0.014179738860417106     1.2403870400617372       -0.004764011893594151    987068.6438647513        -3791.080209070448
0.12610891328891852       0.01634367905725146      1.2551800443318228       -0.014551598643787527    998840.5426285696        -11579.794270240527
0.12298603488558506       0.006956692556058397     1.2143458324818535       -3.4403991048375667E-4   966345.7093126483        -273.77826187191533
0.12424833020398697       0.009001504923686825     1.2181533285222577       -8.722944355178858E-4    969375.618390814         -694.1498562211303
0.12492380985120047       0.011183841599288844     1.2243285402154582       -0.0028823423580704955   974289.6957188727        -2293.695169850346
0.11856274289243082       0.0047876317955092       1.2117232148928416       0.0011501742099752214    964258.6965469936        915.2795546718602
0.12086914367505384       0.006213180556952495     1.212419036433668        -5.082438348302016E-4    964812.413735655         -404.44759304603696
0.12575606460891486       0.018318819886693826     1.2704604503746144       -0.032584699237258284    1011000.3033993774       -25930.07976386184
0.12558401018571574       0.02029298936204059      1.2877116169148441       -0.05829012292685191     1024728.3455442727       -46385.8059862135
0.12512489605997903       0.022420764438299608     1.2965973828492898       -0.09600031393750498     1031799.4134023958       -76394.62250763846
0.12384455951001574       0.017003195856988625     1.2435784064932156       -0.034829303207442756    989608.252578688         -27716.278849554597
0.1242277773198801        0.01293953304931225      1.228120504218549        -0.010049525687627129    977307.244794465         -7997.15844457418
0.12460543965391624       0.015078428162912702     1.2386708982296895       -0.017642421554861266    985702.9815866656        -14039.392992835865
0.12469960146106902       0.024272670830328556     1.30261792829061         -0.1316483094100193      1036590.4112378731       -104762.39596147924
0.1244387121753916        0.02622314113505838      1.315910233338685        -0.1735630371061816      1047168.0915053055       -138117.07646745423
0.12397767328919261       0.02846376368297702      1.3325139293197539       -0.24290623606105952     1060380.8929502165       -193298.6408848221
0.12111566411322694       0.00885523987871128      1.2130447665287303       -0.003965709744844445    965310.3539240077        -3155.811543798462
0.12236214846293915       0.011428664475067516     1.2181384708327925       -0.009175156696822772    969363.7950172074        -7301.357709710253
0.11539316525661863       0.005707914884340563     1.2104187513309734       0.005065469498372539     963220.6374272205        4030.972548736065
0.11804750839332778       0.007818474759316322     1.2085552519445883       -5.018564709008884E-4    961737.7117332608        -399.36469033265166
0.123603672593558         0.019132504292261578     1.2531012243186603       -0.05766417071708679     997186.2702241037        -45887.68904459643
0.12388911400383082       0.021101709209526972     1.2680690975929831       -0.08274220431612553     1009097.3253200116       -65844.15409615469
0.12287193934425089       0.022886254254390608     1.2603681776858078       -0.11738488464257457     1002969.1279721028       -93411.9231756883
0.12189167988138533       0.0179705076195931       1.2292930824217225       -0.05117165114499206     978240.3528804493        -40721.10612949766
0.1214764523943157        0.014878879357380023     1.2193535745811102       -0.02697097541973867     970330.7438567787        -21462.820290307078
0.1234103038207649        0.030336899137793426     1.3281503238872          -0.32514095646496305     1056908.4460787482       -258738.95211512808
0.12304582540042072       0.03228242270234716      1.308095724410557        -0.4182400897988224      1040949.5028865691       -332824.88845340395
0.12240008399022215       0.02498812515899407      1.2607700237735637       -0.1615449965870421      1003288.9069282453       -128553.42369295556
0.12268498367427395       0.027056850481571193     1.2784893986943373       -0.21160942953447098     1017389.5374639438       -168393.43357633584
0.12161103681615458       0.02885899661706427      1.251754703431659        -0.2724839151449376      996114.7429483901        -216835.8100417469
0.12240271465586416       0.03438333133884289      1.2602648748947949       -0.5131460025676072      1002886.9222229781       -408348.61418240546
0.12140218959955582       0.03835106226439729      1.165892837948991        -0.7234284095905007      927788.0413751           -575686.0367971825
0.12179927622389912       0.03635473694193251      1.2118746181155113       -0.6063793866240185      964379.179403433         -482541.38385122037
0.11225220080996144       0.005886936293599214     1.2130169943843163       0.012783846888749839     965288.2535536889        10173.062120372419
0.11818081905846892       0.01171292200118612      1.203259432462417        -0.010552836556050936    957523.4324917115        -8397.680507681796
0.11396336074461834       0.009548550615294714     1.1980279048075522       0.007581664324940045     953360.3150607428        6033.296770888429
0.12116216484678921       0.020633123335643818     1.2264467608211511       -0.0862124734879554      975975.3221186486        -68605.70655893537
0.12068642273498056       0.023523457425395078     1.2207041431554697       -0.13472484891474046     971405.4921797483        -107210.62831044858
0.11891362064226092       0.018148075159752645     1.198388276683955        -0.05513461341408112     953647.089888147         -43874.73130155865
0.11720704953458143       0.015494958014087387     1.1893831805373298       -0.028417474796033237    946481.0620643811        -22613.9079198902
0.1211683719988034        0.030867214277486586     1.2319860314340894       -0.3469983195737083      980383.3336145123        -276132.4890236843
0.1211519067166314        0.03286750731172768      1.2165832800089178       -0.43128669797914654     968126.2134818535        -343207.04936581256
0.11958056235383478       0.02653501015486553      1.1940101300487675       -0.20149774629364064     950163.0714952906        -160346.81172254772
0.11960163746205013       0.029585949547955806     1.1812203659090343       -0.2911178453172075      939985.3005762007        -231664.22052247674
0.12071994159007744       0.040340620472286606     1.0647249226772832       -0.8571024909401143      847281.1723861285        -682060.4908474782
0.1200296227627333        0.0420755197691629       0.9247981081536959       -0.9589638676650094      735930.9513734697        -763119.1989270421
0.11944669156624926       0.0439575265751134       0.7600027172566001       -1.0573777951994858      604790.9460733001        -841434.5141080394
0.1196557242293289        0.03896852579178461      1.0346424664829879       -0.7236914098383557      823342.3143677909        -575895.3257445849
0.12001114054934237       0.03462572762213049      1.1446723616823116       -0.4965054896161775      910901.3229120686        -395106.5147233818
0.1195689601010529        0.0370885395843957       1.0776831776530547       -0.6115880444752966      857593.0240523242        -486686.3020707469
0.11869559101338324       0.045957993127341286     0.5358799105803453       -1.1371210980724926      426439.683362524         -904892.2182616055
0.11309344361133318       0.013965467385193879     1.1744817517107868       -2.7478446860156063E-5   934622.8817799991        -21.866653231409146
0.1174173631398057        0.02257477422308136      1.1647430983805214       -0.11043307953466204     926873.1076971488        -87879.85244400943
0.11430672657295633       0.01874876513884143      1.1474906968516803       -0.04078731810754933     913144.0827795425        -32457.516461390227
0.1155818539015277        0.02641271711390694      1.099309454466466        -0.17096710212914615     874802.6683299646        -136051.29704975255
0.11857530691051846       0.03212485215637893      1.120041991362265        -0.3723536538951688      891301.0969789721        -296309.6229787244
0.11666188750304236       0.02928988297083546      1.0938211681784016       -0.2555777715694961      870435.2288707198        -203382.32844848288
0.11857771657499198       0.040511630262566364     0.907034385823979        -0.7786033077484679      721795.0302910381        -619592.8256793444
0.11777063527724377       0.04249889078335832      0.7530894160483492       -0.8509144990397658      599289.5157714186        -677136.2433537127
0.11760129767570977       0.044468297942657525     0.6045355854767875       -0.9466927013943366      481074.13351791876       -753354.1150796416
0.11750423088070888       0.03849698482982514      0.9292504729756237       -0.6253928607159719      739474.0307227611        -497671.82578664063
0.11668421810798373       0.03551266393903514      0.9818758517201672       -0.4686073653127874      781351.9765191473        -372905.8927939984
0.11783869214096089       0.04791153399260208      0.23705552087568782      -1.1449812882124986      188642.7896729485        -911147.158833726
0.11646388476943369       0.046186547632791335     0.39849143751049226      -0.9193073216543577      317109.41029794986       -731561.5223093102
0.11179570959656336       0.023609250611114383     1.0671976183982619       -0.07376181308261993     849248.881119908         -58697.78581759698
0.11253511851402381       0.028820215874956447     0.9961440980807362       -0.1796344283918588      792706.286206835         -142948.53614025717
0.11417805266871504       0.03226616685151311      0.971060920566804        -0.299221184422717       772745.7277578659        -238112.6528934352
0.11585422425622112       0.040888005326805005     0.7489024514779962       -0.6660891192660156      595957.635231807         -530056.8793545669
0.11551110869823283       0.04376926665307867      0.5667411559496064       -0.75876740594576        450998.2821149728        -603807.9165664124
0.1140532695900416        0.038517418485090056     0.7857222620962084       -0.4980117669677894      625257.9095497866        -396305.1721542638
0.11285757765684439       0.03552407388717427      0.8494248600438666       -0.36136131189540743     675950.8263056136        -287562.1951516311
0.11737762641099336       0.04974629945597918      -0.10146951118443659     -1.072874961172932       -80746.87139060721       -853766.766950987
0.11559109223423317       0.04862152198834219      0.12683730819443373      -0.8502214948325046      100933.92283807146       -676584.7681278673
0.11354533015961908       0.04639321256834074      0.3328193205028977       -0.671785759259575       264849.20007260976       -534590.1214245167
0.10946045475502769       0.03302051183464891      0.8345755267515154       -0.20315095638905187     664134.1023301302        -161662.3945158183
0.11183128005116971       0.04218064566451908      0.5584731415735128       -0.502110976894732       444418.8053274221        -399567.2197674853
0.10974817479717647       0.03839390065145233      0.6721597663408029       -0.33044488609686845     534887.7468031606        -262959.68520877464
0.11576559767450152       0.05124993142870521      -0.15807063540860386     -0.7345488421233215      -125788.61491478038      -584535.3958317742
0.11300335444972968       0.04983544364983001      0.0911648489442554       -0.5940897031078254      72546.68172852101        -472761.5644480348
0.10926082040171897       0.047183826424522915     0.2855433817079311       -0.4203137080805545      227228.20332996562       -334475.02145152085
0.10584259779031094       0.04249521317634588      0.45683397064002323      -0.2526239191782811      363536.9229982875        -201031.72740235445
0.10989464651155648       0.05196058121121285      0.06981548846622103      -0.3829327884993365      55557.40046887141        -304728.23080816347
0.11364660697869107       0.05325735972190311      -0.1206306207040218      -0.47117618598214356     -95994.79786644298       -374950.09533122176
0.1064466309013458        0.05093107986944893      0.1600545046318555       -0.28163902297588506     127367.32788142232       -224121.21337091993
0.10431498892408267       0.04766615121809127      0.27314253269867916      -0.22978094327613538     217359.92123817225       -182853.86475357678
0.10613515343813355       0.054749738808055136     0.0668297389005673       -0.22653060822143364     53181.41645783008        -180267.33030027352
0.11087916388596611       0.055923492088072166     -0.062484845418542045    -0.29044350714865247     -49723.860083469684      -231127.5992582714
0.10139803791667368       0.052586037159615594     0.15015675915787982      -0.1472871109673155      119490.95229317898       -117207.35882086385
0.10342299429121349       0.05780404913195637      0.0488346841356465       -0.1468290173382309      38861.406872597516       -116842.81949352527
0.10749711491615044       0.05940454553243338      -0.02264044746922679     -0.16992536344813214     -18016.69564269918       -135222.30774728555
0.09736741186229841       0.0592066936203918       0.06582331041690173      -0.06856591699346001     52380.52611761079        -54563.02308568873
0.10325882421572793       0.06290856639492473      0.0039008128753161325    -0.09741232978553893     3104.1682559153583       -77518.26901733196
0.09145414295681097       0.06671267190160655      0.026272480076963284     -0.022758711366316214    20906.975357660223       -18110.807061754644
0.09859376368094759       0.0675825444789048       0.008953011379940675     -0.04909717240060419     7124.580083377747        -39070.28839695568
0.08746541344577893       0.07292754676708044      0.011801383166811383     -0.011058231128044936    9391.242331597585        -8799.860729405083
0.09398428354228337       0.07342093228833949      0.005359553035848911     -0.02272610586675418     4264.996792092641        -18084.86042961825
0.08988590696453644       0.07754091720107646      0.003979521638420818     -0.012491521137110754    3166.8026994791567       -9940.436678540347
