% Model:              
% Version:            COMSOL 5.4.0.295
% Date:               Aug 15 2019, 16:48
% Dimension:          2
% Nodes:              165
% Expressions:        1
% Description:        Magnetic flux density norm
% Length unit:        m
% x                       y                        mfnc.normB (T)
0.08806648754515284       0.08256144836137747      0.16594097250584813
0.0870015459380512        0.0870015459380512       0.1111137145171663
0.08335121148428712       0.08335121148428712      0.10953003483159084
0.07937689790046282       0.07937689790046282      0.10690980535015492
0.08494798862468621       0.07827366709754417      0.17451697623082893
0.09047252932116108       0.08639569493479572      0.1518330198894122
0.09005016964929571       0.09005016964929571      0.11107182983094795
0.07539734140015206       0.07539734140015206      0.10642594175747176
0.0811654339831533        0.07404817748566661      0.17498909564512513
0.07141778489984131       0.07141778489984131      0.11016324757173676
0.07709179151069981       0.07131405765028803      0.1610676023619854
0.07590934689861283       0.06662410264631005      0.21594846082280214
0.09260247063722718       0.08911192278005978      0.14408792246213376
0.09263098833543773       0.09263098833543773      0.10848045479208569
0.09520092516448848       0.08998768720122473      0.16121362522383473
0.09437975084271992       0.08660019815603415      0.2038653331067856
0.0976954622827915        0.08727311527241177      0.2486194559094206
0.08309498730068561       0.0673598897852227       0.3054083960369818
0.08081089719473984       0.06058546768476079      0.4261790557145344
0.1001126240018039        0.0844894225064501       0.409798280278733
0.09649251208126063       0.08350342820484102      0.32165312053407175
0.08558397425857582       0.05363192472872318      0.739899728241373
0.08986302743347885       0.05979290269391776      0.6319521317770059
0.10245047208342625       0.08163884351142597      0.7855331423652675
0.09878893303485775       0.08082388802672984      0.5261323115667005
0.08976005836373965       0.04630477213568867      1.0478910451878398
0.09406382161306803       0.05213130267682328      0.9311287506872089
0.10107788814500693       0.07840445111164424      0.9130758436933957
0.10462125181619536       0.07883776803291832      2.918878063246481
0.1032023586468357        0.07584990626280161      1.3142445619809093
0.10662257223992952       0.07610931013313049      1.8096402833441079
0.10502241308312675       0.07319395350981318      1.379774667499676
0.10855275441438189       0.07333007233769058      1.6258847175038202
0.09331022281028824       0.038654913259434015     1.2750698994626688
0.09831088788031228       0.04508606712203567      1.1530444268706483
0.10680295359886613       0.07038150109994713      1.3805257383712661
0.11041051052791093       0.07050190894554632      1.6036686891810936
0.10844780053277162       0.06734860014998359      1.425460400550967
0.11219460109140325       0.06762670689853909      1.6909759871283916
0.09620976315670424       0.03073567102457469      1.4073485842495803
0.10271186646578186       0.03694766892430446      1.2977474372674902
0.09843851800432409       0.022602171867153912     1.4745311814575885
0.10431526118082496       0.028084434808683143     1.3731111172494346
0.11010692710124947       0.06459835977299891      1.4904229488461935
0.11390383576518369       0.06470638452253426      1.9786432246412116
0.11209753358204498       0.06186344519810528      1.5337903506246728
0.11553707415314922       0.06174289024762065      1.593935256196949
0.11359027422300386       0.05909125709463964      1.4673864471430431
0.1170932265638049        0.058738201307815756     1.4995643688143938
0.10409184653239968       0.0025677850189831063    1.4716290343876337
0.10078636834867405       0.0065656648624031946    1.5138929630729216
0.101                     0                        1.516169562882704
0.10579868250828577       0.01984532391772325      1.4067783478148697
0.09998169852081437       0.014305941454269572     1.5035405495378213
0.10628098776377487       0.012226599751497138     1.4272886144833505
0.11518686000957254       0.056089663544489334     1.4405773135016278
0.1185712547370225        0.05569432242238118      1.4833278127269207
0.11633096571874114       0.053047993651762215     1.4392194741573299
0.11997017253699233       0.052613284457865894     1.5208624086122189
0.10638526328867444       0                        1.4406928246761366
0.11782459527696028       0.05006533567067731      1.4572619694425575
0.1212890466101093        0.04949714307321919      1.6420319454301622
0.11911911877276483       0.04698106967940333      1.4246200448234596
0.12252699700766005       0.046347977348368576     1.3942284487675298
0.11998352377256627       0.04380063777558796      1.3592109648900028
0.12368319777304804       0.04316788839673662      1.3232356407351136
0.1115082602293507        0                        1.377800884728625
0.10754737843883455       0.005380234718246922     1.4231361609721362
0.12095108738341953       0.04066122148728983      1.3166087267384006
0.12475687749265832       0.03995899796393636      1.2831623730012915
0.12201837913195768       0.03747857606740372      1.2876469568925415
0.12574731981071494       0.03672344701170898      1.2566256818979031
0.11590480409300352       0                        1.328453121718912
0.1135752843016373        0.004557998021705404     1.3527406937732405
0.12281426728412659       0.0341933575413094       1.268626917441739
0.1266538639071842        0.033463394289588555     1.2375834102990384
0.1274759049386422        0.030181014894702974     1.22331749925336
0.12372989081472019       0.030864831815098727     1.2537434698617251
0.12821289444190762       0.026878498820214914     1.2122871023702422
0.12487272137738574       0.02773269011863254      1.2402684654534044
0.11966797809081381       0                        1.2890469309853956
0.11814827485765445       0.0037787359958919927    1.3041720376389605
0.1288643406998361        0.023558049494739476     1.203697833545331
0.1256151574317515        0.02443396925977919      1.2313130420940868
0.12623924334909453       0.021418365256164345     1.2246548412870648
0.12942980906950746       0.020221882311764656     1.1969550072526687
0.12195459059147691       0.003278413232290197     1.2659396955161102
0.12385265665136795       0                        1.2475892175507
0.12762119415404843       0.011552833014349556     1.2114718285501334
0.1306068623543659        0.010141375939573484     1.18458460948983
0.13030136064501924       0.013511306896694367     1.1876051611460847
0.12723635810403564       0.014868600708391405     1.2149094038268735
0.12990892227218484       0.01687222315166072      1.1916583973125745
0.12697507061626837       0.018181161074434876     1.2175060336180143
0.13082522357041576       0.0067646786879169765    1.1825007379958745
0.12776468881739528       0.008107341745507087     1.2102939650684583
0.125697393991623         0.0025110190322160174    1.2299145020046007
0.12773365533781963       0                        1.2108335865767739
0.12800759091998434       0.004913794902645422     1.2082208569477126
0.13095629860324495       0.003383468063654461     1.1812855877304675
0.12870893911074271       0.002223252963929433     1.2018133803326136
0.131                     0                        1.180880934167532
0.09222256643788937       0.08267099869529862      0.23439735734323688
0.09064430471649822       0.07773705645324347      0.2850988344711547
0.08708359716223334       0.07256721108032996      0.2905511359381974
0.09484855372163309       0.07974373203229342      0.3681171469654618
0.09489628062021335       0.07618422043415812      0.45747098627588373
0.09258422620183906       0.072149224848821        0.44818475950508435
0.09758506738084809       0.07299136396597045      0.6741974167476826
0.09112077908483851       0.06755416765217293      0.48862429763456144
0.0978327638772723        0.07722054905935966      0.6024406290806369
0.10025722411893019       0.07550564215349759      0.8718658621898973
0.10158804254468788       0.07306194036771191      1.0031767015236153
0.10033554787291217       0.07049121623843266      0.8876006196570051
0.09747875775400061       0.0678404625074251       0.7389773432063853
0.10146870574050179       0.06804745711886592      0.9650357838883712
0.09552795137422547       0.06357986868537836      0.721744938318448
0.10336579705405936       0.07043099085759742      1.121134849556789
0.10129090215251049       0.06411236290658122      0.9705198130270541
0.10487252386902637       0.06736225308429322      1.184402116865661
0.0978103251573027        0.05840894131754522      0.8948770863276011
0.10537736110246138       0.059455478802062714     1.17174126397449
0.10650068822165974       0.0640920778561439       1.2536497288678499
0.10907608231709322       0.06193907862661722      1.371627366908087
0.11017290195671448       0.05881043335610738      1.3595165523293071
0.10881124384566103       0.05515903274683689      1.276765883602238
0.10303742864834353       0.05217199979919012      1.1310672944468363
0.11223279783974852       0.05663881516814101      1.3858781158063935
0.10976466362263475       0.050410654176338325     1.290617051483333
0.11259079164063632       0.0534968768112543       1.3634841011105305
0.10706175598132182       0.044634287482325015     1.2589936096222427
0.11297248770615827       0.04692763674399521      1.3351729537394965
0.11429558783820108       0.05030176498206723      1.3795233269404372
0.1162530755965541        0.04783074480647725      1.397457885788543
0.11632624601662318       0.04451850148441365      1.3553721358506003
0.11303436551926183       0.04217057674216848      1.3173536053621508
0.10959206801152724       0.038727648021257055     1.299847917522324
0.10997227855550351       0.03284462784472178      1.3201763163882227
0.11284312805985791       0.025452835137587167     1.3267205063448277
0.11729449568188198       0.04112716825731573      1.3273447646117547
0.11495913971805843       0.03708821846370424      1.3081649994120803
0.11889982129071179       0.03826698998731587      1.306278333326722
0.1149763963817727        0.03187508898586843      1.3054341703479297
0.11785128787821648       0.028783415527426123     1.289998678378159
0.11171918852093529       0.009556733972397598     1.3691825312440302
0.11293250152011836       0.016399960487148563     1.3454116274835448
0.1159553835179945        0.01157174361722999      1.3218319980341253
0.11917275858556253       0.025038774339077353     1.2819426413900092
0.11802914329322196       0.02032678236271245      1.2937116271963087
0.11891487423410622       0.0350760196537747       1.29306768787877
0.11982124159801026       0.03155388687704652      1.2809544780925017
0.12140948462290266       0.02841241464467062      1.266700417160539
0.11644199880589591       0.007759476579434581     1.3200762783702857
0.11896215123093165       0.010148329460932828     1.2931303447599385
0.11984364036298747       0.01453856426760385      1.2819233934924459
0.12199468457166504       0.018553329289526507     1.2607937814786874
0.12281300619089439       0.025622750734753542     1.2543460909136497
0.12260555473470651       0.02210929517334981      1.255003854742801
0.12029288073586829       0.006943579496958629     1.281475102645965
0.12226365783327547       0.01021428881007155      1.2612381877757743
0.12441653661516194       0.012882114474966257     1.24046050681425
0.12419506432153102       0.016211965638242648     1.241799624824295
0.12455822339890206       0.019258344357639172     1.238493677165549
0.1253363300893819        0.009916537532788755     1.2325002812271746
0.12409194076412185       0.006505730868936754     1.2447477669006901
