% Model:              
% Version:            COMSOL 5.4.0.295
% Date:               Apr 16 2019, 18:12
% Dimension:          2
% Nodes:              159
% Expressions:        1
% Description:        Magnetic flux density norm
% Length unit:        m
% x                       y                        mfnc.normB (T)
0.004162645358974073      0.15921869227809288      1.5567758990365962E-4
0                         0.161                    1.2927616305515835E-4
4.7455063456799026E-18    0.155                    1.9341578983590735E-4
0.006811366921419061      0.1548502672928329       2.0315613794085505E-4
0.004902061242185377      0.16442287038567305      1.1163118412909366E-4
0                         0.16700000000000004      5.643464483696475E-5
0.011053944807782826      0.1604388480518939       1.8854477708712698E-4
0.014797980141279168      0.15429199520305098      2.147842525350202E-4
0.004606318806460437      0.17010765617710144      6.933509258910798E-5
0                         0.17300000000000001      3.0273757106720812E-5
0.023101538654988454      0.1532687799643883       2.0596482365077613E-4
0.02001564286816864       0.1610581000923356       2.9399245136641725E-4
0.0045818200267428635     0.17570346278859514      1.0301413149691856E-4
0                         0.17900000000000002      1.274085889992529E-4
0.00424117071956127       0.1806312945332567       1.7063101711007684E-4
2.5933239844582783E-17    0.185                    2.2699470140654887E-4
0.11980290257174267       0.11980290257174267      0.6636553805988683
0.12191795942021319       0.12191795942021319      0.6504021045255104
0.1188744272109772        0.12272689849691049      0.6305534271360262
0.027866079680219865      0.15827449347091893      4.823322699980613E-4
0.03132895500364724       0.15180084511747435      6.10495742893206E-4
0.03617436157672377       0.15676102435843142      0.0012669509870711344
0.03945301138196315       0.14989482944016008      0.0021648947518006965
0.006709501096411275      0.18487829130278455      2.54806054952214E-4
0.04423660966714965       0.15467640779524922      0.003435415433785742
0.04745739303077856       0.1475560769562616       0.006582385544236107
0.12373574676369944       0.12373574676369944      0.638686537897544
0.12107836212177557       0.1243488425258917       0.6215135978093146
0.12545004309060045       0.12545004309060045      0.6279061037503718
0.12306158775470785       0.12604778041187692      0.6099701054261293
0.1261858097905248        0.1331659511634867       0.529597672990937
0.1280464871660252        0.133525642198197        0.5546695907197053
0.1266412145968074        0.13485919607296112      0.511308087618232
0.12477336811119266       0.13437025233029556      0.48257996444419354
0.12522205439129225       0.1361779611171509       0.43814922338787715
0.11614830059094221       0.12067403580698978      0.6404533700049754
0.11710048961102698       0.11710048961102698      0.6798050642277297
0.10954306055716975       0.11530624002540729      0.6624655610038742
0.10467931033202642       0.11431203781059675      0.6469198008440769
0.10960155108391487       0.10960155108391487      0.7249627862385576
0.11364064996464604       0.11364064996464604      0.7000417772995405
0.1125934878649637        0.11810679646892039      0.6496021502171271
0.01016239070048202       0.17872287182536628      2.1321973069891374E-4
0.014606368948634048      0.18442248774522152      3.537217959276196E-4
0.018237610624626838      0.1776076201261845       3.6437370558245144E-4
0.022855096016238904      0.1835828003547405       5.449812200069552E-4
0.12378916217638877       0.13748179271331792      0.27474757228450536
0.12331308319107992       0.13560557714085425      0.4235474528952999
0.1071236052169849        0.12129345227587829      0.5947618270800312
0.09863126253837803       0.1195695364634552       0.5587373694834092
0.05533516731129892       0.14478611555888413      0.017481577807825856
0.05346871460434903       0.15388945967017958      0.009866027857344473
0.12481485126517099       0.12790771120532352      0.5953657679541887
0.1274028606236749        0.1274028606236749       0.6175637525764404
0.12687293382969195       0.1297737305412857       0.585512659496029
0.12930339435241417       0.12930339435241417      0.6125442297300939
0.12751658435858496       0.1318813471160872       0.5657597073192199
0.12943771799497258       0.1321774457320686       0.587100558293825
0.026182578964774803      0.17649140207508549      6.190337499912391E-4
0.031035823911340795      0.182378117201994        8.90068063078856E-4
0.1221775527302107        0.1389159659969169       0.48214393070464356
0.12161674791341114       0.136771042403058        0.45511819498350436
0.09955853860098333       0.12704297612672888      0.5031625014915798
0.09201871573085359       0.12472993207423928      0.45411617045891745
0.09243992614109639       0.13198327783611388      0.39913384154410186
0.08513392956736482       0.1295268853806767       0.3288516213014241
0.06945766651097098       0.1451274778258353       0.06647803520128706
0.06306419072114645       0.1415906347492194       0.043566186163223115
0.07062485632122427       0.13797510525310866      0.0996638286315874
0.07736659477918101       0.14107537852739355      0.1474191602480302
0.07799393228269742       0.13394755140383122      0.1993395545365518
0.0850054075277284        0.1366097510645735       0.2704450106317063
0.0625244419024377        0.15003240183382158      0.028815718716454015
0.12878794249451228       0.13093000602493673      0.5910066186429219
0.1308147545195113        0.1308147545195113       0.6140112307630243
0.03418761258144867       0.17540005609468018      0.0011111382002294958
0.03914064047434373       0.18081208550110295      0.0015555162788862074
0.12015580100190723       0.14066834571285056      0.5472773829672883
0.11967596504357875       0.13800460091104166      0.5086731041837432
0.042111440385312386      0.17386011895117195      0.002122469502721209
0.04715796740202566       0.1788885857468539       0.00292638319593751
0.04968627657215684       0.17204241126332614      0.004190094756162981
0.05507216048872206       0.17661273209795617      0.005931170150314404
0.11705616159879138       0.13950576219858546      0.5508267968922045
0.11755251923383468       0.14285098957227738      0.5882921427807805
0.056206982583511984      0.16939221659725776      0.008029773415388127
0.06286967118889432       0.17398966763747872      0.01271485267163668
0.06350744539353122       0.16496501578064782      0.018417994594950637
0.07055213537715715       0.171018701298201        0.027826759203115965
0.11442013413989056       0.14537204993880154      0.6189155367265847
0.11373710576300079       0.14126361897602377      0.5755200430724977
0.07811219514467083       0.16770058130394436      0.06565651662659032
0.07215662543238578       0.1628773560512988       0.04541402739956766
0.0794206421434405        0.16048739822697786      0.1047520780480994
0.08554653301227697       0.16403289514478306      0.1864075120998271
0.11055858054147909       0.1483300383221592       0.6495888191002658
0.10962178659157883       0.14355154354093147      0.5885592291955591
0.10482747993993947       0.14643331409547675      0.5936486337916445
0.10547102981360561       0.15198967685358594      0.6989453344567828
0.09898088697385657       0.14973716581902097      0.5919851717213082
0.09921644603699849       0.15614447424032443      0.8564456225746812
0.0856087108450877        0.15736495053895194      0.2586624985188412
0.09250000000000003       0.16021469970012114      1.2587758248415362
0.09234108588155898       0.1534392687731199       0.5395747469598227
0.009672980294592284      0.16776063313404785      1.4850619004658165E-4
0.015259886291587144      0.1663350329906038       2.3903280731464075E-4
0.0084810512752421        0.1727589707542927       1.354573434048687E-4
0.01411918003645054       0.1725686395195558       2.3408108222636048E-4
0.12265448708877391       0.13210272908344417      0.5251475181573383
0.12436851653898795       0.13260647168541728      0.5205632577287499
0.12290953015846356       0.1338063568019032       0.48854977614156425
0.12083804461012122       0.1265745201586353       0.5969815708973483
0.12207188185305592       0.1284336359580292       0.5782052727157564
0.12402980043929476       0.130338216606474        0.5581916144064506
0.12130377144301693       0.13057476310170837      0.549594207752761
0.12580707535424912       0.13172595467570258      0.5487388689906639
0.026390903300049486      0.16462682847639915      5.216893651554869E-4
0.021437683450941408      0.16984894415518592      3.9513251648101244E-4
0.11856175489007889       0.12565933859046158      0.600975990480724
0.11913689479538406       0.1287365200904145       0.5715655311637359
0.1216568397762276        0.13497429571171404      0.47310158074254416
0.1207077906695033        0.1331710734549579       0.5149623155004941
0.11916683119490727       0.1314365219153722       0.5441699328767342
0.11566407513879537       0.12422711240532147      0.6064840864048181
0.11281968016883512       0.12206365492348897      0.6152564295359526
0.03303262936663772       0.1633773957255652       9.473176539759862E-4
0.029341647204052187      0.17013087451772788      7.353149734775985E-4
0.04094987319627083       0.16179380635392376      0.0021606270183879756
0.11556249692635304       0.127812676205167        0.5775515318327624
0.11644151651937898       0.13075358588831826      0.5566133260143185
0.11976820024764571       0.1355003455230909       0.5017481732730723
0.11784727523366546       0.1336651915301501       0.5328445199866484
0.11170563874613473       0.12609040166598304      0.5803084635746736
0.048389767044968446      0.16087848418197503      0.004823423290981164
0.037472911242510176      0.16867734717599         0.0014764334727345263
0.045008247847263774      0.16709019089883304      0.0030325523011897546
0.11266155612209248       0.13045463697545448      0.5590856561465695
0.1148078856735077        0.13385560889620893      0.546486142192695
0.11710458284948787       0.13641586912762382      0.532954546581878
0.10669594310318935       0.12984574620552564      0.5405507662348498
0.07009103669150257       0.15146073427044568      0.055847201151009475
0.05089960264113369       0.1663577959721943       0.0053557994946319045
0.05520673915776744       0.1623856769195796       0.009158798976555691
0.06035344770794313       0.15782407695107906      0.017549000175764405
0.11075585576399116       0.13436980299152415      0.5472869389348588
0.11390034718039507       0.1374844313021686       0.5519539331522287
0.10659628794712231       0.1357543845077843       0.532814861329507
0.10044177887539772       0.1348359119051611       0.48232330048015887
0.09248249257902738       0.13928879457775828      0.3766893763567474
0.07728398104635655       0.14835043129887318      0.12020567670261051
0.08461556981700326       0.1438366186616673       0.23641758948892286
0.06698387086245682       0.15720641468743912      0.033949554878510986
0.07440147513139012       0.15588323234505236      0.07443189523260405
0.10987160526342905       0.1388168481599619       0.5556231395275462
0.1046182483344862        0.14047730764133917      0.5347668410072285
0.09884006939408299       0.1427109305519011       0.48628045119014546
0.08047269461219846       0.1549170595352794       0.14480341011896092
0.09220990989847755       0.14667295613190134      0.39861983572265536
0.08542939745481676       0.15058009762922847      0.24689378868432799
