% Model:              
% Version:            COMSOL 5.4.0.295
% Date:               Apr 2 2019, 16:38
% Dimension:          2
% Nodes:              321
% Expressions:        4
% Description:        Magnetic flux density, x component, Magnetic flux density, y component, Magnetic field, x component, Magnetic field, y component
% Length unit:        m
% x                       y                        mfnc.Bx (T)              mfnc.By (T)              mfnc.Hx (A/m)            mfnc.Hy (A/m)
0.004070344071051515      0.18921809168812703      8.068875426229711E-5     -6.75617014404619E-5     64.21007046385911        -53.7638937397417
0                         0.19100000000000003      5.288857431606193E-5     -1.0958120871032088E-7   42.087390177421575       -0.08720195518116114
5.6639914450522176E-18    0.185                    1.5386093612314368E-4    -3.893818439127683E-7    122.43864266372339       -0.30986022604476954
0.006732492802413052      0.18487745546892806      1.4977941924801774E-4    -1.1788749287014763E-4   119.19067473377699       -93.8118860949728
0.00487248510982674       0.19435572012599353      -2.3052110262781444E-6   -7.683851327325635E-5    -1.8344286485105386      -61.1461460363548
0                         0.19700000000000004      -4.218419188383016E-5    -3.721109417345201E-8    -33.569113293242914      -0.029611647877814562
0.004527469510604303      0.2001063729085509       -9.07384462198999E-5     -6.854782434192616E-5    -72.20736122187587       -54.54862541106248
0                         0.20300000000000007      -1.3316866667555994E-4   6.1216396036945115E-9    -105.97225783186161      0.004871446013775464
0.011078387562640667      0.19054243951294908      5.0503219137581156E-5    -1.7825027222142872E-4   40.18918483899625        -141.8470596575817
0.014635219352751784      0.18442020050552177      1.35495241264725E-4      -2.4798959181632105E-4   107.82368706354968       -197.34384686454464
0.004460851344508727      0.205705392567645        -1.7401192230833828E-4   -6.509994124366514E-5    -138.47428796147446      -51.80488721960628
0                         0.20900000000000005      -2.2051848057182661E-4   7.04760501783645E-8      -175.48303113060146      0.056083058777395806
0.022875128114083914      0.18358030535371775      1.1251391784636495E-4    -3.5983613991351983E-4   89.535730959422          -286.3485018517177
0.019907487667339553      0.19148019284806567      2.3487847221372065E-5    -3.0584193886934273E-4   18.691034939343012       -243.38128187932585
0.004108368885058738      0.2106216481617039       -2.444264968396132E-4    -5.769648833792116E-5    -194.50842597329978      -45.913406590120225
2.983724378550861E-17     0.21500000000000002      -3.0398873533097834E-4   1.6277711624394837E-7    -241.90654936089544      0.12953391336234218
0.027708111808444583      0.1887852931328553       5.537658489595784E-5     -3.993149148582633E-4    44.0672860886984         -317.76471275005963
0.031067199533083126      0.18237277514248554      9.121114870440215E-5     -4.1447198816517195E-4   72.58352590697764        -329.82632844806335
0.006484847566392381      0.2149021794957898       -3.0570517329976346E-4   -8.745956043124826E-5    -243.27244729710924      -69.5981068163875
0.009865273244334338      0.20875197867303694      -2.2234132126643075E-4   -1.4128755129908058E-4   -176.933601665678        -112.43306093299206
0.014130534275953304      0.21453514397663645      -3.119126696946339E-4    -1.932613432835645E-4    -248.21221597445307      -153.79249046079482
0.03602801009079155       0.18729518893245636      1.1566772735965241E-4    -4.4056546502486683E-4   92.04545282747172        -350.5908575714354
0.039188627963441636      0.18080169091671391      9.815574891316146E-5     -3.2829871711020925E-4   78.1098631620829         -261.251818194088
0.017870878673729784      0.20783996127724677      -2.201742173926535E-4    -2.613735372304501E-4    -175.2090751971518       -207.99445221819838
0.022345167801401677      0.21383566932559966      -3.2416809529734543E-4   -3.1492131430535563E-4   -257.96477379628556      -250.6064192834688
0.025731901668581306      0.206880713725111        -2.1875706122947614E-4   -3.905400479723273E-4    -174.0813381546377       -310.7818955507092
0.030487689149706062      0.21282739675688114      -3.4426289294789674E-4   -4.5490462664245007E-4   -273.9557056788688       -362.00159982759516
0.0443269439960605        0.1857085958384067       3.3252568809340074E-4    -3.5782432657864875E-4   264.6155348254927        -284.7475516676031
0.04722579677956999       0.178870691055116        2.0591267929887395E-4    9.044837496777256E-5     163.8601037785599        71.97652985375125
0.052673857446285964      0.18342398196776769      9.647492977778966E-4     3.087963833548126E-5     767.7230979289355        24.57323540990915
0.05516996544879426       0.17658220440457428      6.728649265823244E-4     0.0013843561901809513    535.4488954937109        1101.6356533358119
0.03373729897884703       0.20608006872573434      -2.1754019327959457E-4   -5.500005230862016E-4    -173.1129854080689       -437.6765097614855
0.03857567628174501       0.2115110332805502       -3.7829709159533704E-4   -6.379592567374704E-4    -301.0392604234269       -507.67184600499974
0.1306487968217318        0.13650478706358343      0.4079532475706527       0.37506023844376374      324638.8795063055        298463.45452774956
0.12596751113571705       0.13548869376546882      0.36924461937511516      0.3963869693088074       293835.53191817505       315434.7277135605
0.1308147545195113        0.1308147545195113       0.4272831762469109       0.4266814843270729       340021.1479985069        339542.3367822036
0.13468130607437662       0.13468130607437662      0.44971570841250136      0.3781169190757487       357872.3898996152        300895.88368791784
0.13372307431495484       0.13924667225076043      0.4252869085433293       0.34155284558109616      338432.5686347084        271799.1185066714
0.13810379772378878       0.13810379772378878      0.4676536809277818       0.3354417445761857       372146.9748738825        266936.0588433446
0.14300006035581067       0.14300006035581067      0.4940672351779127       0.27210334902858735      393166.21349155373       216532.96514879478
0.13994796937011528       0.14387823389319818      0.4612312163432044       0.2761700099798356       367036.13994654175       219769.11111014453
0.14081813047934208       0.14081813047934208      0.4817455245267728       0.3009130850912522       383360.907704169         239459.02466652452
0.13716405047450142       0.14177468564578824      0.44526404913666234      0.3068465694813435       354329.8720060619        244180.74151873266
0.14487099699787942       0.14487099699787942      0.5063651277864847       0.24650892697302426      402952.56548289134       196165.57122017932
0.1422313661080245        0.1455822150244283       0.4759142884295737       0.24934697537859793      378720.5574581433        198424.0183825849
0.14661108138380127       0.14661108138380127      0.5202983507744358       0.2221192859621518       414040.27204156155       176756.9115845935
0.1442709710473926        0.14738776650420854      0.4904192887844423       0.22077315181943535      390263.26998827857       175685.69207020302
0.12821629401328064       0.1424216660210703       0.3703437323086661       0.333302300951631        294710.1782001293        265233.543701773
0.12005156461415657       0.14075731538251574      0.30986257167486625      0.362203450680034        246580.79980610835       288232.3479033446
0.04172165728378459       0.20467173143053397      -1.8886332332224834E-4   -7.796089729911346E-4    -150.29265737749333      -620.393108651675
0.04660028121558059       0.20988905114519152      -4.431518046769433E-4    -9.176794957343075E-4    -352.64900127214815      -730.2661396009645
0.07665554270326737       0.17467976783562822      0.018271096974665075     0.010569083153904429     14539.676996146605       8410.609139465845
0.07072070205561792       0.17094906346850955      0.005499800580072873     0.012555367924778365     4376.602241691356        9991.244337829545
0.07829891344874487       0.1676134844001101       0.014755126143131897     0.030540804360968368     11741.756308119473       24303.599900253146
0.0630060216661947        0.173940338144431        0.001990159791944623     0.004629572160085356     1583.718842153624        3684.096468391039
0.06125936848639844       0.18277448490315623      0.0029773964938492677    4.682098142819967E-4     2369.3368477029444       372.58953173559036
0.07011823189784795       0.17933381909435134      0.008717602579886588     0.0026697169187397565    6937.247712498049        2124.4932213674806
0.14552833348177205       0.15826087373074296      0.4716415180492459       -0.042752393824307865    375320.39482451434       -34021.27403075007
0.14500464344845831       0.15610088247596926      0.452985620502445        0.0562163088109282       360474.5032625676        44735.517148198465
0.14717762777466806       0.15672825489560352      0.5259548925602432       0.03908093960330988      418541.6049716472        31099.623592712916
0.14881078238213738       0.15517844904114786      0.5545583627004725       0.08945781961890055      441303.5232836418        71188.27095285578
0.14667304104121356       0.15445426162059497      0.5049191596933171       0.09815207525607676      401801.90063498745       78106.93975866163
0.1462112938666381        0.14929904328921306      0.5080074783102088       0.18971937447586185      404259.50650359265       150973.88124067886
0.1485904471266036        0.1485904471266036       0.5405309839380995       0.1946141768184275       430140.889940372         154869.0411820644
0.14827942972275818       0.15070138970499378      0.5351990894241211       0.1661398236822873       425897.903100651         132209.8709172598
0.15045747836038695       0.15045747836038695      0.565003956288752        0.17103150655991226      449615.8625491602        136102.5484673198
0.1483235283756827        0.15302922388069987      0.5370576175348131       0.1285691421785813       427376.8727791103        102312.07253402956
0.15042761821037356       0.15361162612105272      0.5743986615380394       0.12624793901854073      457091.93144573754       100464.91774982463
0.12074280075707061       0.1482354313678781       0.30643963426171944      0.305613174032918        243856.91276012594       243199.23660671283
0.11361746736664924       0.1460002435244147       0.2534484059829883       0.3244990504637761       201687.83315477046       258228.13954968177
0.11398876236407321       0.15362319017442727      0.262052675764347        0.26348016704580773      208534.89349176773       209670.85496009304
0.10694937234634745       0.15095307799022292      0.19528332179106322      0.27450271995205083      155401.52983226476       218442.3238626957
0.049631970349345016      0.2031814737789588       -1.2525600378221575E-4   -0.0011690252623508255   -99.67556076938388       -930.2807455121682
0.054550362650968         0.2079645593235729       -5.77971908054592E-4     -0.001421397610229983    -459.9354306757137       -1131.1122788355449
0.10691357848870228       0.15822353982647552      0.21409384292038616      0.20321335064602528      170370.4669315962        161712.0462879076
0.10006733717385766       0.15560053994422213      0.1333130627541892       0.20627785010557712      106087.16458024627       164150.69747335822
0.09968145947675794       0.1627125797783595       0.15535744647099242      0.1278784823647604       123629.52775996487       101762.46291720693
0.0929868010202101        0.15993265719054334      0.0761638688645928       0.13009154456936156      60609.28107401422        103523.56186336752
0.08476595265322377       0.171064252828351        0.04518698339018048      0.02666335440365671      35958.65884979297        21218.023263765106
0.08572560191461125       0.16393938262777977      0.03601605215338496      0.06789395966902383      28660.66365433358        54028.296437034616
0.09237436287603729       0.16708533975694276      0.09352286132277159      0.06276495542046588      74423.12835808465        49946.76454054797
0.1438630803671545        0.15977613747763975      0.15892886678204338      -0.13234535948397216     126471.57374177764       -105317.0907857401
0.14334118140099006       0.15745003842590824      0.3608048056416748       0.04532804205433571      287119.34154591546       36070.90976812419
0.14219360751672513       0.16126369083392425      0.15145458460713215      0.18271667654839382      120523.72897077382       145401.3112899993
0.14163419721801712       0.15903937133324864      0.259483787205872        0.10914235872908191      206490.63693010018       86852.7294622113
0.1401559414607037        0.16303776272159698      0.2209376242570259       0.255522782866269        175816.57507742755       203338.56982881887
0.13952723560458544       0.1604644750255143       0.25573601823954045      0.2009330073673579       203508.25714730984       159897.40676417618
0.14988424406760706       0.1519958992476419       0.5602533377649144       0.14857341177465855      445835.4404450968        118230.96447982258
0.15202795795510773       0.15202795795510773      0.5895109638612241       0.15524087960045344      469117.91952690756       123536.76679172972
0.05633858184326384       0.20128984888817145      2.5268360256915546E-5    -0.0017888289926332702   20.107922193574513       -1423.504882618403
0.06241851081160365       0.20573995603203019      -8.77864518364534E-4     -0.0024247601972113685   -698.5823873135076       -1929.5628559933414
0.1371230386304997        0.16202214943895343      0.2797937088129223       0.24733580455144685      222652.75901795496       196823.57948986837
0.1375990658279023        0.1652013834182043       0.27096572258204854      0.2911912245658768       215627.67078700117       231722.61387320724
0.06321274946537436       0.1983708273419815       5.139830972093013E-4     -0.0030135049134289815   409.01475293271227       -2398.0710150196824
0.0701980956869567        0.20321719258449777      -0.0016104808047110036   -0.004579696335021803    -1281.579904121848       -3644.4065478927837
0.07080577113382613       0.19397362295942938      0.0024933345600359072    -0.005951514794899299    1984.1326000578536       -4736.064992463856
0.07788420911452107       0.20039723044644492      -0.0035355863784348653   -0.009067327618715357    -2813.530244281407       -7215.550055761068
0.08548865223215206       0.1972731363859006       -0.00838690576407016     -0.019280105283315176    -6674.087547988376       -15342.620295858886
0.07951726696848631       0.1921145477331382       0.004314894401048309     -0.014385081231674408    3433.683864231907        -11447.28392399716
0.13448512613686056       0.1677460904103361       0.31497939478010534      0.3066319580195274       250652.63825673648       244009.9591437716
0.13402532076619053       0.16363751811893576      0.3080435616590841       0.270028781525144        245133.2776283814        214882.07678404066
0.13086450243499342       0.17058570280783072      0.3586394201868209       0.30596490808540383      285396.1825517191        243479.13767224713
0.1300386925674966        0.16563850298843344      0.3362261524946338       0.27441178660405996      267560.27083145187       218369.96140357247
0.08714490911847597       0.18961821841996868      0.0077518307734067565    -0.03283533429520536     6168.7109279977785       -26129.528805783844
0.09298531097307033       0.1938523457254036       -0.021187171490078222    -0.04428937808349628     -16860.215363908137      -35244.36724227143
0.09447222495187148       0.18682009228459942      0.01655161775451555      -0.07782281023475253     13171.358908993634       -61929.42467081704
0.1003169358179971        0.19016180580781158      -0.06076006794554862     -0.12328837145161448     -48351.32578066742       -98109.76871137077
0.12628941794755286       0.17399995090363748      0.41256947044934655      0.28653967339564335      328312.3529540957        228021.0270642695
0.1251945636733643        0.16826762583332258      0.36533566123794364      0.25655270785106843      290724.88186882436       204158.15809054222
0.11992651834414916       0.17168211007186185      0.40074160126120084      0.208999370433281        318900.03371640714       166316.41453775394
0.12046839858537518       0.17807965897955644      0.49523657569026697      0.23247376312244647      394096.74510504777       184996.74270055862
0.11370326767330702       0.1754716871788795       0.4411972082542446       0.09230542936235303      351093.582860037         73454.3267861913
0.11406151945723374       0.1822497456215154       0.6521237073998697       0.1496700584536015       518943.5577005103        119103.64817871798
0.10055214784090619       0.18351754019538224      0.09561440552549554      -0.16842448958720888     76087.52635087822        -134027.95027766871
0.10750000000000001       0.18619546181365432      0.2735405759265244       -0.8052043548341935      217676.67397455138       -640761.2663549118
0.10708817620243195       0.1794464511111848       0.3861756005134192       -0.12495228125750772     307308.7786159587        -99433.8660637057
0.009567481971972767      0.19782476548047645      -5.9407642180049184E-5   -1.4650615815071274E-4   -47.27509955194703       -116.58589631544449
0.008263998637317582      0.20275235927719043      -1.326979812158098E-4    -1.2315408679034208E-4   -105.59769824405802      -98.00290837325616
0.015094065199710757      0.19653481804177092      -4.487684459935673E-5    -2.3152979111881522E-4   -35.711858241772255      -184.24555364796726
0.013798627025925858      0.20257242230144698      -1.350609683114723E-4    -2.0615214723117083E-4   -107.47810362774327      -164.05066630424508
0.021058284986098793      0.20013769924269856      -1.0343797705319247E-4   -3.1918690272860655E-4   -82.31332675720812       -254.0008666972485
0.02611294808266535       0.19509230684240855      -2.4567238251107154E-5   -3.9258475300768086E-4   -19.549987028899967      -312.40902011841615
0.028892086584738935      0.20056347966283972      -1.0697790404741306E-4   -4.4884101769585103E-4   -85.13031115378134       -357.17633314345784
0.03283262090144775       0.19389239267873562      2.2701399683427412E-5    -4.83899085547457E-4     18.065199873611302       -385.0746571126286
0.037199081509981344      0.19929953007051793      -4.393374957429056E-5    -6.174910635467467E-4    -34.961367066548966      -491.383775392682
0.1421428220229321        0.1480262459361159       0.46303844169922764      0.2235831335707983       368474.28419000236       177921.80449884018
0.1403993451138048        0.15048050550840197      0.42718438994232805      0.20851008296271384      339942.5363550862        165927.0519400855
0.13960197702520344       0.1470502310294795       0.44233863197427         0.24809778524800863      352001.89899605885       197429.94446186037
0.14293202274789654       0.15256698630985385      0.4407368432787732       0.1592990386611215       350727.2360526737        126766.14716352214
0.14050824329171216       0.1539860656881152       0.390409634877672        0.1695589583281143       310678.1161074176        134930.7318171604
0.14354322879725784       0.15000048345727077      0.46846770037877955      0.19164750071678807      372794.75097087864       152508.2353514219
0.14580119797375016       0.15203123025039586      0.49290902714816726      0.149097079007748        392244.54082624026       118647.68562322979
0.14464584126480431       0.1541672234901447       0.45865862762865295      0.11354617891809209      364988.9388942254        90357.17822005556
0.13665808658960632       0.1453981477570764       0.4248848713735803       0.2781221972404761       338112.63762034726       221322.6123720043
0.13675356803737412       0.14920789033601026      0.40430437280616566      0.24694936216162833      321735.19722884864       196516.05840706907
0.13373080772863344       0.14320429445734514      0.4109001070635534       0.30863900308863607      326983.9157807677        245607.11486255593
0.041044556342271714      0.19221038588554107      1.7755373995320843E-4    -5.845776608136991E-4    141.29277689003035       -465.1921216979879
0.04490522439329567       0.19788468220666558      1.1417069043826373E-4    -8.47022219568881E-4     90.85414869732132        -674.0388657652805
0.14290812861050273       0.15511807331394598      0.40767030151916267      0.11415884855572478      324413.71819269075       90844.72522661339
0.14110801845942864       0.15666557215255072      0.3428617394711225       0.12949306082351464      272840.70316957374       103047.30363080907
0.13742655879711993       0.15295234117214504      0.3787976492630443       0.21512301841716286      301437.5915590177        171189.45876970154
0.1384413099656362        0.1562294338119795       0.34148399643613336      0.18802965639762637      271744.33009792893       149629.24631776428
0.13964585265882434       0.15828816412978647      0.2999364830500669       0.16813900681568011      238681.8694550832        133800.7703063868
0.1327493038256143        0.14727386549743535      0.3862733726106012       0.2827005024907066       307386.5831787736        224965.9119297931
0.13368376592047257       0.15209313008184422      0.3667624359547991       0.2493977795538023       291860.2731131548        198464.4470606523
0.04978988436420913       0.19154146472705066      6.082096195019046E-4     -7.899309063917253E-4    483.99783689884464       -628.6070422665218
0.051480463371190346      0.197729979413433        3.047212560704398E-4     -0.0012292709013929607   242.48947084390858       -978.2227017785978
0.05681114988488184       0.18870998526113375      0.0015964166376703805    -8.779097728765081E-4    1270.3879955969217       -698.6183997098971
0.1354550868980066        0.15600079368004338      0.3420487570132304       0.2246035540793372       272193.75228547107       178733.82933867173
0.13732612601002459       0.15887302501868278      0.30567516215321633      0.2120632512260526       243248.5651855051        168754.57340382354
0.13153778274893768       0.1562343668968395       0.3385790836522306       0.2500469800723638       269432.6739538841        198981.06441858676
0.12745330066431865       0.15131806433126577      0.3415264172460913       0.27826935724161955      271778.0875059028        221439.71858004128
0.05673665590583806       0.19475242746631863      9.041131592850588E-4     -0.0016061797767575048   719.470392073236         -1278.157254825969
0.07722760472920893       0.1806961589547209       0.017689091088965627     -0.0015974602894842788   14076.531428058388       -1271.2185073221651
0.08355141234355828       0.1780498458512635       0.0360104538206652       -0.0024253454341963128   28656.20864270648        -1930.0285727885114
0.06278685876641413       0.19087250094920682      0.0024496568812733843    -0.0021653892441998294   1949.3750076686767       -1723.1620096621307
0.06788903777420512       0.18665469553554861      0.005355248752610297     -0.0024053018568253874   4261.571552323176        -1914.0784007093735
0.074460910162164         0.1863207667387029       0.009587830242310054     -0.005935854137202265    7629.75288294805         -4723.60263704109
0.1343149779458487        0.15962246509876912      0.3170187124239703       0.24203037830702764      252275.47567451457       192601.6554298244
0.12727695575229617       0.15787113394654342      0.3310098084529526       0.2580082870746615       263409.23613594426       205316.47123302572
0.13040833285134104       0.16096759856988066      0.3276033053383655       0.2579964579381779       260698.42708922186       205307.05790530634
0.12114761844279545       0.15693063694548415      0.31177861333760554      0.25627181111862         248105.53731508326       203934.6275732046
0.11410797813530155       0.16086714568494492      0.2864298063667355       0.2110249730672965       227933.59766060187       167928.33789747162
0.1066552547248435        0.16552705838559786      0.24592475526680646      0.1274278543612419       195700.70214688437       101403.8645459289
0.09909142257689674       0.1699063435663755       0.1688485908435802       0.042604026547363054     134365.4393342836        33903.20710315582
0.0920154760048498        0.17496408702299637      0.08825563690386902      -0.004546761423661899    70231.60434487124        -3618.1977781766723
0.08158117819703811       0.18499978466757522      0.018230181775022645     -0.014669688320345627    14507.11771479318        -11673.76704900225
0.08903817754981434       0.18259889960913978      0.040863823732324715     -0.03464769240994282     32518.397703176914       -27571.757568849713
0.12525430954222963       0.16262648219029466      0.3361021328905496       0.25187610506618624      267461.5791663003        200436.6358400856
0.11960744640865589       0.16440083760540247      0.3345494445493906       0.22204608084092511      266225.98904341727       176698.65680007916
0.11356237136113154       0.16854767906734525      0.3374047473212061       0.1511141624133152       268498.1667942095        120252.82959635304
0.10676503625135199       0.17262751503298004      0.29667820648859305      0.0336377793812425       236089.01535148802       26768.094315796905
0.10019343048776463       0.17659284633367825      0.17537687531161153      -0.0602972762916017      139560.4830492698        -47983.04788393079
0.09546386468309244       0.1811413694084353       0.08268897784011889      -0.07375064052810744     65801.7978123556         -58688.89498120884
0.18922226826734947       0.004421614120028387     1.2215343685559925       0.028122206894567424     972066.1645616165        22378.941189616926
0.18487810328331084       0.00671467991533874      1.248795028041327        0.04525094803959984      993759.5081067961        36009.56030048413
0.185                     0                        1.2501566216575233       1.832118091082083E-4     994843.0298792962        145.79532526190042
0.19099999999999986       0                        1.2112822815655244       1.179227024725966E-4     963907.8129539109        93.83990500634309
0.19416558531563086       0.005088670361735965     1.1908085630287097       0.029705782625526336     947615.3454108798        23639.110716329287
0.1969999999999999        0                        1.1763850641107638       1.0989907173705396E-4    936137.4896635213        87.45490254081476
0.19028697739059683       0.01075944370368434      1.210474846105678        0.06766772838746518      963265.2762305997        53848.26730332425
0.1844230154509893        0.014599704516330868     1.244929700813619        0.09838198830909321      990683.5784320092        78289.89875300621
0.20299999999999993       0                        1.1473405947697313       2.7065302803879317E-4    913024.6353379897        215.3788363758164
0.1999094185699939        0.0051939425096953215    1.1585774712902397       0.025863980142339708     921966.6575537504        20581.90143841994
0.20592218247043792       0.004686116920620346     1.131552148703473        0.014320886585745774     900460.589162066         11396.19944789928
0.20899999999999996       0                        1.128579358036686        0.003472496547663586     898094.9175150828        2763.3249521510056
0.210959239918657         0.003993596099224925     1.1169235089884932       -0.003898467113286848    888819.4875553183        -3102.301557803969
0.215                     0                        1.1833903182667709       -0.063968981430924       941712.0937962392        -50904.897996426094
0.18989346144563418       0.019340806068879605     1.2037180764998627       0.12328778953779707      957888.4098201068        98109.3056390683
0.18358592808618826       0.022829958579308078     1.2402361322639985       0.15403891674114828      986948.5552549454        122580.2751393733
0.21491495285989048       0.006046737734600284     1.0810718856950015       -0.028263080564932444    860289.6722301795        -22491.04489456738
0.18890072920535417       0.027932158572069005     1.198736116715626        0.17918298322257775      953923.8921903755        142589.287489127
0.18238014228156185       0.03102392143745312      1.2344168432605749       0.20978240305269638      982317.7122040694        166939.53209766472
0.2099590642629567        0.009235125840903994     1.0961362732206563       0.022868712487501216     872277.530926979         18198.34317266586
0.2146079215352673        0.01297844421772086      1.0462073961827192       0.03212926818561959      832545.3930089035        25567.65924833265
0.18744812021749013       0.03632800415242862      1.1927051211493749       0.23139670804406465      949124.5784097044        184139.64950202513
0.18080542668073535       0.03917138857376923      1.2238970659100448       0.26495591219862824      973946.3393762544        210845.21563916947
0.20837262567852066       0.016299495295436887     1.085667769893912        0.07635358166852725      863946.9606708522        60760.24972658418
0.2139941503003111        0.020772665626919984     1.0314573166171281       0.10090518640802537      820807.6526395906        80297.79600223184
0.18550839427076704       0.044550443814721806     1.1810811681822846       0.28037131865560977      939874.530544804         223112.40632616612
0.17886403751459143       0.04725099029627654      1.2062893775467716       0.3184234601170533       959934.5861790715        253393.33837027012
0.20755017571107595       0.024340330449731922     1.0797657255362052       0.1381920460682277       859250.263001469         109969.7361387068
0.21306443157012356       0.028784509717903747     1.0319364812595546       0.17262612430155747      821188.9597465756        137371.50494694416
0.1834217248129379        0.05265587014429503      1.1616042245195295       0.3272887338644419       924375.2712435547        260448.09906406864
0.17656519703148588       0.05522437140640508      1.1822336318183442       0.3694378609712532       940791.6319668666        293989.3086943567
0.20685573028030066       0.03202786863756274      1.0850963428504217       0.19624725247519992      863492.2334779128        156168.6014981563
0.21183409208948564       0.0367602697028094       1.0550532182806875       0.2466196640647741       839584.6745719191        196253.69299785732
0.18100796238733052       0.06077822622827251      1.1370186744165045       0.3720797888182619       904810.7121059052        296091.6880750745
0.17391512541100387       0.06307558286115791      1.150952884163179        0.4169790202208168       915899.2039022177        331821.3611687919
0.20549411248243377       0.038878945891344704     1.1072708449720192       0.23244950503973413      881138.1415941827        184977.4387316906
0.21030173415776823       0.044701013525818255     1.1747047887601576       0.2452266120720612       934800.369024499         195145.13744473597
0.20376561307355237       0.0464216215928456       1.1140351123024248       0.23320983196903308      886520.9745043283        185582.48767750966
0.20861355892316064       0.05201329669818059      1.0622802937227782       0.2003364788272486       845335.7984754533        159422.7044349072
0.14566705445519826       0.14190846479786665      0.5236453672485524       0.27384312969390584      416703.7431238899        217917.43861270044
0.14409440957994266       0.13975687371313214      0.5156790053705883       0.29900554511633876      410364.31376720587       237941.05258576022
0.13657545030621066       0.1303992548661574       0.4825709463151714       0.4099794077700577       384017.75749296584       326251.2465624624
0.13547655458182517       0.1259805665911919       0.4905972594727083       0.4555337957708385       390404.89456209354       362502.2767117144
0.13986626209967926       0.13321754547134085      0.5012591235114178       0.37224345712876694      398889.3363837653        296221.9311782964
0.14198167020449848       0.13642982540352938      0.5081542275461922       0.3361820678074219       404376.2858351013        267525.18935202964
0.1473749112965527        0.1440445136906575       0.5348373333486544       0.24804599775539363      425610.0267626306        197388.73328466038
0.14918812944269613       0.14590952275924016      0.5504811520208087       0.22514533621622057      438058.98211516393       179164.96586449115
0.1749727754204639        0.07692357442119223      1.0623795812954493       0.43385618723800046      845414.8090153444        345251.7839496532
0.16757096895839096       0.07838986134919478      1.0467648713196993       0.4891753808366956       832989.0176274093        389273.3994951025
0.17091559405695922       0.07080155159427452      1.1074036911156506       0.458230617166445        881243.857196331         364648.3389904481
0.17828057251086427       0.06903949044605828      1.1051946837301976       0.40924337050977727      879485.9849727241        325665.52672109514
0.1710428633425921        0.08457889857685222      1.0010370219713969       0.45065544635568305      796599.9513236902        358620.2095939571
0.16388849940609101       0.08582283939849403      0.9719616139402208       0.508417459775477        773462.476770813         404585.75938746025
0.16728272467754102       0.0922892251367381       0.9263990386253762       0.45830128417530497      737204.9313640416        364704.57400931604
0.15987991387950817       0.09307745773215463      0.8913794299667552       0.518297806476196        709337.2122482251        412448.2894718658
0.20205651666473076       0.053940627019660375     1.0778926959324302       0.2560093721957502       857759.7534014778        203725.78531403243
0.20667246806660772       0.05925783444623142      1.0217261396029726       0.25923976306325275      813063.8280200651        206296.4486874421
0.20001656324703065       0.061378488648082305     1.0525772806205518       0.3037233347666955       837614.3859849293        241695.3503023705
0.20448707906258112       0.06640809059484887      1.004980962072198        0.31985863694224714      799738.4391351944        254535.41579997275
0.15065213471762035       0.14809951656351564      0.5654899895506227       0.2000861823028135       450002.6355298292        159223.52478939437
0.15203980238637513       0.1497046643252386       0.5830147081604004       0.18311283643386791      463948.3634950325        145716.56531013892
0.14203839275708693       0.12730211700470948      0.5438887479793876       0.415274097241617        432812.9136649082        330464.6265701388
0.14073125709925025       0.12008211055467304      0.567980845410837        0.4839148964934004       451984.79564324184       385087.23906363785
0.16292401471568713       0.09971721669032134      0.8490108371514385       0.4647719729593271       675621.357356198         369853.78453524807
0.15555401094549998       0.10013965088199216      0.8105293667990651       0.5211069004101816       644998.7762360758        414683.6953978821
0.14791559099352167       0.12093638332040722      0.6216403291599134       0.4391196001008744       494685.65605536563       349440.2748229525
0.14596353845057475       0.11366461825470398      0.6494705999627142       0.5050041579555061       516832.28188462445       401869.5401028955
0.15814100309585302       0.10689876883830707      0.7726634007077492       0.4663161173762998       614865.9978441608        371082.5756192929
0.15091259157949327       0.1070064937410859       0.7302044170299555       0.5170377432083846       581078.212189266         411445.5629834622
0.1532933030234679        0.11407699579730575      0.6974866354355987       0.45650846436596115      555042.2288505513        363277.8933356654
0.1976434650662064        0.06853989533179597      1.0451998643667582       0.35183061934915333      831743.6246647406        279977.9110025039
0.20205204686402012       0.07348449059536168      1.0082406139029523       0.3809835474858865       802332.3876433099        303177.0740953234
0.15376965435742518       0.1502660753423672       0.6032773065671037       0.18123681976269693      480072.82697659644       144223.67867744062
0.19624304682913374       0.07491544830331257      1.0498805795522013       0.3878013295094701       835468.4194595834        308602.49264520535
0.1993576257321954        0.08050799377963583      1.0540290792419074       0.446395920901977        838769.690619743         355230.5869380418
0.15331536059161344       0.14778799042389407      0.5936526823921439       0.20549428547332646      472413.7944123633        163527.1565510848
0.15591520852040652       0.14803866978610053      0.6180581747785382       0.20727856712172607      491835.0681717947        164947.04277213957
0.15495866599998828       0.1446862349943553       0.6063576914320619       0.23485339285018614      482524.1193660143        186890.39187004956
0.15859210710086358       0.14516729509537674      0.6346965804754392       0.23310773950171146      505075.4907309455        185501.24507337622
0.1964122733931592        0.08744837826129705      1.253106474275172        0.3378018024130253       997190.4480067532        268814.1331969236
0.19145355063196973       0.08019274817159508      1.0773829578353398       0.38201490979232966      857354.1167123069        303997.8061412688
0.18956752092114537       0.08807534644483668      1.0673069286505437       0.3128644452564854       849335.8674548146        248969.61490136667
0.19316201607078487       0.09441099272579331      1.0103406747581065       0.19512084802154536      804003.5629727679        155272.23731455705
0.18629291576067372       0.09515692327488993      0.9742598715134682       0.28490733665838447      775291.3720372164        226722.0547616432
0.18967932321939265       0.10122625323024223      0.9135281395972464       0.23214387288444302      726962.595352224         184734.22439027857
0.15720246289560724       0.1408882961883364       0.6248004663954173       0.2634715209187462       497200.4133647615        209663.97459079084
0.16185104605357029       0.14152469357453143      0.6541614908107486       0.2567682914869887       520565.1742144705        204329.71409707438
0.1828916216413694        0.10210162483753771      0.8951847233809666       0.29841993745634465      712365.3685321589        237475.0408167575
0.18595764013263855       0.10791087098295528      0.8484502310791561       0.2649999217530673       675175.2412185427        210880.23732983074
0.17941933278321748       0.10794730813861997      0.8413407252501485       0.3158551013687887       669517.6762404066        251349.50341817192
0.18200642033529638       0.11444939037291267      0.8000029899724348       0.29090373414369386      636622.151712045         231493.83626429722
0.17529401019181134       0.11415962915289034      0.7932203794155529       0.33104988785779504      631224.7217260697        263441.13031292846
0.17783597868926          0.1208278307495133       0.7644999031110603       0.30939241018113334      608369.6928670015        246206.6571772131
0.16011523314998033       0.13603779923268697      0.6503505208685744       0.2910463258483416       517532.5006931122        231607.30713749016
0.1657277881137935        0.13696459486637244      0.6785872842662474       0.27595951768186794      540002.603051392         219601.60666162288
0.16364008694207688       0.1311851515376521       0.682207194611333        0.30962143388163255      542883.2361762413        246388.90844731135
0.1699148403062013        0.13173438064422704      0.7093459131852663       0.2874504459207779       564479.542227348         228745.7968113067
0.17119801763636167       0.12019998335859046      0.754621557375181        0.33493337813068985      600508.755099822         266531.51367983106
0.1739386537906137        0.1263738292428817       0.7529502092573949       0.30544323196075857      599178.7385269569        243064.0010025956
0.16746647062274808       0.12587905237758618      0.7188068924006971       0.32382801964823943      572008.3502704754        257694.15019338357
0.19666734867956875       0.00975121917011456      1.1720146573634547       0.05515832125928392      932659.6304777391        43893.597405329056
0.1962008309586647        0.016123903291724223     1.1670733049630029       0.09523559107876006      928727.4271772847        75786.07539231537
0.2027013936009425        0.01163764887544826      1.133133558400506        0.057464683616622735     901719.035013747         45728.9422539868
0.19512922605709687       0.024591827866823193     1.16408942889579         0.15071879129243626      926352.934048932         119938.20325513471
0.20187828458645454       0.020173739099642488     1.124803643701103        0.11432780650120544      895090.2995140278        90979.17768760286
0.20113583185074532       0.027983704320925673     1.123139217181378        0.16729727134339215      893765.7909738906        133130.93850043474
0.1949674971441537        0.033478433327521435     1.156124224511434        0.20379472981224095      920014.4257963946        162174.693128477
0.20168031727125071       0.03459541422233136      1.119825775479836        0.206871491250855        891129.0378466543        164623.10208682675
0.1921404028398795        0.041856570117420895     1.1567576844389158       0.24917108560938697      920518.5171899413        198284.0497515388
0.1990050203718165        0.040751763407013857     1.1321497291299154       0.2334428845823799       900936.1285558821        185767.94505458281
0.19034450507112527       0.05023528508544382      1.1395539897990687       0.29062221386459935      906828.2519830652        231269.80954430474
0.19712273584140425       0.048244083015055846     1.1202389357571223       0.25972997445988216      891457.8203487511        206686.5465221099
0.19526267209756737       0.056116638582544405     1.0967538387522604       0.29691682631042043      872768.9739621688        236278.9029723057
0.18814388867454904       0.05848501200278623      1.118253303982334        0.3339486411694235       889877.7047881614        265747.8849046769
0.1455703065554264        0.13635351261982592      0.5398679354191803       0.32454473211641743      429613.25269389333       258264.49185381414
0.1480451697730674        0.14181520462035885      0.5465744360144602       0.26841234099739353      434950.11629683094       213595.75428301288
0.19281688684574091       0.06392776243422639      1.080141118881942        0.3407458502830257       859548.9915343584        271156.9320529722
0.18535690792087223       0.06672671222672737      1.0983734996691146       0.374149407868652        874057.8591674193        297738.63858600816
0.17861496561427273       0.08305434064914796      1.0308669088035607       0.4013073891532195       820337.8210297438        319350.27341518877
0.1474753498404963        0.13926005715759046      0.5479031943967204       0.2932786900968112       436007.5086203885        233383.76616211794
0.14446047657443156       0.13192603728507077      0.5458205213213657       0.36609016502576225      434350.1700464531        291325.2969058888
0.1486046653458951        0.13626426006060305      0.5659930759800442       0.3159664701662769       450402.9789900536        251438.12789130415
0.14769796733557966       0.1339057730403863       0.5657779167980702       0.3383849252920147       450231.7607532398        269278.1676400293
0.1499127529096793        0.14316696649916458      0.5617107854637221       0.2518551970700272       446995.24047291256       200419.9977853913
0.14979578036341026       0.14069602095651504      0.5651101062636656       0.2748946938528947       449700.3340152431        218754.24678210722
0.15198744922191967       0.14494461129169828      0.5797214490110948       0.23281014190410101      461327.6711325594        185264.42442981634
0.18351506986855587       0.0759312953447252       1.0711012784353897       0.3926403593943978       852355.3150752039        312453.2702749836
0.19070854585127708       0.07185211363817438      1.0716277008321577       0.37529339007619794      852774.2287082035        298648.9907017089
0.1852005335415517        0.08361294387259419      1.0548910979267816       0.3669868002501758       839455.6632934194        292038.8165464675
0.17459722479579307       0.09103004040073304      0.9613385771070432       0.4035621631337847       765008.9326575754        321144.5655379984
0.17136454285927177       0.09950907391735955      0.8830224115904464       0.39994832204222464      702686.9083277283        318268.76217164646
0.18235046873115496       0.08969803158537015      1.0024104627597834       0.3502459502070406       797692.9007762689        278716.8713668418
0.15085342854034878       0.137969251320618        0.5802271761716216       0.29587997413794287      461730.1160198278        235453.8022297788
0.1492431576446901        0.12857292094412504      0.5972080343073075       0.37504945346779         475243.05357101094       298454.87211656285
0.15142627445762444       0.13383270616459453      0.5956740578738453       0.3271314020424314       474022.353911151         260322.89837817554
0.1527810376668373        0.14128969080256928      0.5900585187810002       0.2647440149673735       469553.6498873908        210676.59318026106
0.16564344611187157       0.10660020993027923      0.8096815846501819       0.41568953267409076      644324.1326377767        330795.2195832074
0.15625967013174608       0.12200119437775857      0.6737728848247659       0.3908488361944388       536171.4257057388        311027.6214102971
0.16059160853720783       0.11398766175331658      0.7399434612559662       0.41387211369328675      588828.297337067         329348.96351088746
0.17894939391214018       0.09657257455870552      0.9320440657795728       0.34870900055505677      741697.1012414334        277493.8056948587
0.1728052709127741        0.10751634807668009      0.8287497820253341       0.3634501968980035       659498.1219783135        289224.47702019947
0.17734972488909526       0.10283790262805974      0.8757912862791549       0.3428907397301115       696932.5616406837        272863.78084241896
0.15492932333722975       0.1366654924245438       0.6146429753835084       0.2972543713502311       489117.33884497755       236547.5127803158
0.15677871540268226       0.13059883693313848      0.6434876266573314       0.33393251051210804      512071.18300493184       265735.0485354415
0.1618372268384904        0.12589665196372624      0.6899594122361039       0.34448307534356937      549052.2549507733        274130.9212621344
0.16848877765225612       0.11402354745727697      0.7746112314222952       0.3690304391735408       616416.0322767916        293665.0927292101
0.16415808848216246       0.11993890993229048      0.7270366024394036       0.36568154043616113      578557.345434841         291000.12378936925
