% Model:              
% Version:            COMSOL 5.4.0.295
% Date:               Apr 3 2019, 13:47
% Dimension:          2
% Nodes:              157
% Expressions:        1
% Description:        Magnetic flux density norm
% Length unit:        m
% x                       y                        mfnc.normB (T)
0.18922226826734947       0.004421614120028387     1.2216952979616522
0.18487810328331084       0.00671467991533874      1.249422573548997
0.185                     0                        1.2499912127113453
0.19099999999999986       0                        1.211142876565421
0.19416558531563086       0.005088670361735965     1.1910533220283088
0.1969999999999999        0                        1.1763171135832098
0.19028697739059683       0.01075944370368434      1.2121545122491828
0.1844230154509893        0.014599704516330868     1.248532731080622
0.20299999999999993       0                        1.1474032027987278
0.1999094185699939        0.0051939425096953215    1.1588236422430358
0.20592218247043792       0.004686116920620346     1.1317568693774456
0.20899999999999996       0                        1.1288857319455072
0.210959239918657         0.003993596099224925     1.1172593538491107
0.215                     0                        1.1863702354800136
0.18989346144563418       0.019340806068879605     1.209688173510749
0.18358592808618826       0.022829958579308078     1.249379053020722
0.21491495285989048       0.006046737734600284     1.081774645349469
0.18890072920535417       0.027932158572069005     1.2116197094864904
0.18238014228156185       0.03102392143745312      1.2516670935047316
0.2099590642629567        0.009235125840903994     1.0964627875553663
0.2146079215352673        0.01297844421772086      1.0467099380697145
0.18744812021749013       0.03632800415242862      1.2144858628642725
0.18080542668073535       0.03917138857376923      1.2518391224891656
0.20837262567852066       0.016299495295436887     1.0881859969455603
0.2139941503003111        0.020772665626919984     1.0361159226429553
0.18550839427076704       0.044550443814721806     1.2135477759064395
0.17886403751459143       0.04725099029627654      1.2473362343984957
0.20755017571107595       0.024340330449731922     1.0881497066471868
0.21306443157012356       0.028784509717903747     1.045702657159059
0.1834217248129379        0.05265587014429503      1.2066530111217981
0.17656519703148588       0.05522437140640508      1.2384794902929912
0.20685573028030066       0.03202786863756274      1.1019872841998202
0.21183409208948564       0.0367602697028094       1.0824452626974645
0.18100796238733052       0.06077822622827251      1.1963004452163235
0.17391512541100387       0.06307558286115791      1.224019089166661
0.20549411248243377       0.038878945891344704     1.1304318954008803
0.21030173415776823       0.044701013525818255     1.2003563961731525
0.20376561307355237       0.0464216215928456       1.1373152450516797
0.20861355892316064       0.05201329669818059      1.080406622432232
0.14300006035581067       0.14300006035581067      0.5637288603083189
0.14566705445519826       0.14190846479786665      0.5903559737338736
0.14487099699787942       0.14487099699787942      0.5629822639629416
0.14081813047934208       0.14081813047934208      0.5675588391763602
0.14409440957994266       0.13975687371313214      0.59538649827353
0.13468130607437662       0.13468130607437662      0.5868454450477948
0.1308147545195113        0.1308147545195113       0.6032248856075928
0.13657545030621066       0.1303992548661574       0.6320942065336768
0.13547655458182517       0.1259805665911919       0.6680934093823153
0.13810379772378878       0.13810379772378878      0.5749262285526019
0.13986626209967926       0.13321754547134085      0.6232895826455862
0.14198167020449848       0.13642982540352938      0.6083830042076919
0.1473749112965527        0.1440445136906575       0.589122615585986
0.14661108138380127       0.14661108138380127      0.5656301690176228
0.14918812944269613       0.14590952275924016      0.5944047215683727
0.1485904471266036        0.1485904471266036       0.574465569183212
0.1749727754204639        0.07692357442119223      1.1469566710907269
0.16757096895839096       0.07838986134919478      1.1542984430461167
0.17091559405695922       0.07080155159427452      1.1980190761737715
0.17828057251086427       0.06903949044605828      1.178396704004437
0.1710428633425921        0.08457889857685222      1.0963415916340926
0.16388849940609101       0.08582283939849403      1.0948389123855675
0.16728272467754102       0.0922892251367381       1.031104840421736
0.15987991387950817       0.09307745773215463      1.028124549432847
0.20205651666473076       0.053940627019660375     1.107582742357487
0.20667246806660772       0.05925783444623142      1.0541761038260702
0.20001656324703065       0.061378488648082305     1.0957578295943937
0.20448707906258112       0.06640809059484887      1.055290376390717
0.15065213471762035       0.14809951656351564      0.5996399641415145
0.15045747836038695       0.15045747836038695      0.5902976377862036
0.15203980238637513       0.1497046643252386       0.6109457999912359
0.15202795795510773       0.15202795795510773      0.6093660697535995
0.14203839275708693       0.12730211700470948      0.682618828814841
0.14073125709925025       0.12008211055467304      0.7439438482716477
0.16292401471568713       0.09971721669032134      0.9645759899588416
0.15555401094549998       0.10013965088199216      0.9599943630700117
0.14791559099352167       0.12093638332040722      0.7584354580260516
0.14596353845057475       0.11366461825470398      0.8195849693623117
0.15814100309585302       0.10689876883830707      0.8987324748563843
0.15091259157949327       0.1070064937410859       0.8910637124372222
0.1532933030234679        0.11407699579730575      0.8301072733911287
0.1976434650662064        0.06853989533179597      1.1035487750139585
0.20205204686402012       0.07348449059536168      1.0790916617806383
0.15376965435742518       0.1502660753423672       0.6296859015630699
0.19624304682913374       0.07491544830331257      1.120446475221342
0.1993576257321954        0.08050799377963583      1.1471051133622439
0.15331536059161344       0.14778799042389407      0.6277886424389694
0.15591520852040652       0.14803866978610053      0.6513129191838257
0.15495866599998828       0.1446862349943553       0.6493917112608232
0.15859210710086358       0.14516729509537674      0.6751034596155047
0.1964122733931592        0.08744837826129705      1.3107277629959848
0.19145355063196973       0.08019274817159508      1.1444701255912169
0.18956752092114537       0.08807534644483668      1.1130525374350733
0.19316201607078487       0.09441099272579331      1.0292480075454389
0.18629291576067372       0.09515692327488993      1.0141577397786647
0.18967932321939265       0.10122625323024223      0.9410785715960337
0.15720246289560724       0.1408882961883364       0.6766139591653918
0.16185104605357029       0.14152469357453143      0.7010279938594283
0.1828916216413694        0.10210162483753771      0.9412294818926593
0.18595764013263855       0.10791087098295528      0.8859407822996972
0.17941933278321748       0.10794730813861997      0.8950581693797884
0.18200642033529638       0.11444939037291267      0.8467420307105495
0.17529401019181134       0.11415962915289034      0.8544636064779368
0.17783597868926          0.1208278307495133       0.8176984155410384
0.16011523314998033       0.13603779923268697      0.7100899489940532
0.1657277881137935        0.13696459486637244      0.7297358782186883
0.16364008694207688       0.1311851515376521       0.7454136392963483
0.1699148403062013        0.13173438064422704      0.7605900091966914
0.17119801763636167       0.12019998335859046      0.8190732054966935
0.1739386537906137        0.1263738292428817       0.8006675551013701
0.16746647062274808       0.12587905237758618      0.7826470187149783
0.19666734867956875       0.00975121917011456      1.1731652173171008
0.1962008309586647        0.016123903291724223     1.170699038665848
0.2027013936009425        0.01163764887544826      1.1344852445558822
0.19512922605709687       0.024591827866823193     1.1733955241328728
0.20187828458645454       0.020173739099642488     1.1302839260306647
0.20113583185074532       0.027983704320925673     1.135013530229788
0.1949674971441537        0.033478433327521435     1.1734041593651086
0.20168031727125071       0.03459541422233136      1.1380670207465784
0.1921404028398795        0.041856570117420895     1.1828008059269897
0.1990050203718165        0.040751763407013857     1.1552494021232727
0.19034450507112527       0.05023528508544382      1.175755522227199
0.19712273584140425       0.048244083015055846     1.1494805619968018
0.19526267209756737       0.056116638582544405     1.1361555422404361
0.18814388867454904       0.05848501200278623      1.1670483060770216
0.1455703065554264        0.13635351261982592      0.6288018960553834
0.1480451697730674        0.14181520462035885      0.6082180496375678
0.19281688684574091       0.06392776243422639      1.1329144176589552
0.18535690792087223       0.06672671222672737      1.1605118440352162
0.17861496561427273       0.08305434064914796      1.105569393337418
0.1474753498404963        0.13926005715759046      0.6205224044645755
0.14446047657443156       0.13192603728507077      0.6557777148807816
0.1486046653458951        0.13626426006060305      0.6468996664611311
0.14769796733557966       0.1339057730403863       0.657764464528433
0.1499127529096793        0.14316696649916458      0.6149121879077261
0.14979578036341026       0.14069602095651504      0.627489851213516
0.15198744922191967       0.14494461129169828      0.6240977412201928
0.18351506986855587       0.0759312953447252       1.1409289345950089
0.19070854585127708       0.07185211363817438      1.1360834738813275
0.1852005335415517        0.08361294387259419      1.1171292217922724
0.17459722479579307       0.09103004040073304      1.0408262716745744
0.17136454285927177       0.09950907391735955      0.9664178993907837
0.18235046873115496       0.08969803158537015      1.0610681388263592
0.15085342854034878       0.137969251320618        0.6500114790232591
0.1492431576446901        0.12857292094412504      0.7030872627586697
0.15142627445762444       0.13383270616459453      0.677791716790931
0.1527810376668373        0.14128969080256928      0.6456502121104852
0.16564344611187157       0.10660020993027923      0.9063053691447713
0.15625967013174608       0.12200119437775857      0.7754853797232659
0.16059160853720783       0.11398766175331658      0.8437412779860224
0.17894939391214018       0.09657257455870552      0.993124114347705
0.1728052709127741        0.10751634807668009      0.9010225080381842
0.17734972488909526       0.10283790262805974      0.9375266606660959
0.15492932333722975       0.1366654924245438       0.6809563131797344
0.15677871540268226       0.13059883693313848      0.7222341758521187
0.1618372268384904        0.12589665196372624      0.7670566731060393
0.16848877765225612       0.11402354745727697      0.8531846591807168
0.16415808848216246       0.11993890993229048      0.8089727844161051
