% Model:              
% Version:            COMSOL 5.3.1.275
% Date:               Feb 11 2019, 18:06
% Dimension:          2
% Nodes:              485
% Expressions:        6
% Description:        Magnetic flux density, x component, Magnetic flux density, y component, Magnetic field, x component, Magnetic field, y component, Remanent flux density, x component, Remanent flux density, y component
% Length unit:        m
% x                       y                        mfnc.Bx (T)              mfnc.By (T)              mfnc.Hx (A/m)            mfnc.Hy (A/m)            mfnc.Brx (T)             mfnc.Bry (T)
0.0966492247824735        0.10733983859195483      0.17580698008720025      -0.12111173383909973     -666848.3971095094       -613082.8503655433       1.0556927107624932       0.6878320292360184
0.09774899352211364       0.1085612555176171       0.30080814909488546      0.2179142706259687       -572112.4259674213       -356141.5910926356       1.0556927107624932       0.6878320292360184
0.09656897939995279       0.10901014569360637      0.37565823518847863      0.10393854541076211      -515384.99171671027      -442521.59138065315      1.0556927107624932       0.6878320292360184
0.09538961974012712       0.10846074887181047      0.4410816610244888       -0.012568486107306024    -465801.8411652483       -530820.0198142902       1.0556927107624932       0.6878320292360184
0.09912310631922802       0.11008736238687929      0.4162224220642279       0.29320213600340833      -484642.178127287        -299082.3723799847       1.0556927107624932       0.6878320292360184
0.09742263405855854       0.11021018392858889      0.4328855731065551       0.1939471125738799       -472013.49786122405      -374305.8371681339       1.0556927107624932       0.6878320292360184
0.09380902579942607       0.10983068914726252      0.5556094964206846       0.038893738602515625     -379003.4072370602       -491817.7938853665       1.0556927107624932       0.6878320292360184
0.09554193092933413       0.11026759676650351      0.4962035441182641       0.10196288794923303      -424026.0308466391       -444018.90400378994      1.0556927107624932       0.6878320292360184
0.1005263050272163        0.1116457724327632       0.4884612851492804       0.3455884686981537       -429893.7393495501       -259379.78286176897      1.0556927107624932       0.6878320292360184
0.09854508514123708       0.11195174928983656      0.5040379733000169       0.269353955010176        -418088.46832007077      -317156.44804104714      1.0556927107624932       0.6878320292360184
0.09177334415179318       0.11153728929464134      0.6423796707577082       0.0556989559685808       -313241.96838618955      -479081.44429706625      1.0556927107624932       0.6878320292360184
0.09412130280912397       0.11220390856686693      0.5983960290180353       0.11991373672979977      -346576.3207578655       -430414.3024984457       1.0556927107624932       0.6878320292360184
0.10172322971857961       0.11297509197429938      0.5343894471302146       0.37951793655724514      -395085.67265245045      -233665.29464152144      1.0556927107624932       0.6878320292360184
0.09989157971602125       0.11339444226181165      0.5482015397521025       0.3245012496816339       -384617.75448475266      -275361.3787786287       1.0556927107624932       0.6878320292360184
0.08932879199693322       0.11350453964652081      0.7229751870878568       0.05120485828586707      -252160.1835529195       -482487.43411107454      1.0556927107624932       0.6878320292360184
0.09221312293372194       0.1145083234031065       0.6911228632816911       0.12562239597003502      -276300.44442299055      -426087.81994363293      1.0556927107624932       0.6878320292360184
0.10301504026124249       0.11440979292976906      0.5736041473725021       0.4104400234667094       -365365.608912322        -210230.04234457653      1.0556927107624932       0.6878320292360184
0.1011229733711019        0.11482279227247302      0.5852326762424327       0.3639533301417532       -356552.5715288159       -245461.40915726134      1.0556927107624932       0.6878320292360184
0.08631830218626114       0.11581046717668171      0.8135174208381191       0.025670374027165765     -183539.97374370016      -501839.5264400008       1.0556927107624932       0.6878320292360184
0.08979360136768083       0.11718912011514077      0.7890477121224557       0.12177729953748818      -202085.0932585413       -429001.9442479418       1.0556927107624932       0.6878320292360184
0.10452024899131149       0.11608149658281383      0.6099349948545837       0.44146635556490693      -337831.16146712657      -186715.78463296287      1.0556927107624932       0.6878320292360184
0.10218513324077969       0.11656171795201464      0.6232718211332783       0.3942401717689956       -327723.43847944966      -222507.59698765643      1.0556927107624932       0.6878320292360184
0.08235119933602977       0.11866420508273534      0.9409521252934431       -0.03743983221169522     -86959.67309836863       -549669.5325469706       1.0556927107624932       0.6878320292360184
0.08656126973110448       0.12030507862436324      0.9139746465699526       0.10587490034983355      -107405.38305551132      -441054.0653800168       1.0556927107624932       0.6878320292360184
0.07746886915923952       0.12190770242765062      1.1177908934057807       -0.20123148836180552     47063.012974774196       -673804.0645160093       1.0556927107624932       0.6878320292360184
0.08284553097457119       0.12389630920527872      1.0945009854154206       0.09960348810107261      29412.04163752998        -445807.04756838526      1.0556927107624932       0.6878320292360184
0.07222                   0.1250887093226243       2.238272421517248        -0.24355357346900408     896254.3169847764        -705879.1552148976       1.0556927107624932       0.6878320292360184
0.07808800534710068       0.1261877821987421       1.343210959163489        0.051309004765029684     217904.52601019977       -482408.5035064824       1.0556927107624932       0.6878320292360184
0.07559621564955174       0.13093648636495708      1.5248435090990133       0.4043414861927377       355560.3267179339        -214852.0059292564       1.0556927107624932       0.6878320292360184
0.10643164323759624       0.11820431495351019      0.6457757063197126       0.4757085252755782       -310668.17864043306      -160764.30572036802      1.0556927107624932       0.6878320292360184
0.10348937060630344       0.11884224698443208      0.6635333418832464       0.42799292442433606      -297210.0096996672       -196927.03780643968      1.0556927107624932       0.6878320292360184
0.07976297188961477       0.13815351987550092      1.2426570147526106       0.5759030948081446       141696.6341036331        -84828.7770914511        1.0556927107624932       0.6878320292360184
0.08332089797523046       0.13127278274617615      1.1825724724791542       0.3599971245100257       96159.720264421          -248459.74097715382      1.0556927107624932       0.6878320292360184
0.10887704332048409       0.12092020688932978      0.6794813568260958       0.5139211857680449       -285123.31726796296      -131803.6685486135       1.0556927107624932       0.6878320292360184
0.105155935443822         0.12184570473226403      0.7042304799124769       0.4675358187080934       -266366.43499945203      -166958.24214253377      1.0556927107624932       0.6878320292360184
0.08448630721519956       0.14633457664059862      1.0911896385487867       0.665330726656768        26902.43581792704        -17053.302530924364      1.0556927107624932       0.6878320292360184
0.0888415836431354        0.13851449222731663      1.0588875409426912       0.5337595241002594       2421.3000738938995       -116768.57517574985      1.0556927107624932       0.6878320292360184
0.11199801899115912       0.12438640152765892      0.7088017260179008       0.5562956398574938       -262901.9758862721       -99688.88840977369       1.0556927107624932       0.6878320292360184
0.10725393856777139       0.12558462760813263      0.7405582674778565       0.5129874357108737       -238834.30660601167      -132511.33967819042      1.0556927107624932       0.6878320292360184
0.0894905179183682        0.1550021238302667       1.0030762993494875       0.7168461179165817       -39876.96173398412       21989.217299134518       1.0556927107624932       0.6878320292360184
0.09385908585158437       0.14665486045113726      0.9879718186173087       0.6375563244660865       -51324.35588332971       -38102.98538839739       1.0556927107624932       0.6878320292360184
0.11598024762637234       0.12880911448683788      0.7311604359138714       0.6038319765336807       -245956.74159531307      -63662.01717884174       1.0556927107624932       0.6878320292360184
0.11061448510082364       0.13100908204183467      0.7723282434673489       0.5738610183699148       -214756.45555535206      -86376.42737390728       1.0556927107624932       0.6878320292360184
0.09479063735065954       0.16418219997317843      0.952106122598829        0.7465330699689409       -78506.2740203408        44488.38474896818        1.0556927107624932       0.6878320292360184
0.09899948951056432       0.15558938667931582      0.9435014558559639       0.7026867980722935       -85027.58471455706       11258.142327526837       1.0556927107624932       0.6878320292360184
0.1004044257607545        0.1739055667224042       0.92881126533211         0.7602156045696953       -96160.99631852406       54858.11339532974        1.0556927107624932       0.6878320292360184
0.10419535588298005       0.16478184675819782      0.9222694074101861       0.7420218450669748       -101118.94405794809      41069.41454636263        1.0556927107624932       0.6878320292360184
0.12106239763245309       0.13445341388583043      0.7453756299835191       0.6574388482098953       -235183.32062771765      -23034.4047456871        1.0556927107624932       0.6878320292360184
0.11411185700062808       0.1361141067697391       0.7872901993132003       0.6256178003604788       -203417.0782639714       -47150.96217234608       1.0556927107624932       0.6878320292360184
0.10635144943151718       0.18420611387397995      0.9301951356094244       0.7594631194497009       -95112.18776979776       54287.819459852624       1.0556927107624932       0.6878320292360184
0.10971555700988847       0.17377093872215238      0.920316414838326        0.7642242076414291       -102599.07939905906      57896.15622275736        1.0556927107624932       0.6878320292360184
0.1274506838812183        0.14154832454202032      0.7523322953001257       0.7192650736582226       -229910.99837736576      23822.497124861537       1.0556927107624932       0.6878320292360184
0.11987295781001692       0.14317324635696901      0.7945957700428017       0.6911769816370237       -197880.32734147835      2535.0748048909395       1.0556927107624932       0.6878320292360184
0.11264558545917187       0.1951078772636276       0.9561061304179111       0.7439576411275169       -75474.74536884959       42536.5169837584         1.0556927107624932       0.6878320292360184
0.11628079494987542       0.1837124341553946       0.9411058003134579       0.7756299395571027       -86843.20576948725       66540.34009875958        1.0556927107624932       0.6878320292360184
0.13490078287836849       0.14982249772497175      0.7573204369911962       0.792210739842003        -226130.58215366755      79106.60831667088        1.0556927107624932       0.6878320292360184
0.1260523518663251        0.15093630245562065      0.8019702978471018       0.7538330626221396       -192291.31518422606      50020.90815511617        1.0556927107624932       0.6878320292360184
0.11915637226145805       0.20638489080243616      1.0019671841924416       0.7165562769321578       -40717.53868494593       21769.552416364673       1.0556927107624932       0.6878320292360184
0.12342854896885608       0.19529624404288176      0.9904096640534064       0.7685701918415712       -49476.75992309643       61189.89368967109        1.0556927107624932       0.6878320292360184
0.14280219145767714       0.15859790097793067      0.7705620124147398       0.8812189675219622       -216095.04794899558      146564.22456007265       1.0556927107624932       0.6878320292360184
0.13214404146585965       0.16000582688555384      0.8239338221442464       0.8189995212601043       -175645.58442418082      99409.30823142869        1.0556927107624932       0.6878320292360184
0.12500000000000003       0.21650635094610965      1.0468479666372492       0.6856545783200967       -6703.26070435994        -1650.2479838519903      1.0556927107624932       0.6878320292360184
0.1274515606336424        0.20594512801779702      1.0356531938859166       0.7372149575440085       -15187.562705145954      37426.36735509192        1.0556927107624932       0.6878320292360184
0.13395669874470728       0.21108198137553022      1.0773321667494273       0.7269103305539656       16400.125648286103       29616.689630408644       1.0556927107624932       0.6878320292360184
0.15117616110661194       0.1678981364688375       0.8083864273773357       1.0054369302623039       -187428.65456396612      240706.61880259766       1.0556927107624932       0.6878320292360184
0.14005979155333445       0.16914160762844266      0.863117173962196        0.8985187791628558       -145949.27904925004      159675.41759439145       1.0556927107624932       0.6878320292360184
0.14267839192108756       0.20528730228343997      1.1145346312371631       0.7761102222170316       44595.15478363781        66904.33704832628        1.0556927107624932       0.6878320292360184
0.1339357251929841        0.20044530871413888      1.0503994059064785       0.7807067150594468       -4011.6934910813675      70387.93017574001        1.0556927107624932       0.6878320292360184
0.1596695797598934        0.17733103351885554      0.8897465195590043       1.2016675073589516       -125767.4124633717       389425.9822821536        1.0556927107624932       0.6878320292360184
0.14845987970951832       0.17856143582686798      0.9579246919681739       0.9944847112422616       -74096.49270198685       232406.14358895572       1.0556927107624932       0.6878320292360184
0.15114977871561336       0.19913247950603405      1.172001205615496        0.8450204776503182       88147.96133063658        119130.08839086286       1.0556927107624932       0.6878320292360184
0.14200142884762884       0.19541557222279898      1.0775954019702694       0.8415348427179404       16599.6265368238         116488.39301323572       1.0556927107624932       0.6878320292360184
0.15935599743721052       0.19262831069391564      1.2836496274173284       0.9758743280533074       172764.1433219248        218301.6936967826        1.0556927107624932       0.6878320292360184
0.14981348193409819       0.18965773018022675      1.1035606090741272       0.9437654655031519       36278.155389127416       193967.00706861352       1.0556927107624932       0.6878320292360184
0.16728265158971456       0.1857862063693486       1.5627410929370127       1.4365479451132266       384282.1733801107        567437.3284925398        1.0556927107624932       0.6878320292360184
0.1566634015586909        0.18505209794395644      1.0970888530943654       1.1028106312225248       31373.336557395978       314504.26563579385       1.0556927107624932       0.6878320292360184
0.09653043367726183       0.11227524750783037      0.5445007896612939       0.19523420668435376      -387422.4814852287       -373330.37340667495      1.0556927107624932       0.6878320292360184
0.09799844914005185       0.11397404894581376      0.580215213115231        0.2688100128102792       -360355.20990250865      -317568.69132614165      1.0556927107624932       0.6878320292360184
0.09944334030387476       0.11498552901319888      0.5974501356735911       0.3196533381621216       -347293.19505027524      -279035.51726435503      1.0556927107624932       0.6878320292360184
0.09809504532172379       0.11610785073568002      0.6385587396427215       0.2936057883149206       -316137.77826315997      -298776.4520910911       1.0556927107624932       0.6878320292360184
0.09555325177985843       0.11504393183283924      0.6442623204826834       0.21399764615826214      -311815.14452980674      -359109.92511296965      1.0556927107624932       0.6878320292360184
0.10010230525113455       0.11652406693837108      0.6322871329723274       0.3466368085488481       -320890.90779992804      -258585.2663413964       1.0556927107624932       0.6878320292360184
0.09891262466459722       0.11792794254398471      0.673722175711005        0.3304774144469872       -289488.0893757163       -270832.158954164        1.0556927107624932       0.6878320292360184
0.09656030079082584       0.11819158513987225      0.705339844694116        0.2816204815979752       -265525.66886283323      -307859.8845123976       1.0556927107624932       0.6878320292360184
0.093354116418732         0.11804654757794925      0.7482842676396135       0.21047414484633845      -232978.9203390003       -361780.3186881288       1.0556927107624932       0.6878320292360184
0.10088452818115343       0.11867965545861896      0.6740870293872775       0.3779269060327784       -289211.57382293517      -234871.10593951654      1.0556927107624932       0.6878320292360184
0.09863269204521372       0.12011069973004561      0.7213538663883791       0.3459215534228454       -253388.95118939134      -259127.34438365907      1.0556927107624932       0.6878320292360184
0.09523153037020869       0.12128682012850434      0.7848921536883129       0.2961857221721223       -205234.51071616533      -296821.170061454        1.0556927107624932       0.6878320292360184
0.09100748948319512       0.12113958142633013      0.8492280892092777       0.21394795741496475      -156475.5480656748       -359147.5832515973       1.0556927107624932       0.6878320292360184
0.10175873454315776       0.12168059222737085      0.7222707354983934       0.41476435255539856      -252694.07380354815      -206952.71686828628      1.0556927107624932       0.6878320292360184
0.09885284863667775       0.1248128589712644       0.7971726175182113       0.3996639311098683       -195927.38442097697      -218397.03456270057      1.0556927107624932       0.6878320292360184
0.09330153367582183       0.12480513704910565      0.8726811152412934       0.317486534646644        -138700.9527158738       -280677.6957891034       1.0556927107624932       0.6878320292360184
0.08799338299282593       0.12558069408977837      0.9913268993061563       0.24712245749311604      -48781.60504474743       -334005.2705275961       1.0556927107624932       0.6878320292360184
0.09649386574758978       0.12756496141808618      0.8650065616341616       0.4019391428080491       -144517.3486330109       -216672.6955705769       1.0556927107624932       0.6878320292360184
0.10303895325131446       0.12578636291826908      0.7707890674250892       0.46476614656811327      -215922.96734303897      -169057.32315120872      1.0556927107624932       0.6878320292360184
0.09927342073551167       0.1300436617318396       0.8554540753223258       0.46439134189323256      -151756.9934679935       -169341.38037359546      1.0556927107624932       0.6878320292360184
0.09339057592962678       0.1311949387267603       0.947428330958609        0.4251649350300616       -82051.48193603112       -199070.31633553604      1.0556927107624932       0.6878320292360184
0.10548063938130793       0.1304559999435461       0.8007179047285078       0.5274273996427453       -193240.4797343143       -121567.56997425687      1.0556927107624932       0.6878320292360184
0.10257731014754988       0.13332535930596992      0.8512438494282311       0.5276350949633468       -154947.84233741567      -121410.16170315779      1.0556927107624932       0.6878320292360184
0.09821255369282678       0.13752703002501598      0.9229451966465703       0.5449496025555501       -100606.77645100132      -108287.83089124676      1.0556927107624932       0.6878320292360184
0.10630045904536883       0.1369994423254052       0.8428491370289225       0.5843796930462142       -161310.03269067642      -78404.52704291386       1.0556927107624932       0.6878320292360184
0.10305393787300612       0.1465245518449728       0.9080103169407338       0.6461069227335411       -111925.63325893809      -31622.65214716691       1.0556927107624932       0.6878320292360184
0.11185774533404319       0.14489421780183015      0.8442550386293064       0.6648899300993857       -160244.52702781025      -17387.373726187623      1.0556927107624932       0.6878320292360184
0.1099612262681248        0.15563746432121026      0.887621763702786        0.7152071840122819       -127377.7238794697       20747.100954990776       1.0556927107624932       0.6878320292360184
0.11784603400711435       0.15091649519268452      0.8374992719403916       0.7188944735235865       -165364.59208931663      23541.626442300418       1.0556927107624932       0.6878320292360184
0.11280419591545074       0.165632275871745        0.9005164080927184       0.7562773648375981       -117605.1220029463       51873.39758369094        1.0556927107624932       0.6878320292360184
0.12105587665450752       0.16081875333551204      0.8625616152947322       0.768808008658613        -146370.32623069946      61370.130461016786       1.0556927107624932       0.6878320292360184
0.11946497637889573       0.1723036043191838       0.908173082430911        0.7865875008188042       -111802.27643833573      74844.86409415037        1.0556927107624932       0.6878320292360184
0.12911831067978238       0.17029930430258608      0.8887998334596876       0.8268249234702543       -126484.88756938418      105340.02939060786       1.0556927107624932       0.6878320292360184
0.12651529621461619       0.18177657529158275      0.9472173923858596       0.8133846038813012       -82211.34820527784       95153.87082243308        1.0556927107624932       0.6878320292360184
0.13670142426830487       0.1794022405870651       0.9470732702327047       0.8760753704192421       -82320.57560091425       142665.99168306775       1.0556927107624932       0.6878320292360184
0.1340977220419826        0.18964562434238516      1.0056856136170451       0.830972457733084        -37899.41285892708       108483.36548380957       1.0556927107624932       0.6878320292360184
0.1419647553052199        0.1869747626768904       1.022819287606135        0.892482309273948        -24914.132341361772      155100.49368179584       1.0556927107624932       0.6878320292360184
0.09887598398033977       0.1052922285447487       0.08973028577050013      0.37890634055332445      -103936.95365961175      -652156.6564716763       0.22687186519298655      1.239406776156987
0.09997316003384152       0.10425104734652742      0.13715178270998835      0.4386756150215398       -67997.11724657968       -606858.6780115208       0.22687186519298655      1.239406776156987
0.100247340688583         0.10558509197123776      0.16471681851229833      0.38270982520528457      -47106.109130185876      -649274.0689319925       0.22687186519298655      1.2394067761569867
0.09776796506096352       0.10632186326357447      0.01442863591411712      0.28856140807614566      -161006.61936255684      -720627.3354576122       0.22687186519298655      1.239406776156987
0.09917764487189698       0.106546716965981        0.13118402231168422      0.30675733648254383      -72519.96756361854       -706836.9928384479       0.22687186519298655      1.2394067761569867
0.0966492247824735        0.10733983859195483      -0.18798059867353634     0.03513217386427614      -314408.6679914715       -912696.4561662441       0.22687186519298655      1.239406776156987
0.09815592344741134       0.1073270629447865       0.10638472781020636      0.19825863339305422      -91314.8737783893        -789066.0638658392       0.22687186519298655      1.239406776156987
0.10105937290375046       0.10319843384616213      0.17262526203082207      0.4856345375326505       -41112.45256763293       -571269.417821461        0.22687186519298655      1.239406776156987
0.101393213056045         0.10465870875051485      0.1971656862190149       0.4364641767377224       -22513.739162286278      -608534.6843649122       0.22687186519298655      1.2394067761569867
0.09774899352211364       0.1085612555176171       0.21626987095981468      0.09857082778893493      -8035.046613528936       -864617.5259033608       0.22687186519298655      1.239406776156987
0.10213450347458496       0.10213450347458493      0.2022748145287575       0.5254397991367048       -18641.629517589696      -541101.779034074        0.22687186519298655      1.239406776156987
0.10260570804730852       0.10373116285501884      0.22734766341371906      0.4799002965672277       360.5982797329004        -575615.28827159         0.22687186519298655      1.2394067761569867
0.09912310631922802       0.11008736238687929      0.32105575155275184      0.18379908292151645      71380.14797029516        -800024.677829801        0.22687186519298655      1.239406776156987
0.09959793199571695       0.10824219143372255      0.22740443572673982      0.2440955589732792       403.6249190091621        -754327.1434742765       0.22687186519298658      1.2394067761569867
0.10334194540093199       0.1009126152705933       0.23217136129156168      0.5649712523117568       4016.3857142116562       -511141.6543654295       0.22687186519298655      1.239406776156987
0.10397631686850295       0.10278138850233418      0.2585679281669472       0.5179319850346918       24021.83380408492        -546791.8063014569       0.22687186519298655      1.2394067761569867
0.1005263050272163        0.1116457724327632       0.3925018147186285       0.2371419438352899       125527.73900508108       -759597.1540531795       0.22687186519298655      1.239406776156987
0.10106404873478618       0.10970168637844757      0.3248709117632306       0.27532330656624704      74271.5841902247         -730660.2368502439       0.22687186519298655      1.2394067761569867
0.10483981935900585       0.09935555282303556      0.2672292271111047       0.6087302405873586       30586.064949605305       -477977.5625141804       0.22687186519298655      1.239406776156987
0.10562625141631152       0.1016146400134892       0.2928382294582273       0.5567626746928799       49994.63309816015        -517362.7767644666       0.22687186519298655      1.2394067761569867
0.10172322971857961       0.11297509197429938      0.43756682235292893      0.27191573818320086      159681.63769780935       -733242.7670982698       0.22687186519298655      1.239406776156987
0.10240165120724654       0.11112521916489265      0.38765269262088203      0.3020596366324476       121852.68304549785       -710397.2888018045       0.22687186519298655      1.2394067761569867
0.1067192179763568        0.09733407478635024      0.3106708418273701       0.6574937822338401       63509.62551144945        -441020.61634415644      0.22687186519298655      1.239406776156987
0.10802512769395384       0.09987094561589711      0.3400085491922987       0.6029119848267419       85744.10715960126        -482387.1061545379       0.22687186519298658      1.2394067761569867
0.10301504026124249       0.11440979292976906      0.47653803876312345      0.30309572072250557      189217.1697453638        -709612.0606856538       0.22687186519298655      1.239406776156987
0.10377665776437106       0.11246517245694598      0.43319539598950046      0.3280519167994028       156368.61810684807       -690698.2417979932       0.22687186519298655      1.2394067761569867
0.10883684982438004       0.09496027443255065      0.3629203345607263       0.7063595999090696       103108.50666648615       -403986.1571477751       0.22687186519298655      1.239406776156987
0.11034178897410712       0.09749835826199976      0.3865870005318887       0.649825924650221        121045.01559893966       -446831.937474431        0.22687186519298655      1.2394067761569867
0.11127292208258933       0.09209370451448885      0.43317889646526114      0.756655206704162        156356.11343617493       -365868.0883989881       0.22687186519298655      1.239406776156987
0.11219454417364061       0.09559268486192563      0.4281872402830407       0.6785658605394437       152573.03364752923       -425050.4952796027       0.22687186519298655      1.2394067761569867
0.10452024899131149       0.11608149658281383      0.5128084115131565       0.3343014421331769       216705.7845594273        -685961.8472796686       0.22687186519298655      1.239406776156987
0.10542305815999407       0.11384287071067077      0.4711542359460082       0.3564226774700174       185136.88959785923       -669196.5903693959       0.22687186519298655      1.2394067761569867
0.11407113871770938       0.08860411340138277      0.5472307003548154       0.8122855289395989       242793.77228174638       -323706.9418772512       0.22687186519298655      1.239406776156987
0.11510076594030502       0.09120633370549941      0.5228780303019065       0.7313213338075052       224337.35410838248       -385068.14125215344      0.22687186519298655      1.239406776156987
0.11685441466751739       0.08489970184112482      0.7475845223608205       0.8021447866984812       394638.06342274393       -331392.41451674956      0.22687186519298655      1.239406776156987
0.1171234105244692        0.0891809988249879       0.5980059609740875       0.7210978328377969       281275.3613976341        -392816.3351332671       0.22687186519298655      1.239406776156987
0.10643164323759624       0.11820431495351019      0.5486484443880123       0.36870437769268544      243868.2530956623        -659888.5270360128       0.22687186519298655      1.239406776156987
0.10749860081916895       0.11546230812444946      0.5063207266116525       0.38734865057726126      211788.89350563198       -645758.3927982297       0.22687186519298655      1.2394067761569867
0.12074142185959205       0.08772377787282976      0.6357288507246387       0.6357549764795324       309864.81078578084       -457496.0372618356       0.22687186519298655      1.239406776156987
0.10887704332048409       0.12092020688932978      0.5824316965148196       0.40703418469819513      269471.9272370964        -630839.1067851307       0.22687186519298655      1.239406776156987
0.11016072265559251       0.1175306823255367       0.5397216730365278       0.4208715331652712       237102.8255411867        -620352.0477002725       0.22687186519298655      1.2394067761569867
0.1255965927197901        0.091251265983496        0.5897082260119191       0.5904439084439507       274986.66837051243       -491836.4203791499       0.22687186519298655      1.239406776156987
0.11884931143722223       0.09347106730410278      0.5406980423007431       0.6516569858378591       237842.79694443845       -445444.2115738771       0.22687186519298658      1.2394067761569867
0.11199801899115912       0.12438640152765892      0.6117236625155762       0.44959279762804943      291671.7423890019        -598584.7562188404       0.22687186519298655      1.239406776156987
0.11350991641922475       0.12020457196763557      0.5693538026212895       0.45648765213309983      259560.44410192198       -593359.2791884681       0.22687186519298655      1.2394067761569867
0.13172062017399594       0.09570063237164894      0.5649132543739143       0.5527277166499999       256195.0383704561        -520420.79351538443      0.22687186519298655      1.239406776156987
0.12439778260341217       0.09843528059379746      0.5382600909291515       0.5803760240021806       235995.12069774093       -499466.6755000342       0.22687186519298655      1.2394067761569867
0.11598024762637234       0.12880911448683788      0.6342991287264641       0.49685340532966094      308781.252103606         -562766.8546510387       0.22687186519298655      1.239406776156987
0.11766250662578032       0.12363831033388151      0.5927247122518556       0.4944636977119719       277272.8050174391        -564577.9678886557       0.22687186519298655      1.2394067761569867
0.13902156352107498       0.10100507820785967      0.5424148828413774       0.5317949403904821       239143.95722321226       -536285.3402503316       0.22687186519298655      1.239406776156987
0.13029663622680393       0.1048922836708581       0.5377552415552013       0.5496610584606638       235612.5051102122        -522744.95451350854      0.22687186519298658      1.2394067761569867
0.12106239763245309       0.13445341388583043      0.6487248920422356       0.549910596337806        319714.2594349335        -522555.8345771474       0.22687186519298655      1.239406776156987
0.12286295170353544       0.12793834921678973      0.6068988201702061       0.5365987733605845       288015.0875846936        -532644.6080456668       0.22687186519298655      1.2394067761569867
0.14691581863171715       0.10674059027266487      0.5122909368991827       0.530348443171055        216313.6005463869        -537381.6125486199       0.22687186519298655      1.239406776156987
0.1382160628702046        0.11003231354001711      0.5312671868490016       0.5470942218691647       230695.33378858224       -524690.3103784908       0.22687186519298655      1.2394067761569867
0.1274506838812183        0.14154832454202032      0.6560113256765034       0.6112927998876475       325236.5067225752        -476035.44832557533      0.22687186519298655      1.239406776156987
0.12927258364610714       0.13327383054587325      0.610750807059616        0.585117881524503        290934.4340331449        -495872.9132899623       0.22687186519298655      1.2394067761569867
0.15526744126408337       0.11280839929293102      0.47035420581087983      0.5450561648489218       184530.56221391563       -526234.914421704        0.22687186519298655      1.239406776156987
0.1463705066554386        0.11634719486196954      0.5081259110198569       0.5648848367739466       213157.00789495662       -511207.1470321079       0.22687186519298655      1.2394067761569867
0.13490078287836849       0.14982249772497175      0.661464186851702        0.6839043721902648       329369.1248655596        -421004.5404320701       0.22687186519298655      1.239406776156987
0.13696824341366357       0.1399436306672226       0.6052549057331095       0.6461843428629096       286769.19659095985       -449591.821960736        0.22687186519298655      1.2394067761569867
0.16409115966643506       0.11921920596738304      0.4135721473924026       0.5730760366238834       141496.5370889946        -504999.1949084362       0.22687186519298655      1.239406776156987
0.15543458088485262       0.12287807752786808      0.465881092245868        0.5989866292432662       181140.47585732964       -485362.05731884023      0.22687186519298655      1.2394067761569867
0.14280219145767714       0.15859790097793067      0.6766575355337819       0.7723315284915196       340883.87031733          -353987.306961097        0.22687186519298655      1.239406776156987
0.145906865418541         0.14760694882767786      0.5907666134391948       0.7287378780353891       275788.79975507065       -387026.09247306566      0.22687186519298655      1.2394067761569867
0.17342367169125034       0.12599967284653277      0.33713360531632447      0.6117108380307178       83565.24273592001        -475718.6252928581       0.22687186519298655      1.239406776156987
0.16455417390171828       0.12941282989267675      0.40550484379451923      0.6458039547139435       135382.4835412509        -449880.11079026706      0.22687186519298655      1.2394067761569867
0.15117616110661194       0.1678981364688375       0.715736286169042        0.8961568017017892       370500.90047664987       -260142.5245271977       0.22687186519298655      1.239406776156987
0.15701185969169043       0.15595098916416392      0.5560324233180082       0.8590773285249644       249464.4280784968        -288244.34092403104      0.22687186519298658      1.2394067761569867
0.183258946842908         0.13314541851884645      0.23226738065650177      0.6534252385091771       4089.15693593908         -444104.087034469        0.22687186519298655      1.239406776156987
0.17253612332463475       0.1361785266252889       0.3340038525465176       0.7056420703000827       81193.26357415659        -404529.95897675166      0.22687186519298655      1.2394067761569867
0.1596695797598934        0.17733103351885554      0.8212370309288944       1.0698836566831058       450457.8768023969        -128478.29729821952      0.22687186519298655      1.239406776156987
0.16255391305966718       0.16724038702191257      0.6015814591111385       1.0382419563551082       283985.1623620508        -152458.93070314         0.22687186519298655      1.2394067761569867
0.1932839869519939        0.14042903650305688      0.09195839027395865      0.6707715724843207       -102248.31630032253      -430957.63562176895      0.22687186519298655      1.239406776156987
0.1819716851207646        0.14341809979495698      0.2142514676957719       0.7803134623627889       -9564.755454601405       -347937.9534799297       0.22687186519298658      1.2394067761569867
0.16728265158971456       0.1857862063693486       0.920163852285813        1.820805770288006        525432.6035801229        440631.0658314644        0.22687186519298655      1.239406776156987
0.1674974467111183        0.17489763918076282      0.6358335831470909       1.2314949829519501       309944.1854654725        -5996.195225249959       0.22687186519298655      1.239406776156987
0.17491583512830589       0.17861816990823545      0.4331578165452477       1.4412402525933645       156340.1373720315        152965.69264890996       0.22687186519298655      1.239406776156987
0.18224215685533587       0.17113677648219003      0.2479095654603917       1.259565018548592        15944.066613539142       15277.542479373848       0.22687186519298655      1.239406776156987
0.17286383383438364       0.16876400636453676      0.43562512808519066      1.1734341439787712       158210.0651231248        -49999.38342831647       0.22687186519298655      1.2394067761569867
0.18924876391295514       0.16335515099750758      0.10258887361236972      1.1326892289376322       -94191.67834430275       -80879.16740287177       0.22687186519298655      1.239406776156987
0.1792281656800371        0.16193518017323202      0.27929238489873354      1.0769130173859898       39728.49919340827        -123150.88061898194      0.22687186519298655      1.2394067761569867
0.19592336433149057       0.15528694506953872      -0.0650595034910226      1.005386079325512        -221249.14461734568      -177359.7651739956       0.22687186519298655      1.239406776156987
0.18599803321066466       0.15447986338921946      0.13931034991718882      0.9595510171587113       -66361.18086076053       -212097.2733205224       0.22687186519298655      1.2394067761569867
0.20225424859373686       0.14694631307311828      -0.368192955787582       0.7273105618259234       -450988.1319959584       -388107.8278544545       0.22687186519298655      1.239406776156987
0.1923424226667948        0.1486546258567182       0.025420451397553372     0.8306509272075037       -152676.13475425728      -309788.16132397327      0.22687186519298655      1.239406776156987
0.10046297751949998       0.10670525930701477      0.20036926034054275      0.3389981910097696       -20085.812224179437      -682402.2720407589       0.22687186519298655      1.239406776156987
0.10160153415277616       0.10605873975340864      0.22727024671955062      0.3899052812116497       301.9256628055591        -643820.7718309769       0.22687186519298655      1.2394067761569867
0.10174585228112824       0.1077637182349738       0.27434229693135614      0.3405996528226563       35976.92315175199        -681188.5550707883       0.22687186519298658      1.2394067761569867
0.10284511861095841       0.10651685791064028      0.27436218665004125      0.4013643049872188       35991.99718530171        -635136.1990838846       0.22687186519298655      1.239406776156987
0.10286970125413128       0.10515824539370439      0.25207489457223803      0.4402033396456397       19100.889079038752       -605700.8450324317       0.22687186519298655      1.2394067761569867
0.10298944557818107       0.10934585461745396      0.3451778969255997       0.34163426829983945      89661.85594205721        -680404.4399879641       0.22687186519298655      1.2394067761569867
0.10363540433876044       0.10774492915855279      0.31925170817698684      0.3879448013864136       70012.89834741331        -645306.5816167782       0.22687186519298655      1.2394067761569867
0.10418586053118398       0.10613219949675852      0.3016739244234578       0.4345323707674224       56691.03561896303        -609998.7627899962       0.22687186519298655      1.2394067761569867
0.10420601399413656       0.10446961341518639      0.2798746169369944       0.47588011539036473      40169.761607292494       -578662.105921222        0.22687186519298655      1.2394067761569867
0.10427065796818596       0.11066289508620988      0.39531724703709914      0.35524572194523474      127661.50076901102       -670088.5822244837       0.22687186519298655      1.2394067761569867
0.10489329965523315       0.10893993173540253      0.3667839912685811       0.3920182361433821       106036.69744489207       -642219.4041075693       0.22687186519298655      1.2394067761569867
0.1054737401974637        0.10734090874984252      0.34810239864925574      0.4298951084135747       91878.27930110779        -613513.2543425144       0.22687186519298655      1.2394067761569867
0.10587019020218173       0.10554903834752799      0.3308323034121925       0.47061753822633773      78789.60775517249        -582650.5114881621       0.22687186519298655      1.2394067761569867
0.10591173121749427       0.10363804890920283      0.31248391422746685      0.5121203448618399       64883.718057444086       -551196.3361156512       0.22687186519298655      1.2394067761569867
0.10580717902792613       0.11013664492009406      0.4023647111898228       0.3931353771166278       133002.63770314865       -641372.7445455571       0.22687186519298655      1.239406776156987
0.10584915337284326       0.11177254417182045      0.4337927713814802       0.3775106681640034       156821.3573759672        -653214.4096130922       0.22687186519298655      1.2394067761569867
0.1067373198578175        0.10878484066030675      0.3914477447664138       0.42668141753864375      124728.87975146396       -615948.848572584        0.22687186519298655      1.2394067761569867
0.10752036659960541       0.10689451310050646      0.37720528886261423      0.46601943114356087      113934.79756642565       -586135.3280171611       0.22687186519298655      1.2394067761569867
0.1079253923984005        0.10481996506599528      0.3628698271250319       0.5056361625622414       103070.2280567068        -556110.5726151278       0.22687186519298655      1.2394067761569867
0.10795905158338759       0.10262538685777473      0.3482649899464782       0.5470398680360647       92001.50410423482        -524731.5040985566       0.22687186519298655      1.2394067761569867
0.10761643082204031       0.11060654024942601      0.43014715691161093      0.4186794248352113       154058.41659745757       -622013.404255139        0.22687186519298655      1.2394067761569867
0.10788104438119027       0.11286561030755209      0.4672560919385315       0.40459211354433383      182182.56156131657       -632689.9053352219       0.22687186519298655      1.2394067761569867
0.10916937280826455       0.10880369147255091      0.4227530881206632       0.45941896821288125      148454.5947039297        -591137.691360554        0.22687186519298655      1.2394067761569867
0.10996764701649764       0.10633297177691813      0.4081269635527165       0.4991928955111515       137369.73745027953       -560993.8002381854       0.22687186519298655      1.2394067761569867
0.11032336777123647       0.10387983140404154      0.39637739251260173      0.5379535562957831       128464.96454435738       -531617.8442316031       0.22687186519298655      1.2394067761569867
0.1098899317981857        0.10176003122284068      0.38039861721943125      0.5710769810557208       116354.95943739207       -506514.2405045718       0.22687186519298655      1.239406776156987
0.1109087400194749        0.09989415293271614      0.3948102301891688       0.6051361800051926       127277.24249482536       -480701.43159714935      0.22687186519298655      1.239406776156987
0.1103133357625402        0.11126184775309024      0.4627861240694801       0.4492339359394839       178794.85926692854       -598856.7305598952       0.22687186519298655      1.2394067761569867
0.11058568735055488       0.1142475508358557       0.5003872586036852       0.4345743872253747       207292.03272874808       -609966.9193282138       0.22687186519298655      1.2394067761569867
0.1126481284257142        0.10842350463207745      0.4558463021489298       0.49684515408164087      173535.30230105677       -562773.1081125104       0.22687186519298658      1.2394067761569867
0.11224381929695121       0.10522466267534883      0.43067687327484094      0.5291137474981406       154459.8783957657        -538317.3645465175       0.22687186519298655      1.239406776156987
0.11447883995727677       0.09384325475905186      0.4821082522075712       0.6933342110949119       193438.72690612945       -413857.8476976184       0.22687186519298655      1.239406776156987
0.11310783424553895       0.10233651567052762      0.431379191376892        0.5702731542994054       154992.1517175007        -507123.4452743676       0.22687186519298658      1.2394067761569867
0.11323292571426137       0.09883293185435428      0.43428101837811145      0.6206221075008792       157191.39034246074       -468964.9463147625       0.22687186519298655      1.2394067761569867
0.11532088160359764       0.09655040365485426      0.47234813010481036      0.6458813123589329       186041.71891643974       -449821.48292557185      0.22687186519298655      1.239406776156987
0.11367784674454666       0.11221067739229214      0.49478070700151844      0.4769193204605619       203042.9355802499        -577874.512474517        0.22687186519298655      1.2394067761569867
0.11409909171956954       0.11614038177333164      0.5318517991956326       0.46551390144050186      231138.40019219587       -586518.4592129784       0.22687186519298655      1.2394067761569867
0.11727045744323976       0.10941352414403928      0.49696177107478307      0.5176396096928867       204695.92190625085       -547013.3919247257       0.22687186519298655      1.2394067761569867
0.11587925398496239       0.10531831742076679      0.47025116234213254      0.5434222248803899       184452.46755960863       -527473.2459584052       0.22687186519298655      1.2394067761569867
0.11807092281122146       0.09980214465478593      0.4910331441708264       0.596234091021795        200202.73010857333       -487448.1528616809       0.22687186519298658      1.2394067761569867
0.11813600352250879       0.11402020019129935      0.5268589328017791       0.5018689999343823       227354.40320753297       -558965.6323944366       0.22687186519298655      1.2394067761569867
0.12138885971818165       0.11097947310648623      0.5224420261741102       0.5268703510527208       224006.91500291944       -540017.5913732001       0.22687186519298655      1.239406776156987
0.11853071369994059       0.11862785805802557      0.5571159793925131       0.4970203658395968       250285.63429456684       -562640.3185060032       0.22687186519298655      1.2394067761569867
0.12185261225143933       0.10549428957789295      0.5128617459721586       0.5516390122694979       216746.20571555741       -521245.90153311146      0.22687186519298658      1.2394067761569867
0.12575521660671568       0.1101688895299181       0.5313982700384918       0.5405923531388737       230794.67920555174       -529617.9510821118       0.22687186519298655      1.239406776156987
0.12393000876700482       0.11580046208928149      0.5455621667282304       0.5274541083681896       241529.22287990822       -539575.1729811862       0.22687186519298658      1.2394067761569867
0.12361255290586859       0.12202933659516989      0.5743637828306243       0.5278416890781603       263357.4113167229        -539281.43304862         0.22687186519298655      1.2394067761569867
0.13066077020055067       0.11283219760985136      0.5397478020339336       0.5457442828680366       237122.62820354453       -525713.4030685005       0.22687186519298655      1.2394067761569867
0.12847801196707917       0.1191267326641096       0.5567033901655086       0.5446807500182176       249972.94089007043       -526519.4340694019       0.22687186519298655      1.239406776156987
0.1297651911080089        0.12548074066545947      0.5768532189279383       0.5616642296505773       265244.10684243205       -513647.9829532564       0.22687186519298655      1.2394067761569867
0.13645434329422998       0.11974529042212576      0.5433353827428787       0.5658943370870857       239841.58631578152       -510442.0662469226       0.22687186519298658      1.2394067761569867
0.13752603413776343       0.13027852429791695      0.567004016189133        0.6042631557912004       257779.5863595983        -481363.07978331967      0.22687186519298655      1.2394067761569867
0.14602349137773768       0.12617317252901722      0.5193821921109891       0.6069753275217926       221687.92587822097       -479307.5772240918       0.22687186519298655      1.2394067761569867
0.14675250957364783       0.13713165839994246      0.5426177035758846       0.6677981481617343       239297.67113968046       -433211.13647343236      0.22687186519298655      1.2394067761569867
0.15559449608134748       0.13296800451622734      0.47503117599588957      0.6632583149288079       188075.14756457144       -436651.7883773995       0.22687186519298655      1.2394067761569867
0.15699803670608126       0.14419769589875475      0.4950293639820687       0.7532919857341472       203231.38790210173       -368417.0085994079       0.22687186519298655      1.2394067761569867
0.16359772715190998       0.1378296652184188       0.4195077492947193       0.7150761642103032       145995.01510318197       -397380.0414557768       0.22687186519298655      1.239406776156987
0.16837970905221653       0.14720842809339008      0.3903250084964393       0.8218098496423981       123877.97962215445       -316488.64321323705      0.22687186519298658      1.2394067761569867
0.16939525512606382       0.15914779888771635      0.42917738633879005      0.9821350152157214       153323.44621493612       -194981.2974845658       0.22687186519298655      1.2394067761569867
0.17714727624437077       0.1537362210644309       0.2882268957730436       0.9331991841441635       46499.79238271659        -232068.81848146286      0.22687186519298655      1.239406776156987
0.11685441466751739       0.08489970184112482      1.0834154252702524       0.7886829720522626       215429.43560532643       -140550.32664055424      0.7991629817190828       0.9741347589783791
0.1199169545441883        0.0805160705253744       0.9066247181854513       0.7422190808246923       81443.17405648153        -175764.4121841349       0.7991629817190828       0.9741347589783791
0.12174617087008574       0.0837738299495379       0.9042323469253933       0.7703266586305318       79630.04209577097        -154462.22196442346      0.7991629817190828       0.9741347589783791
0.12323841648757236       0.0753339651262007       0.9080396130894175       0.7592248036583792       82515.49557039468        -162876.10337541113      0.7991629817190828       0.9741347589783791
0.12638147422802878       0.06993308638941988      0.9535358038362732       0.7760169635431722       116996.1796142701        -150149.6497999148       0.7991629817190828       0.9741347589783791
0.1288153329411198        0.07519285416729617      0.9273940605728309       0.7366065366991871       97183.85741705052        -180018.05095030414      0.7991629817190828       0.9741347589783791
0.12519397913507438       0.08001169187521795      0.903956953712585        0.7473227371072725       79421.32689999779        -171896.4496831129       0.7991629817190828       0.9741347589783791
0.12074142185959205       0.08772377787282976      0.8762177483189951       0.8192700491287588       58398.31901508725        -117368.9718240914       0.7991629817190828       0.9741347589783791
0.12928798104144892       0.06440133196002962      1.045430916901566        0.7914518354988642       186641.71052060337       -138451.85852496792      0.7991629817190828       0.9741347589783791
0.1320509463013431        0.06965707526905639      0.9836969846288444       0.7204332515389886       139854.75586487018       -192275.47132782967      0.7991629817190828       0.9741347589783791
0.13195250590189728       0.058749040725868576     1.2591327144989133       0.7747506855167785       348602.17449794384       -151109.3374533872       0.7991629817190828       0.9741347589783791
0.13374441563686207       0.06464932853589542      1.0641356563464928       0.6925529773225113       200817.67119634626       -213405.39254835303      0.7991629817190828       0.9741347589783791
0.1255965927197901        0.091251265983496        0.835879692331951        0.771572974534755        27826.885657679133       -153517.6632177035       0.7991629817190828       0.9741347589783791
0.1257817198477032        0.08563847739507584      0.879687923199762        0.7601349556124183       61028.29751826524        -162186.31679231566      0.7991629817190828       0.9741347589783791
0.13812115884323703       0.06149550196506589      1.0781098885549134       0.5776802764108732       211408.4718243659        -300465.1933883725       0.7991629817190828       0.9741347589783791
0.13172062017399594       0.09570063237164894      0.8129474118539796       0.7331487076218762       10446.95330320803        -182638.67280754648      0.7991629817190828       0.9741347589783791
0.13197629216479773       0.08850258221454455      0.85057754137196         0.727612268537115        38966.10150308814        -186834.63303357945      0.7991629817190828       0.9741347589783791
0.14573420131566414       0.06488504685626267      0.9739528074880194       0.5451744367968638       132469.83225379713       -325100.74126419117      0.7991629817190828       0.9741347589783791
0.13950813455686797       0.06913023317737652      0.9762439989835762       0.6321423816061909       134206.28202564458       -259189.4159930125       0.7991629817190828       0.9741347589783791
0.13902156352107498       0.10100507820785967      0.7908321874741583       0.7125024513216199       -6313.748018863145       -198286.0716005369       0.7991629817190828       0.9741347589783791
0.1395230397801201        0.09286969339006282      0.8177698336353094       0.6968767684431981       14101.773608792262       -210128.47478761888      0.7991629817190828       0.9741347589783791
0.15436416437888578       0.06872735396516207      0.888937405588547        0.5160686597355241       68038.30153358215        -347159.4474158242       0.7991629817190828       0.9741347589783791
0.14716525037363937       0.07328518884495322      0.9027979875071613       0.5886504117695616       78542.9688025231         -292151.1397277894       0.7991629817190828       0.9741347589783791
0.14691581863171715       0.10674059027266487      0.7607389571984243       0.7111348102215214       -29120.825885461993      -199322.5803693765       0.7991629817190828       0.9741347589783791
0.14763132322257486       0.0980684612720415       0.7781914991617597       0.6813446187674703       -15893.881490302078      -221899.99096731073      0.7991629817190828       0.9741347589783791
0.16350731229281812       0.07279814569046364      0.8115924900998602       0.4945364420491716       9420.084280966004        -363478.29922779434      0.7991629817190828       0.9741347589783791
0.15566495048158782       0.07735633634666243      0.8340400311655722       0.5596584928851215       26432.641999377363       -314123.55496673187      0.7991629817190828       0.9741347589783791
0.15526744126408337       0.11280839929293102      0.7187755938892525       0.7259812699617564       -60924.04826363219       -188070.73534521833      0.7991629817190828       0.9741347589783791
0.15614034603470808       0.10357897239482895      0.7303014860259976       0.6807139610464771       -52188.79727740836       -222377.95427062092      0.7991629817190828       0.9741347589783791
0.17319111235748424       0.07710965126204566      0.7345050068377601       0.47758335098449417      -49003.03006035299       -376326.71943555836      0.7991629817190828       0.9741347589783791
0.16472391457502103       0.08171974775316124      0.7640510718305813       0.5407997845680802       -26610.63819120095       -328416.2056761859       0.7991629817190828       0.9741347589783791
0.16409115966643506       0.11921920596738304      0.6617588262163626       0.7542578015058875       -104135.95499821608      -166640.4983512071       0.7991629817190828       0.9741347589783791
0.16509377665052272       0.10932222021009515      0.6710634053118705       0.6915240557353828       -97084.19425326558       -214185.1923419028       0.7991629817190828       0.9741347589783791
0.1834480141619021        0.08167631816776538      0.6534481689689468       0.4623732333746659       -110434.44157568617      -387854.1737337168       0.7991629817190828       0.9741347589783791
0.17436740968583306       0.08639037377579452      0.6892960194480869       0.5281319760009656       -83266.0482281893        -338016.89306474844      0.7991629817190828       0.9741347589783791
0.17342367169125034       0.12599967284653277      0.5845586516990965       0.7934943558519084       -162644.47586478697      -136903.87180804982      0.7991629817190828       0.9741347589783791
0.1749458891161772        0.11537470740111645      0.5943962463352227       0.7095996584919829       -155188.75293872115      -200486.0422081961       0.7991629817190828       0.9741347589783791
0.19431376708373868       0.08651406305604208      0.5642451001144237       0.4451608361049469       -178039.72418122913      -400899.1171048463       0.7991629817190828       0.9741347589783791
0.1845378613420372        0.0913250447999054       0.6068821127376327       0.5186718792871142       -145725.95600191844      -345186.5176082573       0.7991629817190828       0.9741347589783791
0.183258946842908         0.13314541851884645      0.4785676180546152       0.8361690823156969       -242973.0326644945       -104561.52103754296      0.7991629817190828       0.9741347589783791
0.18644302596221737       0.12231038369664299      0.48951551786998454      0.7299883736439284       -234675.8308926331       -185033.82887617356      0.7991629817190828       0.9741347589783791
0.2058137258394358        0.09163417457394349      0.4592060623404259       0.4194257151374459       -257646.7817019343       -420403.26811934944      0.7991629817190828       0.9741347589783791
0.19521914241168417       0.0965063780736262       0.5126484256442619       0.5104612205530502       -217143.8469861322       -351409.2172442903       0.7991629817190828       0.9741347589783791
0.1932839869519939        0.14042903650305688      0.3268851619803312       0.8685751454511089       -357930.23582897824      -80001.59182731024       0.7991629817190828       0.9741347589783791
0.1941639536662978        0.13057104682163595      0.39625963202312464      0.7569102795800625       -305352.6652018773       -164630.23646097936      0.7991629817190828       0.9741347589783791
0.21770952525725162       0.09693052570943168      0.32559988855272287      0.36626447234873255      -358904.3197300664       -460693.1470275976       0.7991629817190828       0.9741347589783791
0.20690136690450198       0.10206721940454186      0.39103450783120536      0.5062818749656529       -309312.6858847964       -354576.6625258312       0.7991629817190828       0.9741347589783791
0.20225424859373686       0.14694631307311828      0.12478384935349385      0.5738788702555424       -511098.9163524145       -303346.20567561465      0.7991629817190828       0.9741347589783791
0.20030598423607943       0.13640464233459063      0.3212976436319545       0.7489054162324141       -362164.90804212494      -170696.96774932885      0.7991629817190828       0.9741347589783791
0.2082303101774974        0.1383478873108772       0.340308790335383        0.6745827775098232       -347756.7272245257       -227024.65982710713      0.7991629817190828       0.9741347589783791
0.21384106504011374       0.12950675234330367      0.34769300735423253      0.7009273236883908       -342160.3717987486       -207058.63721838445      0.7991629817190828       0.9741347589783791
0.20394413693555005       0.12964442367372364      0.3586599878275922       0.7038177793087779       -333848.7091648082       -204868.01674327813      0.7991629817190828       0.9741347589783791
0.2190766700109777        0.12043841852540713      0.2922685037233762       0.6946503503752256       -384165.5323762032       -211815.83403003283      0.7991629817190828       0.9741347589783791
0.20779298717262656       0.1212501590207265       0.3560690087798835       0.6667246708306033       -335812.36213095277      -232980.1670715894       0.7991629817190828       0.9741347589783791
0.22838636441065024       0.10168416076895004      -0.1697138722679975      0.44728747392612156      -734293.0502827065       -399287.37938386475      0.7991629817190828       0.9741347589783791
0.21813436576027756       0.10516319119798899      0.24401112495386018      0.4987814876711202       -420738.8674801383       -360261.0611593004       0.7991629817190828       0.9741347589783791
0.2239279400598751        0.11115879479618752      0.165645548647223        0.6541055205700692       -480130.62384893076      -242543.9772696056       0.7991629817190828       0.9741347589783791
0.2130703514977478        0.11225008149968836      0.30777340498567823      0.6030019809664608       -372414.66724264546      -281274.362685828        0.7991629817190828       0.9741347589783791
0.13456833940373114       0.07463561738432076      0.9349364712288958       0.6938125511441593       102900.104744392         -212450.78588214144      0.7991629817190828       0.9741347589783791
0.13239492854364412       0.08142812829755595      0.8905380134209304       0.715257660915582        69251.37128822708        -196197.95147609286      0.7991629817190828       0.9741347589783791
0.1401420124928947        0.07775735428814892      0.9000088043412794       0.6571269323047986       76429.10076424309        -240254.10768532913      0.7991629817190828       0.9741347589783791
0.139839711553803         0.08526155155396267      0.8543247659611323       0.6787269830678122       41806.05062805128        -223883.84649499823      0.7991629817190828       0.9741347589783791
0.1478878775197641        0.0815772356586425       0.8484364120006286       0.621854159262175        37343.380916199414       -266986.66095338674      0.7991629817190828       0.9741347589783791
0.1477487338675599        0.08958326540574338      0.8092804939962582       0.6525460022947108       7667.867098597111        -243725.9060427742       0.7991629817190828       0.9741347589783791
0.15626312084509664       0.08594862242175401      0.7897338980100569       0.5998970401341264       -7146.12038627977        -283627.53735951317      0.7991629817190828       0.9741347589783791
0.15644172168600456       0.09463502108919404      0.7547559249086846       0.6392935706034858       -33655.250473988046      -253769.66800299403      0.7991629817190828       0.9741347589783791
0.165374140001177         0.09073165176001109      0.724028150500364        0.5875961938987165       -56943.237080163635      -292950.111086079        0.7991629817190828       0.9741347589783791
0.16551237125932508       0.09991027204941323      0.692439335798925        0.6371474195494168       -80883.78949039185       -255396.1944262178       0.7991629817190828       0.9741347589783791
0.1749617059633082        0.09580172799623897      0.650556148310848        0.5825593804587577       -112626.24816264003      -296767.41468798916      0.7991629817190828       0.9741347589783791
0.1750658214059657        0.10539389197421584      0.6193029302649427       0.6422694369701984       -136312.45835090024      -251514.3163732644       0.7991629817190828       0.9741347589783791
0.1849593564106301        0.11088777984637255      0.5354834278366423       0.6503454779704865       -199837.63996502946      -245393.6409170326       0.7991629817190828       0.9741347589783791
0.18493282719609472       0.10107293461811036      0.567617024636321        0.5819635205529142       -175484.2077269781       -297219.00539944274      0.7991629817190828       0.9741347589783791
0.1932421545379944        0.11510677319526011      0.46316700331862687      0.6555943056722011       -254644.86105442984      -241415.65580195864      0.7991629817190828       0.9741347589783791
0.1948576958044516        0.10652647997545617      0.47740287853969327      0.5868410188254324       -243855.7662417053       -293522.44368518825      0.7991629817190828       0.9741347589783791
0.19736042123341696       0.1223889410338979       0.41265134598518705      0.6922615938435905       -292929.70185515983      -213626.2264579032       0.7991629817190828       0.9741347589783791
0.20258877907822787       0.11342270605327824      0.3989982951373581       0.6196362146150792       -303277.0853347644       -268667.59835381294      0.7991629817190828       0.9741347589783791
0.13640572291709702       0.04750149845493443      1.2462517984750503       0.4487030094902183       41797.3193634809         28614.829754124163       1.1911015348651859       0.41094663113572105
0.13827522822353588       0.04174775275064579      1.238929043087045        0.42036605963399093      36247.5445203674         7138.8028885729145       1.1911015348651859       0.41094663113572105
0.1416586155312658        0.04580522998963615      1.2130852315353706       0.4360949231873195       16661.019011870147       19059.404715859604       1.1911015348651859       0.41094663113572105
0.13990215179342658       0.03592076730206392      1.2583569142562474       0.39527919779969606      50971.55276003914        -11874.045052338703      1.1911015348651859       0.41094663113572105
0.14364377814918933       0.04047363986782689      1.2165406469980267       0.39603357295830177      19279.811637193354       -11302.318693110845      1.1911015348651859       0.41094663113572105
0.1412836394499909        0.030030764621717162     1.3380607417055947       0.36487486910363837      111377.54381673981       -34916.89840171172       1.1911015348651859       0.41094663113572105
0.14416388460146906       0.03511906844572682      1.2441498711294177       0.3548171933179678       40204.30923454054        -42539.41657935522       1.1911015348651859       0.41094663113572105
0.13429691562168844       0.05317191038980146      1.2893015794635798       0.48602161155001755      74423.91671275697        56897.87731172625        1.1911015348651859       0.41094663113572105
0.13986637700030538       0.051650826482380896     1.223045481648011        0.48661276318151714      24209.700154052698       57345.899713012004       1.1911015348651859       0.41094663113572105
0.13195250590189728       0.058749040725868576     1.4645436184907092       0.5883249712283694       207236.47265880695       134431.6172532395        1.1911015348651859       0.41094663113572105
0.1375388687562925        0.05616915926253627      1.2479152621167815       0.5535218399604112       43058.02632174364        108054.99641337451       1.1911015348651859       0.41094663113572105
0.14788851392432883       0.031434674030244525     1.2263806719411898       0.2915439181645521       26737.37644601233        -90493.00946640146       1.1911015348651859       0.41094663113572105
0.13812115884323703       0.06149550196506589      1.1903649266242071       0.6420173700795749       -558.2611555904926       175124.04908005366       1.1911015348651859       0.41094663113572105
0.15603991916244941       0.03316730870043844      1.1447929367223093       0.28552360978668545      -35096.39191473796       -95055.68488199683       1.1911015348651859       0.41094663113572105
0.15087737696313128       0.03822938520738715      1.171839219435304        0.3474226695275259       -14598.536743147499      -48143.583308209796      1.1911015348651859       0.41094663113572105
0.14573420131566414       0.06488504685626267      1.0909554036087419       0.59917091729505         -75898.81819520394       142651.55024857432       1.1911015348651859       0.41094663113572105
0.14435126765281814       0.05699126174860877      1.1583197751371388       0.5331060323690762       -24844.66239985496       92582.25024492686        1.1911015348651859       0.41094663113572105
0.16528015739481328       0.035131381968121586     1.0646340525367697       0.27590195097466214      -95847.26168073509       -102347.7542185549       1.1911015348651859       0.41094663113572105
0.15971147502487784       0.04086034057913537      1.090521706494192        0.3373337168317993       -76227.50885989598       -55789.80565175825       1.1911015348651859       0.41094663113572105
0.15436416437888578       0.06872735396516207      1.0064433125826977       0.5690707010811139       -139948.89932771408      119839.17787437078       1.1911015348651859       0.41094663113572105
0.15329591392639297       0.060916700325694136     1.0577130392003846       0.5198251746090241       -101092.56398402376      82516.94471629523        1.1911015348651859       0.41094663113572105
0.17506987078055491       0.03721224978512982      0.9879142328225937       0.26474009688134054      -153991.73092183095      -110807.10780437702      1.1911015348651859       0.41094663113572105
0.16925849808474586       0.04330381555624649      1.01105052614221         0.32455572957607465      -136457.1811759219       -65473.99533991931       1.1911015348651859       0.41094663113572105
0.16350731229281812       0.07279814569046364      0.9292591506566451       0.5472938276789364       -198445.28456074526      103334.90622178528       1.1911015348651859       0.41094663113572105
0.1612723817304934        0.06435916950556611      0.983711891621461        0.5041688874817537       -157176.6041347787       70651.34716024243        1.1911015348651859       0.41094663113572105
0.18543846899315186       0.03941616337053737      0.9141323215946521       0.25177911127458363      -209909.6160775183       -120629.98840751166      1.1911015348651859       0.41094663113572105
0.17931410632505967       0.04513484117114544      0.9367413828330164       0.30559247608115775      -192774.6453405988       -79845.87882001784       1.1911015348651859       0.41094663113572105
0.17319111235748424       0.07710965126204566      0.8522271160266373       0.5303064147822          -256826.3754549919       90460.47416055373        1.1911015348651859       0.41094663113572105
0.17135862970456528       0.06783462202363273      0.9030730492937241       0.48137939413830627      -218291.22490462288      53379.63041657815        1.1911015348651859       0.41094663113572105
0.1964206963218751        0.041750507851009325     0.8435879651439028       0.23630560816606636      -263373.8210126296       -132357.05748688467      1.1911015348651859       0.41094663113572105
0.18953713729003388       0.04812583704752621      0.8644122328131489       0.2925548939386429       -247591.5108420141       -89726.81045786473       1.1911015348651859       0.41094663113572105
0.1834480141619021        0.08167631816776538      0.7711437472488821       0.5151423490489829       -318277.89423367195      78967.92169002078        1.1911015348651859       0.41094663113572105
0.1820846670445605        0.07234585716784422      0.8185535405437848       0.46418465532537007      -282346.9277867731       40348.07004870727        1.1911015348651859       0.41094663113572105
0.20805483019200244       0.04422341934445234      0.7768222490268601       0.21742959869540157      -313974.2674369036       -146662.82040643576      1.1911015348651859       0.41094663113572105
0.2002244143229611        0.05094902297061879      0.7962642259378798       0.2744969194199199       -299239.5687280118       -103412.60049063743      1.1911015348651859       0.41094663113572105
0.19431376708373868       0.08651406305604208      0.6817696180181786       0.4982776400017795       -386012.8201936733       66186.48450588256        1.1911015348651859       0.41094663113572105
0.19224522049036477       0.07631898987100137      0.7411240834289025       0.4445300687115292       -341029.21750465623      25452.23855337128        1.1911015348651859       0.41094663113572105
0.22036801830028774       0.046840668271945676     0.713841481950527        0.19403606127446893      -361706.1741031785       -164392.33048713414      1.1911015348651859       0.41094663113572105
0.21129127617659282       0.05370621541814952      0.7331138536863233       0.2526531120056559       -347100.01588005223      -119967.60013791129      1.1911015348651859       0.41094663113572105
0.2058137258394358        0.09163417457394349      0.5756492137040071       0.4744506521200784       -466439.4245246775       48128.47069462816        1.1911015348651859       0.41094663113572105
0.20340310174206355       0.08086935680037259      0.6543201654600131       0.4169508500991439       -406816.2300022377       4550.481559213561        1.1911015348651859       0.41094663113572105
0.23310503927937873       0.0495480056571802       0.6518377758773873       0.1611321220033455       -408697.5851105936       -189329.5904023476       1.1911015348651859       0.41094663113572105
0.22430972641463412       0.057541145650468556     0.6659931619404801       0.22993626176036336      -397969.4914757586       -137184.26208084766      1.1911015348651859       0.41094663113572105
0.21770952525725162       0.09693052570943168      0.4318226262948662       0.4424941849516803       -575442.8165923125       23909.28158222619        1.1911015348651859       0.41094663113572105
0.21520846398941132       0.0854165106635054       0.561081039960581        0.36261619663713984      -477480.36196795304      -36628.70262965847       1.1911015348651859       0.41094663113572105
0.24453690018345145       0.05197792270443983      0.4706805129401222       0.22184202132292039      -545993.1749842314       -143318.73053891124      1.1911015348651859       0.41094663113572105
0.23558954874398272       0.057691901995953275     0.6169632170820539       0.21211311363795265      -435128.3394935757       -150692.08172437482      1.1911015348651859       0.41094663113572105
0.24214579028216995       0.06217247179116574      0.6062069262747033       0.2587960834392972       -443280.3244998793       -115311.960762024        1.1911015348651859       0.41094663113572105
0.23932987438302386       0.07225794923609423      0.6306227212629364       0.24183252755905224      -424776.06515751925      -128168.31205134105      1.1911015348651859       0.41094663113572105
0.2326053758835575        0.0655745382887319       0.6272424322354911       0.24282210046938255      -427337.9209089345       -127418.33385977482      1.1911015348651859       0.41094663113572105
0.236094092559362         0.08221666168466908      0.6045758082870935       0.2078220438673367       -444516.5173117565       -153944.20060602116      1.1911015348651859       0.41094663113572105
0.22942718623741967       0.07451264831373022      0.6120121410138621       0.25320056978508293      -438880.66439775046      -119552.69246300687      1.1911015348651859       0.41094663113572105
0.2324441214720446        0.09203113817121547      0.5092267105003874       0.14696166166237146      -516779.7565122649       -200069.10854117468      1.1911015348651859       0.41094663113572105
0.22624035418565358       0.08355029674907939      0.5570391878249837       0.26184872465191833      -480543.6036185569       -112998.42295976354      1.1911015348651859       0.41094663113572105
0.22838636441065024       0.10168416076895004      0.15269701153599663      0.04318543624848892      -786986.727699161        -278719.1049699279       1.1911015348651859       0.41094663113572105
0.2243035910613156        0.09170164759064751      0.4577153868052294       0.2916064841053173       -555819.193613651        -90445.59194858254       1.1911015348651859       0.41094663113572105
0.14494687152267063       0.0502658990487683       1.1766601085178254       0.46447501448838524      -10944.878040380823      40568.12764902106        1.1911015348651859       0.41094663113572105
0.1482139067403328        0.04551504800562635      1.1651276977540928       0.4155194034455758       -19685.069368067503      3465.6157940339763       1.1911015348651859       0.41094663113572105
0.15241830762919917       0.05236647880194666      1.1052508698873926       0.455549852033502        -65064.56047115259       33803.919446197935       1.1911015348651859       0.41094663113572105
0.15443392944095208       0.045322632118565895     1.116478305347258        0.3910562702700484       -56555.50403456786       -15074.52024596855       1.1911015348651859       0.41094663113572105
0.15930729501805246       0.05754629044231056      1.0292816429642617       0.46554977602988545      -122640.16993632498      41382.668658425006       1.1911015348651859       0.41094663113572105
0.16237896910317526       0.050007519924052626     1.0375905923753557       0.3973946232622267       -116342.97769501015      -10270.804961366246      1.1911015348651859       0.41094663113572105
0.1680102359630424        0.05885813035880289      0.9626278549916879       0.4374004762571033       -173155.78818220226      20048.858165978145       1.1911015348651859       0.41094663113572105
0.17367148347310638       0.05185245553378967      0.9515743030855006       0.36866395732468277      -181533.06163264296      -32045.22163889988       1.1911015348651859       0.41094663113572105
0.18302073930684248       0.053083302624810855     0.8873675671967964       0.34368760704165185      -230194.10637780046      -50974.31501003809       1.1911015348651859       0.41094663113572105
0.1800860688389928        0.06153677815707389      0.8742562275532594       0.40663401831937446      -240130.93740077972      -3268.4459398238687      1.1911015348651859       0.41094663113572105
0.1924949006070198        0.05876660121451909      0.8114080248683292       0.3435626419780939       -287762.37607577007      -51069.02361755738       1.1911015348651859       0.41094663113572105
0.18927151986699947       0.06788936900643525      0.794212588408721        0.4080272676504425       -300794.4651765761       -2212.5291874479035      1.1911015348651859       0.41094663113572105
0.20354764535024236       0.05912155694805635      0.7514585477140742       0.30478091475382135      -333196.92667040986      -80460.94547176927       1.1911015348651859       0.41094663113572105
0.20095025304292455       0.06861897502754868      0.7266308393354282       0.36328508677308424      -352013.3672137697       -36121.76371765381       1.1911015348651859       0.41094663113572105
0.21378625006982083       0.06583330879652838      0.6796066937640746       0.29599107120455553      -387652.05870116863      -87122.59809019812       1.1911015348651859       0.41094663113572105
0.2109116991753825        0.0751849715906357       0.6475510722549023       0.3474118811567433       -411946.39497291937      -48151.759606009524      1.1911015348651859       0.41094663113572105
0.22423240535939426       0.06809026252482157      0.6384276424402581       0.26433403231721353      -418860.8661774556       -111114.85629292596      1.1911015348651859       0.41094663113572105
0.21996466979436832       0.07542317407070863      0.6163826420214243       0.298159150514891        -435568.34611612355      -85479.45266517361       1.1911015348651859       0.41094663113572105
0.14433990943750077       0.00537625739470038      1.298691388200271        0.09712071668849642      35185.61874862512        -32042.283577135404      1.2522650580237407       0.1393995138183676
0.14444                   0                        1.384198069719262        0.051390026950839544     99989.48080163356        -66700.68987594446       1.2522650580237407       0.1393995138183676
0.1477374478460856        0.0036449042903937217    1.2825224745096184       0.054796124584408454     22931.511423417367       -64119.27428053446       1.2522650580237407       0.1393995138183676
0.1433471280188889        0.01773455634450032      1.2697640105269876       0.16314740331973585      13262.11804677158        17998.06667687088        1.2522650580237407       0.1393995138183676
0.14397898097956052       0.011531115994877755     1.2724081109050591       0.1298913355451918       15266.030642967982       -7206.064628451849       1.2522650580237407       0.1393995138183676
0.14839136921251242       0.014618538557955469     1.2401870934677992       0.14043840611527067      -9153.656007460939       787.3564018677085        1.2522650580237407       0.1393995138183676
0.14821612227328074       0.008536391501460357     1.2557890572059225       0.09794029625056112      2670.7709014095212       -31421.140060184513      1.2522650580237407       0.1393995138183676
0.1492684873938772        0                        1.2728937246010876       -0.0021275591834859033   15634.067881806443       -107260.63452177386      1.2522650580237407       0.1393995138183676
0.14244812259902576       0.02390493605958656      1.2890762439893437       0.1999946527689179       27898.486702384427       45923.88519676344        1.2522650580237407       0.1393995138183676
0.1476827577675545        0.021133068827476103     1.242138388780526        0.1884891478378309       -7674.806986258521       37204.085279855506       1.2522650580237407       0.1393995138183676
0.1412836394499909        0.030030764621717162     1.3620416802037119       0.26315030946797013      83197.58121844672        93788.33732947265        1.2522650580237407       0.1393995138183676
0.14625257313478582       0.026263702706582806     1.258499121118357        0.23754263897533798      4724.675985975901        74380.77856770661        1.2522650580237407       0.1393995138183676
0.15528644925766458       0                        1.2058670224724446       -1.2676284536239368E-4   -35164.17479877267       -105744.26962971424      1.2522650580237407       0.1393995138183676
0.1524227201257694        0.004311872555807872     1.2313009389695926       0.04700685732969608      -15888.300833498399      -70022.60945506452       1.2522650580237407       0.1393995138183676
0.14788851392432883       0.031434674030244525     1.2286689403503592       0.2981156150375373       -17883.04174046028       120287.86693954498       1.2522650580237407       0.1393995138183676
0.16286992284346993       0                        1.1372609513941316       1.1764881198324714E-5    -87159.39069509397       -105639.28214191699      1.2522650580237407       0.1393995138183676
0.15905725275260846       0.005519998034939452     1.167886310716393        0.04935082217789782      -63949.02250412535       -68246.16377875523       1.2522650580237407       0.1393995138183676
0.15603991916244941       0.03316730870043844      1.1480744526984419       0.28671086288622605      -78964.04695837165       111644.4256080254        1.2522650580237407       0.1393995138183676
0.15313969181339732       0.025717721315303792     1.1914655891401156       0.22590484122275142      -46078.74290567054       65560.71647709755        1.2522650580237407       0.1393995138183676
0.17190034632913076       0                        1.0654144967580255       2.68825159864076E-5      -141610.43069016002      -105627.8247785628       1.2522650580237407       0.1393995138183676
0.16738750031273733       0.006774031868432626     1.098158680562374        0.05371461304360172      -116794.24635696174      -64938.9309840122        1.2522650580237407       0.1393995138183676
0.16528015739481328       0.035131381968121586     1.0679454109430637       0.2766189624260223       -139692.29972306368      103995.96921072637       1.2522650580237407       0.1393995138183676
0.16210211530160526       0.027209063023857758     1.1121277938864393       0.22191023491856643      -106207.32523250526      62533.281529397085       1.2522650580237407       0.1393995138183676
0.1816495107094978        0                        0.9956551295907158       6.249998510582389E-5     -194479.70741225439      -105600.83098679718      1.2522650580237407       0.1393995138183676
0.17713390046839747       0.00727735698735884      1.025043083128591        0.051838507239295346     -172207.1451603125       -66360.79532933961       1.2522650580237407       0.1393995138183676
0.17506987078055491       0.03721224978512982      0.9912546074969039       0.26543318691711626      -197814.7780951842       95518.48604616134        1.2522650580237407       0.1393995138183676
0.17140868915771254       0.028863250809128715     1.037334168942886        0.21493570278548532      -162891.96866835188      57247.418364001285       1.2522650580237407       0.1393995138183676
0.19196198354021152       0                        0.929352991454774        6.540855578513842E-5     -244728.81704033437      -105598.62663726888      1.2522650580237407       0.1393995138183676
0.1872588640407442        0.007731372312956343     0.9566438560932536       0.04946563152195809      -224045.59795240176      -68159.1519948489        1.2522650580237407       0.1393995138183676
0.18543846899315186       0.03941616337053737      0.9175043978440792       0.2524386531397258       -253708.63723952058      85670.17993260757        1.2522650580237407       0.1393995138183676
0.18135010623139844       0.03057770602703916      0.9647440655569505       0.2056739464130581       -217906.60568465365      50228.11213359819        1.2522650580237407       0.1393995138183676
0.20285700503373033       0                        0.8668627989904674       2.5935276570983785E-5    -292088.9266853738       -105628.54267301639      1.2522650580237407       0.1393995138183676
0.19783474135062715       0.00819417521214572      0.8926796017552707       0.046751440456480296     -272522.8706146741       -70216.1849689758        1.2522650580237407       0.1393995138183676
0.1964206963218751        0.041750507851009325     0.8469592789152397       0.23702049749790213      -307173.4200420466       73985.05762900552        1.2522650580237407       0.1393995138183676
0.19192587506001202       0.032323983318125096     0.8951793384068681       0.19412338737549847      -270628.3684978658       41474.16657977734        1.2522650580237407       0.1393995138183676
0.21439012151680636       0                        0.8080969529196809       -1.2216576429594875E-4   -336626.4261479601       -105740.78559078318      1.2522650580237407       0.1393995138183676
0.208818951254166         0.008587448085210052     0.8337461551403509       0.043513631242437865     -317187.39129184926      -72670.05802232503       1.2522650580237407       0.1393995138183676
0.20805483019200244       0.04422341934445234      0.7801841510365386       0.21836426501329656      -357780.99945865944      59845.859441402834       1.2522650580237407       0.1393995138183676
0.20303425758027324       0.03417064048942816      0.829991195480068        0.18056246398011508      -320033.2026777765       31196.604716606864       1.2522650580237407       0.1393995138183676
0.2265734495779948        0                        0.7511783457886442       -7.041167903403903E-4    -379763.93890419864      -106181.83503093735      1.2522650580237407       0.1393995138183676
0.22034788940743966       0.008907297472410423     0.7791180320551803       0.04095036795549233      -358588.9904386941       -74612.70574881721       1.2522650580237407       0.1393995138183676
0.22036801830028774       0.046840668271945676     0.7169517947170809       0.1959594105863993       -405703.5807519438       42865.65310190265        1.2522650580237407       0.1393995138183676
0.21469208542722656       0.03622931047951701      0.769801776587534        0.16444982088009055      -365649.6004805169       18985.143784966767       1.2522650580237407       0.1393995138183676
0.23894543079667008       0                        0.6900399658755862       -0.005922965397541206    -426099.53593178623      -110137.09956943383      1.2522650580237407       0.1393995138183676
0.23245233795882703       0.009214418635321261     0.7271042146618498       0.0448845100500372       -398009.2578064452       -71631.09545751856       1.2522650580237407       0.1393995138183676
0.23310503927937873       0.0495480056571802       0.6527959660245078       0.17372215184018844      -454326.04391660984      26012.464291079134       1.2522650580237407       0.1393995138183676
0.227968075280555         0.03869365002168546      0.7112323600142603       0.13898823278222402      -410038.2298216831       -311.7019519152735       1.2522650580237407       0.1393995138183676
0.25                      0                        0.5268248481369145       0.10414630284071058      -549797.1205767163       -26717.727556931342      1.2522650580237407       0.1393995138183676
0.24274844635682935       0.007260397355770474     0.6790618983378869       0.05563317145664119      -434419.6012376031       -63484.892626651366      1.2522650580237407       0.1393995138183676
0.24978070752471654       0.01046891343225045      0.6841313627362738       0.11395773912706066      -430577.5521050713       -19281.829538817998      1.2522650580237407       0.1393995138183676
0.249123214812378         0.020919460833054255     0.723369382086235        0.09514554020749538      -400839.81526372954      -33539.23167442192       1.2522650580237407       0.1393995138183676
0.24142175137592603       0.01522778710539882      0.7091318155145089       0.07936252129863751      -411630.19191844476      -45500.876799458034      1.2522650580237407       0.1393995138183676
0.24453690018345145       0.05197792270443983      0.517192645283812        0.020697383796431296     -557097.181038312        -89962.05118346683       1.2522650580237407       0.1393995138183676
0.2384112120523992        0.04288895525679433      0.6626280950489152       0.10955358418893357      -446874.4632720778       -22619.653484272792      1.2522650580237407       0.1393995138183676
0.24802867532861625       0.03133330839110054      0.7215488662199854       0.07306429748948712      -402219.5490689243       -50274.17895148353       1.2522650580237407       0.1393995138183676
0.24037346288810957       0.024554766581653467     0.7197187482742183       0.08673733529039139      -403606.560104686        -39911.647746263276      1.2522650580237407       0.1393995138183676
0.2464990092676179        0.04169218667907434      0.6782768488505037       0.045052864221942684     -435014.57507802587      -71503.50308299997       1.2522650580237407       0.1393995138183676
0.23873577407845062       0.03435345900934929      0.7031097002442497       0.0931356076054999       -416194.2367428777       -35062.520764370194      1.2522650580237407       0.1393995138183676
0.15251766182671667       0.018558957980927656     1.2045117827540166       0.1653860672808616       -36191.28480002172       19694.70684513203        1.2522650580237407       0.1393995138183676
0.154745838442127         0.012041174897151268     1.1958211149783875       0.11048257667758898      -42777.77401554952       -21915.588023964458      1.2522650580237407       0.1393995138183676
0.15914003020342332       0.019617268650155877     1.1494737992101154       0.16549535327541168      -77903.50927060383       19777.53258914803        1.2522650580237407       0.1393995138183676
0.1633985076657445        0.013170214705464887     1.124015884838302        0.10811799645130905      -97197.57076148152       -23707.65769705875       1.2522650580237407       0.1393995138183676
0.16759482292302508       0.02087292530480155      1.080758615988857        0.16235774372165715      -129981.41915216848      17399.598922612844       1.2522650580237407       0.1393995138183676
0.17246536012781258       0.014197199219923478     1.05318650307436         0.1057665160787079       -150877.79087516875      -25489.799244120873      1.2522650580237407       0.1393995138183676
0.17705423508185225       0.02218055542027858      1.0095396306406321       0.1567847638157019       -183956.91229578387      13175.945114114826       1.2522650580237407       0.1393995138183676
0.18230436210362422       0.015094835092195266     0.9831442059031872       0.10146522386222358      -203961.49478137647      -28749.665520007413      1.2522650580237407       0.1393995138183676
0.19265903723791364       0.016013601136352373     0.916757795731426        0.09633214320425847      -254274.47255738545      -32639.92818669573       1.2522650580237407       0.1393995138183676
0.18720182871480745       0.023478725811198243     0.9403099217405062       0.14919958547145998      -236424.7712494411       7427.284982116272        1.2522650580237407       0.1393995138183676
0.20345203302877304       0.016834816023303268     0.8553370091695877       0.08979552517688862      -300824.10012837994      -37593.904711264804      1.2522650580237407       0.1393995138183676
0.19790204354537277       0.024749217526346526     0.875068282654781        0.1397633234496839       -285870.1491347295       275.72429127824336       1.2522650580237407       0.1393995138183676
0.2145513382695249        0.017587766420150287     0.8003643890506681       0.08283344306180836      -342486.7869218991       -42870.33224853481       1.2522650580237407       0.1393995138183676
0.20894588673903558       0.02589832771947612      0.816083214870437        0.1283533085706983       -330573.79249896214      -8371.705559877135       1.2522650580237407       0.1393995138183676
0.22530971802762756       0.01806075978767205      0.7561387556403911       0.0769002712933015       -376004.54010578315      -47366.96851125458       1.2522650580237407       0.1393995138183676
0.22043355223289587       0.02723795025904809      0.7642866954544923       0.11622494199471527      -369829.3739275476       -17563.56028463061       1.2522650580237407       0.1393995138183676
0.2340523387146956        0.018948765794343004     0.7290147593677833       0.07839810309883392      -396561.29288288637      -46231.79072187007       1.2522650580237407       0.1393995138183676
0.23113420965340584       0.026957887125787616     0.7309130328851826       0.09874767841866422      -395122.6280560552       -30809.240712480416      1.2522650580237407       0.1393995138183676
